0.00821715
0.00908369
0.00747237
0.00770419
0.00803562
0.0077103
0.00805272
0.00979056
0.0113828
0.00929843
0.00953666
0.0103205
0.0131158
0.0105358
0.0147432
0.0114402
0.011898
0.0085685
0.0074748
0.0119169
0.0139891
0.0143096
0.0127898
0.00984572
0.00817865
0.00749649
0.00762077
0.0119779
0.0123153
0.0116345
0.0110313
0.00833793
0.0124282
0.00926161
0.0125191
0.0123346
0.0114444
0.0110692
0.0160091
0.0133014
0.0125396
0.0123172
0.0115125
0.0115995
0.0117798
0.0134142
0.0104017
0.0119578
0.0118137
0.0108307
0.00956982
0.0119823
0.0100539
0.00951227
0.00882166
0.00875959
0.010621
0.0109191
0.0121195
0.0106424
0.0113283
0.00913774
0.00960066
0.00871352
0.00797691
0.00990211
0.00837224
0.00933078
0.0113912
0.0084318
0.00810227
0.0103945
0.0130017
0.00838865
0.00961832
0.0109105
0.00813426
0.0101109
0.00882163
0.00951257
0.0144393
0.01376
0.0134144
0.0104016
0.0133476
0.0131605
0.0133019
0.0160091
0.0147018
0.0131077
0.0124282
0.00926152
0.0134295
0.00998494
0.011836
0.00762111
0.00749663
0.00848684
0.00885041
0.0088603
0.00762161
0.00712777
0.0107098
0.0130795
0.0106152
0.0130575
0.0130441
0.00715042
0.011079
0.00591014
0.00818856
0.00761652
0.00918008
0.00907857
0.0102409
0.0102408
0.010208
0.0116731
0.0105043
0.0126492
0.0104139
0.0082152
0.0103719
0.0109333
0.0118422
0.0138685
0.0101691
0.010054
0.011983
0.0132936
0.0151531
0.0117804
0.00953622
0.0131699
0.0135567
0.00979109
0.00805214
0.0141741
0.0144394
0.00833818
0.00770461
0.0118634
0.00916369
0.00817894
0.00984512
0.00959617
0.011668
0.0113404
0.00784339
0.0153702
0.014277
0.00659615
0.00813557
0.0107417
0.00931868
0.0123532
0.0106945
0.010602
0.0088556
0.00679012
0.0104718
0.0103773
0.0106194
0.0103209
0.0107552
0.0108029
0.0108038
0.010686
0.0111008
0.00945056
0.0111312
0.0126366
0.0133752
0.00929839
0.00942026
0.0105604
0.01208
0.0123704
0.012751
0.00945137
0.0103198
0.0126619
0.012432
0.00929841
0.0113823
0.012675
0.0118072
0.00803611
0.00829419
0.0115349
0.00922668
0.00779512
0.00947743
0.0121863
0.0134081
0.0128374
0.00848386
0.0152935
0.0145812
0.014932
0.0110392
0.0118837
0.0145232
0.00968433
0.00827992
0.00928891
0.0086774
0.00924842
0.00837663
0.00884692
0.0101935
0.0107012
0.00980603
0.00939416
0.0111932
0.0111956
0.0109381
0.0106941
0.01069
0.0106894
0.0107558
0.0107558
0.0105559
0.0106156
0.0106632
0.0124558
0.010535
0.0109171
0.0128973
0.00989144
0.0106816
0.0100754
0.0121175
0.0123401
0.0112839
0.0109025
0.0117009
0.0121445
0.0111985
0.0109206
0.0107858
0.0113118
0.01148
0.0113552
0.0095501
0.00931157
0.0126827
0.0130922
0.0151225
0.0118325
0.0155988
0.0120173
0.0162115
0.0129631
0.0100865
0.0100563
0.0119597
0.0115037
0.00876857
0.010282
0.0114928
0.00804569
0.0085791
0.0079877
0.00937855
0.00937855
0.00948825
0.0100239
0.0100314
0.0100012
0.0106897
0.011463
0.0108409
0.0106977
0.0106895
0.0106889
0.0106889
0.0107552
0.0108531
0.0102445
0.010464
0.01024
0.0132275
0.00829519
0.0100482
0.00869798
0.011378
0.00976532
0.00787582
0.0109813
0.0110539
0.0112811
0.0105605
0.0112717
0.0112717
0.0112126
0.0111094
0.0108927
0.0108926
0.0117558
0.0111817
0.0109064
0.0110516
0.0131433
0.0113576
0.0113004
0.00946326
0.00847183
0.00980653
0.0113141
0.0139562
0.00975771
0.00763085
0.013402
0.0124473
0.0114619
0.0120608
0.009749
0.00909318
0.0112104
0.0105859
0.0100526
0.0102259
0.00976792
0.00815002
0.00818674
0.0081158
0.0103257
0.010932
0.0107298
0.010874
0.0107271
0.01069
0.01069
0.0106894
0.0106977
0.0108415
0.0113514
0.0106742
0.00881177
0.0109209
0.0134934
0.0101634
0.00838278
0.0103752
0.0114895
0.00852307
0.0111885
0.0115874
0.0108491
0.0107698
0.0111811
0.0112832
0.0111926
0.0110982
0.0112681
0.0112681
0.0112717
0.0111774
0.0108964
0.0108056
0.0115437
0.0115417
0.00911349
0.0112578
0.00861194
0.0111783
0.0117282
0.012141
0.0127308
0.00969005
0.0108772
0.0122294
0.0119554
0.0126403
0.0103442
0.00811544
0.00818627
0.00814993
0.0101083
0.0106007
0.0109998
0.0109905
0.0115837
0.00921799
0.00960226
0.0114342
0.0110407
0.0107429
0.0106935
0.0106894
0.0106894
0.010693
0.0107423
0.0110412
0.0114348
0.0129963
0.0127606
0.012996
0.0127601
0.0128169
0.0121245
0.0128169
0.0121242
0.0113814
0.0120125
0.0113823
0.0120129
0.0112711
0.01138
0.0112714
0.0113804
0.0112678
0.0112678
0.0112681
0.0112681
0.0117463
0.0111639
0.0117465
0.0111643
0.013172
0.0132446
0.013172
0.0132448
0.0136008
0.0105549
0.0136011
0.0105551
0.0113971
0.0111449
0.0113967
0.0111444
0.0121773
0.0102466
0.0108685
0.0098264
0.00997661
0.00997665
0.00982585
0.0108679
0.0102467
0.0121773
0.0106742
0.0113509
0.010841
0.0106983
0.01069
0.01069
0.01069
0.0107265
0.0108734
0.0107303
0.0109321
0.0101632
0.0134937
0.00881194
0.0109211
0.00852282
0.0114897
0.010375
0.00838304
0.0107688
0.0107383
0.0115871
0.0111883
0.0110218
0.0109502
0.0112828
0.0111808
0.0109508
0.0109508
0.0112678
0.0112678
0.0112146
0.010754
0.0108056
0.0108961
0.0107081
0.00828416
0.0112577
0.00911342
0.00983694
0.0129489
0.0121411
0.0117282
0.0130239
0.0119558
0.0108767
0.0122288
0.00960227
0.00921803
0.0115837
0.0109905
0.0109998
0.0106002
0.0101077
0.0081499
0.00818624
0.00811577
0.0103443
0.0104641
0.010245
0.0108525
0.0107546
0.0106894
0.0106894
0.0106894
0.0106977
0.0108403
0.0113508
0.0106736
0.00829469
0.010048
0.0134931
0.0101632
0.00787531
0.00951818
0.0114893
0.00865129
0.0104051
0.011
0.0110531
0.0108492
0.0108896
0.0109536
0.0112709
0.0112709
0.0109501
0.0109501
0.0112676
0.0112676
0.0105866
0.0100258
0.0110673
0.0115415
0.00839593
0.00903429
0.00915063
0.0110562
0.00963465
0.0125181
0.0132241
0.0108668
0.0122695
0.0122352
0.0119558
0.0129958
0.0103263
0.00811578
0.00818624
0.00814993
0.0101077
0.0105996
0.0109992
0.0109905
0.0115837
0.00921802
0.00960229
0.0108877
0.0107048
0.0107593
0.0107265
0.01069
0.01069
0.0106941
0.0107435
0.0110419
0.0113059
0.0107265
0.011115
0.013079
0.0127662
0.010147
0.0108974
0.0128169
0.012761
0.0111183
0.0106466
0.0113824
0.0120128
0.0105085
0.0106073
0.0112716
0.0113806
0.0109503
0.0109503
0.0112683
0.0112683
0.0105849
0.0110783
0.0121197
0.0115377
0.0109168
0.0138174
0.0132829
0.0138568
0.0123264
0.0102589
0.013399
0.00997806
0.00877228
0.0107225
0.0108734
0.0103096
0.010435
0.0100314
0.0103966
0.00982638
0.0103336
0.0103336
0.0107558
0.0112562
0.0103487
0.0119024
0.0109846
0.0103692
0.0107423
0.0106936
0.0106895
0.0106889
0.0107265
0.0107593
0.01062
0.0106516
0.0143602
0.0134906
0.0104476
0.0108234
0.0116927
0.0141252
0.0109187
0.0100002
0.00936237
0.00973544
0.0113117
0.011326
0.0111878
0.0106271
0.0109657
0.0108931
0.0112681
0.0112681
0.0109502
0.0109502
0.0120443
0.0115375
0.0110783
0.0105848
0.0138064
0.0138612
0.0138099
0.0109169
0.0131197
0.00959043
0.0103885
0.0124838
0.0103711
0.0100561
0.00901547
0.0107225
0.0114449
0.0103487
0.0112557
0.0107546
0.0103331
0.010333
0.00982641
0.0103971
0.0100314
0.010435
0.00844086
0.0101758
0.0101338
0.0106977
0.0106894
0.0106888
0.0106888
0.0107552
0.0108531
0.0102444
0.0104641
0.00865634
0.0123846
0.00829519
0.0100482
0.0137646
0.0127472
0.0095182
0.00787579
0.0104558
0.0127522
0.011
0.0104051
0.0113589
0.0112199
0.0109542
0.0108896
0.0109503
0.0109503
0.0109507
0.0109507
0.0112253
0.0112958
0.0100258
0.0105871
0.0114361
0.0110186
0.00903438
0.00839599
0.0114207
0.011513
0.0125178
0.00963444
0.0101539
0.0115008
0.0122695
0.0122352
0.00910716
0.00882358
0.0110744
0.0109905
0.0109986
0.0105996
0.0101077
0.00815002
0.00818671
0.00811578
0.0103263
0.00870447
0.0109741
0.0105196
0.0107759
0.01069
0.01069
0.0106895
0.0106977
0.0108415
0.0113514
0.0106742
0.00701801
0.00688198
0.0134933
0.0101633
0.00929817
0.00829716
0.0114895
0.00852266
0.0126718
0.0110608
0.0107384
0.0107692
0.011341
0.0107552
0.0109497
0.0110219
0.0107558
0.0107558
0.0109503
0.0109503
0.0107797
0.0102437
0.0107541
0.0112142
0.0101457
0.00780779
0.00828407
0.0107081
0.00920049
0.0123592
0.0129493
0.00983668
0.0128205
0.00988805
0.0119554
0.0130239
0.0101013
0.0077575
0.00771142
0.0078043
0.0101077
0.0106002
0.0109998
0.0109905
0.0115837
0.00921803
0.00960227
0.0113391
0.0104439
0.0110324
0.0107552
0.0106894
0.0106894
0.010693
0.0107423
0.0110412
0.0113065
0.00848914
0.0109334
0.0130782
0.0127661
0.00761416
0.00968779
0.0128169
0.0127602
0.0107781
0.0107553
0.0113817
0.0120129
0.0106888
0.0106888
0.0112709
0.0113798
0.0106894
0.0106894
0.0112676
0.0112676
0.0103367
0.00976268
0.0121196
0.0115369
0.00818725
0.00845894
0.0132829
0.0138567
0.00896241
0.0116145
0.0133993
0.00997752
0.0121785
0.0125096
0.0108723
0.0103096
0.0105829
0.0100867
0.0101118
0.00925657
0.010333
0.010333
0.0107546
0.0112556
0.0103487
0.0119024
0.0104445
0.010148
0.0107558
0.0107558
0.01069
0.01069
0.0107265
0.0107593
0.0106211
0.0105334
0.0101836
0.0102793
0.0105791
0.0108741
0.00986929
0.0101484
0.0109185
0.01059
0.0107558
0.0107558
0.0113124
0.0113261
0.00973611
0.00901367
0.00940627
0.00823518
0.0106894
0.0106894
0.0109662
0.0108936
0.0107177
0.00813166
0.00813569
0.00810557
0.00940697
0.00981879
0.01069
0.01069
0.0109507
0.0109507
0.0112561
0.0104615
0.00942297
0.00942297
0.00957391
0.00989557
0.010333
0.010333
0.0114429
0.0109501
0.010616
0.0104675
0.00810497
0.00813566
0.00799175
0.0100206
0.0101448
0.0106756
0.0139123
0.0115334
0.00890778
0.00949652
0.0095683
0.00993214
0.0103172
0.0104134
0.00999628
0.0121614
0.0104227
0.0105767
0.00866116
0.0100345
0.0104382
0.0100621
0.0107558
0.0104602
0.01069
0.01069
0.0107552
0.0107552
0.0101486
0.0101578
0.0101475
0.0101475
0.0107552
0.0107552
0.0106895
0.0106895
0.0107546
0.0107546
0.010148
0.010148
0.0100788
0.0100782
0.0100784
0.0100778
0.0101484
0.0101478
0.0102226
0.0101486
0.00826097
0.0136819
0.0103906
0.0109617
0.0153353
0.00900609
0.00405197
0.0107553
0.0107553
0.0108577
0.0107558
0.0137349
0.00995764
0.0131961
0.00975702
0.0118321
0.0106889
0.0106889
0.0107587
0.0107259
0.0139924
0.0133217
0.0107792
0.010477
0.0106895
0.0106895
0.0107552
0.0107552
0.0127435
0.0124135
0.0105143
0.0105143
0.0106889
0.0106889
0.0107546
0.0107546
0.014268
0.0120938
0.0108464
0.0110392
0.0107553
0.0107553
0.0113239
0.0108359
0.0123342
0.00901166
0.00954795
0.0140028
0.0126663
0.0101478
0.0101484
0.0106561
0.0105006
0.0063055
0.0104857
0.00879165
0.0168063
0.0122465
0.0129374
0.00410237
0.0100788
0.0100782
0.0100238
0.0100778
0.0101475
0.0101475
0.0107552
0.0107552
0.0106895
0.0106895
0.0107546
0.0107546
0.010148
0.010148
0.0101475
0.010148
0.0107558
0.0107558
0.01069
0.01069
0.0107552
0.0107552
0.0101486
0.0101486
0.0100783
0.0100783
0.0100778
0.0100784
0.00687283
0.0103662
0.00687676
0.015333
0.0137737
0.0133657
0.0043208
0.0101478
0.0101478
0.0101486
0.010148
0.0078379
0.0080882
0.0133378
0.00469869
0.0107553
0.0107558
0.0107558
0.0107559
0.0135817
0.0100438
0.0135656
0.00964198
0.0106894
0.0106894
0.0106894
0.0106894
0.0125213
0.0147275
0.0100003
0.00799703
0.01069
0.01069
0.01069
0.01069
0.0124139
0.012744
0.0102562
0.00989832
0.0106894
0.0106894
0.0106894
0.0106894
0.0134534
0.0139928
0.0111466
0.0102861
0.0107558
0.0107559
0.0107553
0.0107558
0.0136493
0.00981328
0.0126341
0.0108902
0.0101484
0.0101478
0.010148
0.010148
0.00842146
0.00735408
0.0103127
0.00395995
0.0100783
0.0100788
0.0100778
0.0100778
0.00989475
0.0149386
0.0113072
0.0099134
0.015251
0.00846566
0.00372483
0.0101481
0.010148
0.0107558
0.0107558
0.01069
0.01069
0.0107552
0.0107552
0.0101486
0.010148
0.010148
0.0101475
0.0107552
0.0107552
0.0106895
0.0106895
0.0107546
0.0107546
0.010148
0.010148
0.00515756
0.00613578
0.00895869
0.0117806
0.0100202
0.0103714
0.0100788
0.0100788
0.0100784
0.0100778
0.00658874
0.00589598
0.0145616
0.0159733
0.0101484
0.0101484
0.010148
0.0101486
0.0105733
0.00874403
0.0168086
0.0115944
0.0107558
0.0107553
0.0107553
0.0107553
0.0117148
0.0121922
0.00918327
0.00946929
0.0106889
0.0106889
0.0106889
0.0106889
0.0122629
0.011881
0.00818953
0.00798727
0.0106895
0.0106895
0.0106895
0.0106895
0.0121054
0.0112309
0.0103977
0.00982695
0.0106889
0.0106889
0.0106889
0.0106889
0.0111386
0.00853966
0.0109261
0.0107552
0.0107553
0.0107553
0.0107558
0.0107553
0.0105812
0.0136753
0.011075
0.0106661
0.0101478
0.0101484
0.0101486
0.0101486
0.0140776
0.0099385
0.00940957
0.00843619
0.0100788
0.0100782
0.0100784
0.0100784
0.0095256
0.0112979
0.00868744
0.00863897
0.0101475
0.0101475
0.0107552
0.0107552
0.0106895
0.0106895
0.0107546
0.0107546
0.010148
0.0101486
0.00887236
0.0092136
0.0118358
0.010529
0.00858899
0.00768295
0.0101475
0.010148
0.0107558
0.0107558
0.01069
0.01069
0.0107552
0.0107552
0.0101486
0.0101486
0.00767052
0.0108622
0.00990815
0.0101588
0.00847506
0.00820776
0.00811723
0.0105906
0.0100782
0.0100783
0.0100778
0.0100784
0.00977437
0.00829035
0.0127971
0.0130711
0.0101478
0.0101478
0.0101486
0.010148
0.00904838
0.00961933
0.00980477
0.0122773
0.0107553
0.0107558
0.0107558
0.0107558
0.0110278
0.0116433
0.00837672
0.00884787
0.0106894
0.0106894
0.0106894
0.0106894
0.0115302
0.0112826
0.00973479
0.00973426
0.01069
0.01069
0.01069
0.01069
0.0108965
0.0103496
0.0103336
0.0103336
0.0106894
0.0106894
0.0106894
0.0106894
0.00863932
0.00891842
0.0106894
0.0106894
0.0107558
0.0107558
0.0107553
0.0107558
0.0101125
0.0132398
0.0103204
0.0107558
0.0101484
0.0101478
0.010148
0.010148
0.013721
0.0148191
0.00786634
0.00941875
0.0100782
0.0100788
0.0100778
0.0100778
0.0127958
0.0102721
0.00794747
0.00950371
0.010148
0.010148
0.0107558
0.0107558
0.01069
0.01069
0.0107552
0.0107552
0.0101486
0.010148
0.00992352
0.0072701
0.0077308
0.00812488
0.0101934
0.0102557
0.00980993
0.0094441
0.010148
0.0101475
0.0107552
0.0107552
0.0106894
0.0106894
0.0107546
0.0107546
0.010148
0.010148
0.0130119
0.0113515
0.0106563
0.0103376
0.00982696
0.0103977
0.0100316
0.0104121
0.0100783
0.0100788
0.0100784
0.0100778
0.0116828
0.0143389
0.0104229
0.0107357
0.0101478
0.0101484
0.010148
0.0101486
0.0124585
0.0098317
0.0103172
0.0104142
0.0107558
0.0107553
0.0107553
0.0107553
0.0113819
0.0118567
0.0101448
0.0106755
0.0106889
0.0106889
0.0106889
0.0106889
0.0112716
0.0113806
0.0103325
0.010333
0.0106894
0.0106894
0.0106894
0.0106894
0.0109308
0.0108933
0.0106894
0.0106894
0.0106889
0.0106889
0.0106889
0.0106889
0.0113686
0.0106771
0.0106889
0.0106889
0.0107553
0.0107553
0.0107558
0.0107553
0.0116451
0.0119041
0.0107558
0.0107552
0.0101478
0.0101484
0.010148
0.0101486
0.0124143
0.0120404
0.00955087
0.0101486
0.0100788
0.0100783
0.0100778
0.0100784
0.014331
0.0134236
0.00991507
0.0100106
0.0101475
0.0101475
0.0107552
0.0107552
0.0106894
0.0106894
0.0107546
0.0107546
0.010148
0.0101486
0.0124399
0.0100667
0.0105696
0.00925712
0.0103973
0.0104016
0.0101486
0.0102476
0.0101475
0.0101475
0.0107552
0.0107552
0.0106894
0.0106894
0.0107546
0.0107546
0.010148
0.0101486
0.0109288
0.0116657
0.0108409
0.0106977
0.0106889
0.0107552
0.0107552
0.010148
0.0101486
0.0100788
0.0100782
0.0100778
0.0100784
0.010223
0.0137704
0.0100778
0.0100784
0.0101484
0.0101478
0.0101486
0.010148
0.00865199
0.0112944
0.0101486
0.010148
0.0107553
0.0107553
0.0107553
0.0107558
0.0108495
0.0110531
0.0107552
0.0107558
0.0106889
0.0106889
0.0106889
0.0106889
0.0112709
0.0112709
0.0106889
0.0106889
0.0106894
0.0106894
0.0106894
0.0106894
0.0112676
0.0112676
0.0106894
0.0106894
0.0106889
0.0106889
0.0106889
0.0106889
0.011274
0.0107087
0.0106889
0.0106889
0.0107553
0.0107558
0.0107553
0.0107553
0.0106485
0.00880669
0.0107552
0.0107552
0.0101484
0.0101478
0.0101486
0.010148
0.010534
0.0131039
0.0101486
0.010148
0.0100782
0.0100788
0.0100784
0.0100778
0.0132132
0.0127613
0.0100784
0.0100778
0.010148
0.0101475
0.0107552
0.0107552
0.0106894
0.0106894
0.0107546
0.0107546
0.010148
0.010148
0.00997276
0.00944114
0.0115027
0.0109743
0.0107039
0.0107552
0.0107552
0.010148
0.010148
0.010148
0.010148
0.0107558
0.0107558
0.01069
0.01069
0.0107552
0.0107552
0.0101486
0.010148
0.0109321
0.0107303
0.010874
0.010727
0.0106894
0.0106894
0.0107558
0.0107558
0.0101486
0.0104445
0.0100782
0.0100788
0.0100784
0.0100778
0.00881179
0.0109206
0.0101837
0.0102783
0.0101478
0.0101484
0.010148
0.0101486
0.00838298
0.0103752
0.010148
0.00987004
0.0107558
0.0107558
0.0107558
0.0107553
0.0111883
0.0115877
0.0107558
0.0107552
0.0106894
0.0106894
0.0106894
0.0106894
0.0111813
0.0112833
0.0106894
0.0106894
0.01069
0.01069
0.01069
0.01069
0.0112683
0.0112683
0.01069
0.01069
0.0106894
0.0106894
0.0106894
0.0106894
0.0108966
0.0108056
0.010333
0.010333
0.0107558
0.0107553
0.0107558
0.0107558
0.00911349
0.0112578
0.0106761
0.0101448
0.0101478
0.0101484
0.010148
0.0101486
0.0117279
0.0121408
0.0104137
0.0103178
0.0100788
0.0100782
0.0100778
0.0100784
0.0108772
0.0122288
0.0104223
0.0105768
0.0101475
0.010148
0.0107558
0.0107558
0.01069
0.01069
0.0107552
0.0107552
0.0101486
0.0101486
0.0103438
0.00811579
0.00818625
0.0081499
0.0101077
0.0106002
0.0104607
0.0107558
0.0100621
0.0104393
0.0101475
0.0101475
0.0107552
0.0107552
0.0106894
0.0106894
0.0107546
0.0107546
0.010148
0.0101486
0.0114348
0.0110413
0.0107429
0.0106936
0.0106889
0.0106889
0.0107552
0.011033
0.0104451
0.0113392
0.0100788
0.0100782
0.0100778
0.0100784
0.0129957
0.0127601
0.00848859
0.0109331
0.0101484
0.0101478
0.0101486
0.010148
0.013024
0.0121245
0.00968794
0.00761366
0.0107553
0.0107553
0.0107553
0.0107559
0.0117971
0.0121156
0.0107552
0.0107781
0.0106889
0.0106889
0.0106889
0.0106889
0.0117119
0.011712
0.0106889
0.0106889
0.0106894
0.0106894
0.0106894
0.0106894
0.0116975
0.0116975
0.0106894
0.0106894
0.0106889
0.0106889
0.0106889
0.0106889
0.0121826
0.0115913
0.00976327
0.0103367
0.0107553
0.0107559
0.0107553
0.0107553
0.0142237
0.0137727
0.00845846
0.00818774
0.0101484
0.0101478
0.0101486
0.010148
0.0141706
0.0102876
0.0116145
0.00896181
0.0100782
0.0100788
0.0100784
0.0100778
0.0109683
0.0111449
0.0121781
0.0125089
0.010148
0.0101475
0.0107552
0.0107552
0.0106894
0.0106894
0.0107546
0.0107546
0.010148
0.010148
0.012178
0.0102467
0.0108684
0.00982583
0.0099761
0.00997665
0.00925659
0.0101123
0.0100867
0.0105823
0.010148
0.010148
0.0107558
0.0107558
0.01069
0.01069
0.0107552
0.0107552
0.0101486
0.010148
0.0111666
0.0113858
0.0107967
0.0106983
0.01069
0.0106895
0.0106895
0.0107759
0.010519
0.0109736
0.00870507
0.0100782
0.0100788
0.0100778
0.0100778
0.0113086
0.0141835
0.00701803
0.00688228
0.0101478
0.0101484
0.010148
0.010148
0.00956519
0.0125046
0.00829718
0.00929816
0.0107559
0.0107559
0.0107559
0.0107553
0.0117973
0.0117973
0.0110608
0.0126718
0.0106894
0.0106894
0.0106894
0.0106894
0.0117122
0.0117122
0.0107552
0.011341
0.01069
0.01069
0.01069
0.01069
0.0116978
0.0116978
0.0107558
0.0107558
0.0106894
0.0106894
0.0106894
0.0106894
0.011985
0.0120803
0.010243
0.0107797
0.0107559
0.0107553
0.0107559
0.0107559
0.0123173
0.0123173
0.00780783
0.010145
0.0101478
0.0101478
0.010148
0.0101486
0.0120411
0.0126177
0.0123591
0.00920046
0.0100782
0.0100782
0.0100778
0.0100784
0.0122012
0.011947
0.0128206
0.00988845
0.0101475
0.010148
0.0107558
0.0107558
0.01069
0.01069
0.0107552
0.0107552
0.0101486
0.0101486
0.00962435
0.00921812
0.0115837
0.0109899
0.0109998
0.0106002
0.0101077
0.00780429
0.0077114
0.00775748
0.0101013
0.0104382
0.0100615
0.0107553
0.0104596
0.0106894
0.0106894
0.0107546
0.0107546
0.010148
0.010148
0.0117523
0.0111614
0.0108572
0.010693
0.0106894
0.0106894
0.0106889
0.0106971
0.0101338
0.0101757
0.00844083
0.0104227
0.0105766
0.0100238
0.0100778
0.0111017
0.0129447
0.0123839
0.00865627
0.0104134
0.0103171
0.0105006
0.0106561
0.0128934
0.0103116
0.0137646
0.0127472
0.0106756
0.0101442
0.0108359
0.0113239
0.012302
0.0123016
0.0127528
0.0104557
0.0103325
0.0103325
0.0107546
0.0107546
0.0122427
0.0122424
0.0112205
0.0113595
0.0106894
0.0106894
0.0107552
0.0107552
0.0122289
0.0122289
0.0109509
0.0109509
0.0106889
0.0106889
0.0107259
0.0107587
0.0122453
0.012246
0.0112959
0.0112259
0.0107553
0.0107553
0.0107558
0.0108577
0.0124959
0.0124959
0.0110192
0.0114361
0.0101478
0.00986985
0.0101486
0.0102226
0.0126082
0.0117998
0.0114213
0.0115135
0.0101842
0.0102793
0.0100784
0.0100778
0.0137344
0.0132865
0.0115008
0.0101543
0.0104445
0.0101475
0.0107552
0.0107552
0.0106894
0.0106894
0.0107546
0.0107546
0.010148
0.010148
0.0122162
0.00839177
0.0085908
0.00814993
0.0101077
0.0105996
0.0109992
0.0109899
0.0110732
0.00882316
0.00910716
0.0105823
0.0100872
0.0101123
0.0092571
0.0103336
0.0103336
0.0107552
0.0107552
0.0101486
0.0101578
0.0111962
0.0115045
0.0107967
0.0106977
0.0106894
0.01069
0.01069
0.0106936
0.0107429
0.0103698
0.0111158
0.0121786
0.0125089
0.00866063
0.0100345
0.0112234
0.0142532
0.0142727
0.0135079
0.0116145
0.0089618
0.0121614
0.00999575
0.00956545
0.0121077
0.0116927
0.013399
0.00845844
0.00818773
0.0115334
0.0139123
0.0117978
0.0117973
0.0093624
0.00973556
0.00976325
0.0103373
0.0109501
0.0114429
0.0117122
0.011712
0.0111872
0.0106272
0.01069
0.01069
0.0109507
0.0109507
0.0116975
0.0116975
0.0112676
0.0112676
0.0106894
0.0106894
0.0108936
0.0109662
0.0117088
0.011709
0.0116712
0.0111637
0.0107558
0.0107781
0.011326
0.0113124
0.0118987
0.0118993
0.0137043
0.0132531
0.00968778
0.00761418
0.0105899
0.0109185
0.0118001
0.012609
0.013331
0.0101705
0.00848912
0.0109334
0.0105791
0.010874
0.0124194
0.0130047
0.0108803
0.0108635
0.0113391
0.0104445
0.011033
0.0107558
0.01069
0.01069
0.0107265
0.0107593
0.0106211
0.0105334
0.0100475
0.00940251
0.0114503
0.0105859
0.0100537
0.00997719
0.00997717
0.0098264
0.0108685
0.0102471
0.0116992
0.0101012
0.00775698
0.00771089
0.00780432
0.0101077
0.0105996
0.0107546
0.0112556
0.0103487
0.0119024
0.0117523
0.0111614
0.0108572
0.0106936
0.0106889
0.0106889
0.0106894
0.0106894
0.0107259
0.0108728
0.0108237
0.0111527
0.0128212
0.00988816
0.010873
0.0103096
0.0111019
0.0129445
0.00902979
0.0112001
0.00920108
0.0123598
0.0133993
0.00997793
0.0128939
0.0103112
0.0103346
0.00852106
0.00780838
0.0101451
0.0132829
0.0138568
0.0123023
0.0123018
0.0109019
0.0109563
0.0102431
0.0107791
0.0121197
0.0115369
0.0122426
0.0122426
0.0109111
0.010785
0.0107552
0.0107552
0.0112676
0.0112676
0.0122289
0.0122289
0.0112678
0.0112678
0.0107546
0.0113409
0.0112709
0.0113799
0.012246
0.012246
0.010805
0.0108961
0.0110609
0.0126724
0.0113811
0.0120128
0.0124962
0.0124968
0.0112458
0.00911296
0.00929854
0.00829683
0.0128173
0.0127602
0.0126083
0.0117995
0.011974
0.0116012
0.00701746
0.00688186
0.0130782
0.0127661
0.0137346
0.0132859
0.0105709
0.0122295
0.00870458
0.0109736
0.0105191
0.0107753
0.0106894
0.0106894
0.010693
0.0107423
0.0110413
0.0113065
0.0122158
0.0083917
0.00859037
0.00814993
0.0101077
0.0105996
0.0105996
0.0101077
0.00814996
0.00818573
0.00811534
0.0103447
0.00910765
0.00882417
0.0110738
0.0109899
0.0109998
0.0109998
0.0109905
0.0115837
0.00921802
0.00960228
0.0111957
0.0115038
0.0107961
0.0106983
0.01069
0.0106895
0.0106895
0.01069
0.0106983
0.010841
0.0114627
0.0106895
0.0101535
0.0115012
0.0119554
0.0130239
0.0112234
0.0142527
0.0132267
0.0102395
0.0114207
0.0115125
0.0129493
0.0098367
0.00973868
0.0121079
0.011377
0.00869792
0.0110186
0.011436
0.010708
0.00828409
0.0119148
0.012287
0.0110536
0.0109818
0.0112958
0.0112259
0.0112141
0.010754
0.0121009
0.0122601
0.0112714
0.0112715
0.0109509
0.0109509
0.0109503
0.0109503
0.0122284
0.0122284
0.0108926
0.0108925
0.0112205
0.0113589
0.0110219
0.0109497
0.0122455
0.0122455
0.0110516
0.0109064
0.0127521
0.0104552
0.0107687
0.0107384
0.0124962
0.0124966
0.0094632
0.0113003
0.0137641
0.0127478
0.01149
0.00852282
0.0126088
0.0126088
0.013956
0.011314
0.00865667
0.0123843
0.0134933
0.0101634
0.0124192
0.0130054
0.0124473
0.0134017
0.00844082
0.0101758
0.0101344
0.0106983
0.01069
0.0106894
0.0106977
0.0108415
0.0113509
0.0106737
0.0100481
0.00940293
0.0114503
0.0105859
0.0100532
0.00997724
0.00997721
0.0100532
0.0105859
0.0112111
0.00909427
0.00974954
0.0114449
0.0103487
0.0112562
0.0107552
0.0105996
0.0101071
0.00815001
0.00818671
0.00811578
0.0103263
0.0118079
0.0110864
0.0108572
0.010693
0.0106894
0.0106894
0.0106889
0.0106889
0.0106936
0.0109381
0.0111949
0.0111933
0.0103709
0.0100561
0.0122695
0.0122352
0.0117147
0.013566
0.010663
0.0124557
0.0131192
0.00959044
0.00963442
0.0125177
0.01472
0.0110372
0.0128975
0.00989073
0.0138057
0.0138618
0.00839599
0.00903436
0.013613
0.0136057
0.0121181
0.0123412
0.0120449
0.0115369
0.0105871
0.0100258
0.0134434
0.0130437
0.0117009
0.0121445
0.0112676
0.0112676
0.0109507
0.0109507
0.0135454
0.0133619
0.0107861
0.0113118
0.0111873
0.0106272
0.0108896
0.0109542
0.0140886
0.0135728
0.00955042
0.00931181
0.0093624
0.00973556
0.0104051
0.011
0.0140643
0.0140965
0.0151224
0.0118329
0.0116926
0.0141252
0.00787529
0.00951818
0.0137356
0.013077
0.0162118
0.0129628
0.0143603
0.0134905
0.00829467
0.0100482
0.015711
0.0135747
0.0119589
0.0115035
0.0109846
0.0103692
0.0107423
0.0106936
0.0106894
0.0106889
0.0107552
0.0108537
0.010245
0.0104641
0.0126495
0.00839181
0.0085908
0.0081499
0.00976788
0.0102258
0.00973419
0.00973476
0.00798771
0.00857854
0.00804534
0.0114928
0.0104344
0.0100319
0.0103977
0.00982638
0.00997664
0.00997667
0.00982641
0.0103971
0.0100314
0.010435
0.0116357
0.0114768
0.0107306
0.0106971
0.0106888
0.0106894
0.0106894
0.0106889
0.0107634
0.010874
0.0115773
0.010863
0.00877281
0.010722
0.00901547
0.0107225
0.0147082
0.0156224
0.0124842
0.0101565
0.0102595
0.0123265
0.0124838
0.0103885
0.0143165
0.0164331
0.00999584
0.0107408
0.0138173
0.0109167
0.0109169
0.0138099
0.0140448
0.0144889
0.0129791
0.0123135
0.0110783
0.0105854
0.0105848
0.0110783
0.0133913
0.0138066
0.012432
0.0122606
0.0109509
0.0109509
0.0109502
0.0109502
0.0140638
0.0133657
0.0120209
0.0126718
0.0106078
0.0105085
0.0108931
0.0109657
0.0161064
0.0140886
0.00941432
0.0117407
0.0106467
0.0111188
0.011326
0.0113117
0.0119652
0.0152329
0.0140017
0.0124639
0.0108979
0.0101465
0.0100008
0.0109187
0.0110307
0.0135161
0.0157304
0.0151339
0.010726
0.0111156
0.0104482
0.0108234
0.0157437
0.0166704
0.0145391
0.0123536
0.0108883
0.0107042
0.0107587
0.0107259
0.0106894
0.0106894
0.0107265
0.0107593
0.0106199
0.0106516
0.012186
0.00995827
0.0117035
0.0105859
0.0100532
0.0102259
0.00976788
0.00854458
0.00837624
0.00929577
0.00890072
0.00935936
0.0103261
0.00811527
0.00818571
0.00814994
0.0101077
0.0106002
0.0107558
0.0112562
0.0103487
0.0119024
0.0117223
0.0118252
0.010792
0.010764
0.01069
0.0106894
0.0106894
0.01069
0.0106982
0.0107306
0.0114765
0.0114331
0.0122689
0.0122352
0.0108734
0.0103096
0.0127324
0.0135393
0.0146968
0.0142045
0.0125175
0.00963516
0.013399
0.00997808
0.0118492
0.0142448
0.0158254
0.0117004
0.00903475
0.00839547
0.0132829
0.0138568
0.0137888
0.0130543
0.013139
0.0128504
0.0100253
0.0105866
0.0121197
0.0115377
0.0137545
0.0137545
0.013044
0.013044
0.0109502
0.0109502
0.0112683
0.0112683
0.0143537
0.0140583
0.0132629
0.0128932
0.0109536
0.010889
0.0112716
0.0113806
0.0149318
0.0157658
0.014636
0.0146448
0.0109994
0.0104045
0.0113818
0.0120122
0.0125526
0.00951475
0.0126592
0.0100168
0.00951767
0.00787531
0.0128168
0.012761
0.00994402
0.012721
0.0129598
0.0103835
0.00829469
0.0100474
0.013079
0.0127656
0.0169736
0.0160662
0.0151852
0.0165917
0.0104636
0.0102455
0.0108531
0.0107552
0.01069
0.01069
0.0106941
0.0107435
0.0110418
0.0113054
0.011406
0.00952896
0.00946593
0.00837675
0.0085447
0.00976789
0.0102264
0.0100532
0.0105859
0.0114675
0.00962981
0.0115905
0.00960227
0.00921818
0.0115831
0.0109899
0.0109992
0.0109992
0.0109899
0.0115831
0.00921819
0.00960228
0.0107331
0.0115627
0.0109017
0.01082
0.0106888
0.0106895
0.0106895
0.0106888
0.0106888
0.0106936
0.0109381
0.0111197
0.0112644
0.0130246
0.0119561
0.0119558
0.0129958
0.00999578
0.0121396
0.0110988
0.0126397
0.00983709
0.0129496
0.0132241
0.0108668
0.010197
0.0104362
0.0148362
0.0103621
0.00828404
0.010708
0.0110562
0.00915062
0.0128632
0.0131392
0.0137852
0.0135862
0.010754
0.0112146
0.0115415
0.0110673
0.0127159
0.0130984
0.0127159
0.0133054
0.0109507
0.0109507
0.0112676
0.0112676
0.0133276
0.0126246
0.0124282
0.012264
0.0109501
0.0110224
0.0112709
0.0112709
0.0123311
0.0100248
0.0127348
0.010817
0.0107388
0.0107691
0.0108493
0.0110531
0.0132537
0.0143173
0.0153674
0.0150989
0.00852321
0.0114905
0.0114901
0.00865192
0.0164135
0.0157908
0.0142627
0.013245
0.0101637
0.0134943
0.0134932
0.0101632
0.0123902
0.0150876
0.012631
0.011752
0.0106742
0.0113508
0.0108403
0.0106977
0.0106894
0.0106894
0.0106977
0.0108403
0.0113514
0.0106741
0.00946505
0.00882217
0.0092612
0.00834412
0.00834415
0.00937805
0.00937802
0.00937747
0.00937798
0.00798776
0.0085791
0.00804568
0.0118953
0.0121773
0.0102466
0.0108685
0.00982696
0.0102264
0.00976841
0.00815038
0.00818578
0.00811525
0.0103442
0.0112636
0.0111198
0.0109387
0.0106941
0.0106894
0.0106894
0.01069
0.01069
0.0106894
0.010764
0.010874
0.0115767
0.010863
0.0113966
0.0111449
0.0108767
0.0122288
0.0112887
0.0130754
0.0124836
0.0101561
0.0136002
0.0105543
0.011728
0.0121408
0.0152862
0.0106242
0.00999585
0.0107408
0.0131714
0.0132453
0.00911342
0.0112576
0.0144487
0.0139821
0.0129791
0.012509
0.0117469
0.0111639
0.0108966
0.0108056
0.0135934
0.0138057
0.0129694
0.0124066
0.0112678
0.0112678
0.0112683
0.0112683
0.0126435
0.0131053
0.0126252
0.0131556
0.0112711
0.01138
0.0111813
0.0112834
0.0113355
0.0109367
0.0105678
0.0123311
0.0113813
0.0120122
0.0111883
0.0115877
0.0182614
0.0139592
0.0144097
0.0138474
0.0128167
0.0121245
0.00838304
0.0103749
0.0195481
0.0142568
0.0154564
0.0153568
0.0129963
0.0127599
0.00881194
0.0109211
0.0133349
0.0117522
0.0145394
0.0123541
0.0114336
0.0110413
0.0107435
0.0106941
0.01069
0.01069
0.0107265
0.0108734
0.0107303
0.0109321
0.0118952
0.00804577
0.00857944
0.00798725
0.00973424
0.00973476
0.010227
0.00976847
0.00854461
0.00837681
0.00929628
0.0089002
0.00935894
0.0103442
0.00811588
0.00818672
0.00814944
0.0097679
0.0102264
0.00982585
0.0108679
0.0102472
0.0121779
0.0116369
0.0114767
0.01073
0.0106977
0.0106894
0.0106888
0.0106888
0.0106895
0.0106977
0.0107306
0.0114771
0.0114331
0.0108775
0.012229
0.0113967
0.0111444
0.0155203
0.0152471
0.014697
0.0142045
0.0121415
0.0117288
0.0136012
0.0105549
0.014897
0.0172425
0.0158254
0.0117004
0.0112577
0.0091135
0.0131723
0.0132449
0.0147392
0.0151689
0.0131395
0.0128505
0.0108056
0.0108964
0.0117465
0.0111637
0.0143505
0.0143505
0.0130445
0.0130445
0.0112681
0.0112681
0.0112676
0.0112676
0.0139574
0.0138266
0.0132634
0.0128937
0.0112832
0.0111811
0.0112709
0.0113799
0.0148082
0.0139983
0.0146364
0.0146453
0.0115875
0.0111883
0.0113811
0.0120128
0.0157264
0.0155996
0.0126597
0.010017
0.0103751
0.008383
0.0128173
0.0121242
0.0162942
0.0156709
0.0129588
0.0103833
0.00881178
0.0109214
0.012996
0.0127601
0.0170036
0.0160379
0.0151857
0.0165912
0.0109326
0.0107292
0.0108734
0.0107265
0.0106894
0.0106894
0.010693
0.0107423
0.0110413
0.0114348
0.0118224
0.00962934
0.0114669
0.0105854
0.0100537
0.00997718
0.00997609
0.0100532
0.010586
0.0114663
0.00962871
0.01159
0.00960217
0.00921749
0.0115836
0.0109905
0.0109998
0.0109992
0.0109904
0.0115842
0.00921749
0.00960275
0.0119226
0.0118258
0.0107926
0.0107634
0.01069
0.01069
0.0106894
0.0106894
0.01069
0.0106942
0.0109381
0.0111202
0.0112638
0.0129955
0.0119553
0.0119554
0.0130239
0.0139818
0.0141583
0.0110993
0.0126392
0.0108676
0.0132246
0.0129493
0.00983669
0.0152111
0.0155292
0.0148362
0.0103626
0.00915105
0.0110556
0.010708
0.00828408
0.0155317
0.0155323
0.0137848
0.0135862
0.0110668
0.0115417
0.0112147
0.010754
0.0151638
0.0151633
0.0127155
0.013305
0.0112678
0.0112678
0.0109509
0.0109509
0.015118
0.015118
0.0124278
0.0122635
0.0112711
0.0112711
0.0110219
0.0109503
0.0151634
0.0151637
0.0127348
0.0108165
0.0110533
0.0108495
0.0107687
0.0107384
0.0155313
0.0155318
0.0153679
0.0150989
0.00865193
0.0114901
0.01149
0.00852282
0.0159182
0.0156482
0.0142628
0.0132459
0.0101634
0.0134933
0.0134933
0.0101634
0.0174056
0.0169493
0.0126322
0.0117522
0.0106742
0.0113515
0.0108415
0.0106983
0.01069
0.0106894
0.0106977
0.0108415
0.0113514
0.0106742
0.0116331
0.00952895
0.00946652
0.00837681
0.00854506
0.00976842
0.0102264
0.00973535
0.00973532
0.00798771
0.00857958
0.00804576
0.0118947
0.0121781
0.0102472
0.0108684
0.00982584
0.0102259
0.00976791
0.00814945
0.00818673
0.00811632
0.0103257
0.0118184
0.0118178
0.0108212
0.0108212
0.0106889
0.0106894
0.0106894
0.0106889
0.0106889
0.0106894
0.0107634
0.0108728
0.0115767
0.0108631
0.011396
0.0111443
0.01227
0.0122352
0.0138513
0.0138517
0.0124842
0.0101565
0.0136012
0.0105544
0.00963443
0.0125177
0.0152095
0.01521
0.00999573
0.0107406
0.0131721
0.0132455
0.008396
0.00903436
0.0155318
0.0155313
0.0129792
0.0125095
0.011747
0.0111637
0.0105866
0.0100258
0.0151629
0.0151634
0.0129699
0.0124072
0.0112676
0.0112676
0.0109502
0.0109502
0.0151171
0.0151171
0.0126252
0.0131561
0.0112709
0.0113799
0.0108896
0.0109536
0.0151633
0.0151629
0.0105677
0.0123311
0.0113811
0.0120128
0.0104051
0.011
0.0155323
0.0155318
0.0144097
0.0138474
0.0128173
0.0121242
0.00787531
0.00951817
0.0159191
0.0159182
0.0154558
0.0153569
0.012996
0.0127601
0.00829468
0.0100482
0.0175193
0.0175196
0.0145394
0.0123537
0.0114348
0.0110413
0.0107423
0.0106936
0.0106894
0.0106889
0.0107552
0.0108531
0.0102445
0.010464
0.0116825
0.00942926
0.00942875
0.00834414
0.00834414
0.00973477
0.00973424
0.0102259
0.0097679
0.0085447
0.00837676
0.00929521
0.00889967
0.00935894
0.0103443
0.00811579
0.00818625
0.00814991
0.00976786
0.0102264
0.00982695
0.0103972
0.0100309
0.0104349
0.0118177
0.0118177
0.01082
0.0108206
0.01069
0.0106894
0.0106894
0.01069
0.01069
0.0106894
0.0106977
0.0107312
0.0114771
0.0114331
0.010877
0.0122284
0.00901546
0.0107229
0.0138517
0.0138515
0.0146968
0.0142038
0.0121412
0.0117284
0.0124838
0.0103885
0.0152106
0.01521
0.0158246
0.0117
0.0112578
0.00911349
0.0109169
0.0138099
0.0155317
0.0155323
0.0131392
0.0128501
0.0108056
0.0108966
0.0105848
0.0110783
0.0151633
0.0151633
0.013044
0.013044
0.0112683
0.0112683
0.0109502
0.0109502
0.0151176
0.0151176
0.0132634
0.0128932
0.0112834
0.0111813
0.0108931
0.0109657
0.0151633
0.0151633
0.0146359
0.0146453
0.0115877
0.0111883
0.011326
0.0113117
0.0155313
0.0155318
0.0126592
0.0100168
0.0103749
0.00838279
0.0100013
0.0109187
0.0159182
0.0159191
0.0129591
0.0103836
0.00881215
0.0109211
0.0104487
0.0108234
0.0175198
0.0175196
0.015186
0.0165912
0.0109321
0.0107303
0.0108734
0.0107265
0.01069
0.01069
0.0107271
0.0107599
0.0106205
0.0106516
0.0116831
0.00942868
0.00942819
0.00834415
0.00834459
0.00973479
0.00973476
0.00997718
0.0099772
0.0100537
0.010586
0.0114669
0.00962969
0.01159
0.00960227
0.00921801
0.0115837
0.0109905
0.0109992
0.0107552
0.0112562
0.0103487
0.0119024
0.0118177
0.0118184
0.0108212
0.0108206
0.0106894
0.01069
0.0106894
0.0106889
0.0106889
0.0106894
0.0106894
0.010693
0.0109375
0.0111196
0.0112638
0.0129955
0.0119558
0.0108735
0.0103096
0.0138514
0.0138511
0.0110995
0.0126397
0.010867
0.0132244
0.013399
0.00997808
0.0152102
0.0152104
0.0148371
0.0103626
0.00915048
0.0110562
0.0132829
0.0138568
0.0155318
0.0155313
0.0137846
0.013587
0.0110673
0.0115415
0.0121197
0.0115377
0.0151633
0.0151633
0.012716
0.013305
0.0112676
0.0112676
0.0112683
0.0112683
0.0151176
0.0151176
0.0124283
0.012264
0.0112709
0.0112709
0.0112716
0.0113806
0.0151633
0.0151633
0.0127348
0.010817
0.0110531
0.0108487
0.0113818
0.0120128
0.0155323
0.0155317
0.0153674
0.0150989
0.00865128
0.0114901
0.0128173
0.0127604
0.0159191
0.0159182
0.0142624
0.0132459
0.0101637
0.0134937
0.0130784
0.0127666
0.0175189
0.0175189
0.0126319
0.011752
0.0106737
0.0113503
0.0108403
0.0106977
0.0106894
0.0106936
0.0107429
0.0110407
0.0113059
0.0116825
0.00942926
0.00942876
0.00834415
0.00834459
0.00973535
0.00973481
0.00997664
0.00997666
0.00973479
0.00973476
0.00798729
0.00857958
0.00804577
0.0118947
0.0119024
0.0103482
0.0112556
0.0107552
0.0109992
0.0109905
0.0115837
0.00921801
0.00960227
0.0118184
0.0118177
0.01082
0.0108206
0.0106894
0.0106889
0.0106889
0.0106894
0.0106894
0.0106889
0.0106889
0.0106894
0.0108211
0.0109017
0.0115622
0.0107331
0.0108734
0.0103096
0.0119558
0.0129958
0.0137731
0.0138517
0.012139
0.00999621
0.013399
0.00997808
0.0132241
0.0108664
0.0155652
0.0149546
0.00999584
0.010437
0.0132829
0.0138568
0.0110562
0.00915047
0.0155996
0.0157263
0.0129791
0.0125095
0.0121197
0.0115377
0.0115415
0.0110673
0.0139986
0.0148082
0.0129695
0.0124072
0.0112683
0.0112683
0.0112676
0.0112676
0.0138266
0.0139578
0.0126249
0.0131556
0.0112716
0.0113806
0.0112709
0.0112709
0.0143505
0.0143505
0.0105678
0.0123308
0.0113818
0.0120128
0.0108487
0.0110531
0.0151689
0.0147392
0.0144097
0.0138475
0.0128173
0.0127604
0.0114899
0.00865145
0.0155806
0.0162326
0.0155997
0.0155046
0.0130778
0.0127665
0.0134937
0.0101632
0.0177201
0.0175198
0.0150869
0.0123901
0.0113064
0.0110407
0.0107429
0.0106936
0.0106894
0.0106977
0.0108403
0.0113503
0.0106737
0.0116831
0.00942867
0.00942827
0.00834462
0.00834468
0.00973421
0.00973423
0.00997665
0.0099772
0.00973477
0.00973478
0.00834516
0.00834462
0.0092612
0.00882169
0.00946455
0.0104349
0.0100314
0.0103977
0.00982695
0.0102264
0.00976787
0.00814992
0.00818625
0.00811578
0.0103443
0.0119977
0.0118184
0.0108212
0.0108206
0.0106894
0.01069
0.01069
0.0106894
0.0106894
0.01069
0.01069
0.0106894
0.0108206
0.0108211
0.0118178
0.0116145
0.00901547
0.0107229
0.0108767
0.0122288
0.0136929
0.0136659
0.0132196
0.012591
0.0103885
0.0124838
0.0117279
0.0121408
0.0188912
0.0139148
0.0153919
0.0139325
0.0118498
0.0138099
0.0109169
0.00911349
0.0112578
0.0132527
0.0139589
0.0182613
0.0137893
0.0130544
0.0110783
0.0105848
0.0108966
0.0108056
0.0123308
0.0100247
0.0109372
0.0113358
0.013755
0.013755
0.0109502
0.0109502
0.0112683
0.0112683
0.0133276
0.0126243
0.0131053
0.0126439
0.0143535
0.0140588
0.0109657
0.0108931
0.0111813
0.0112834
0.0127163
0.0130984
0.0138057
0.0135934
0.0149323
0.0157656
0.0113117
0.011326
0.0111883
0.0115877
0.0128635
0.0139821
0.0144487
0.0125529
0.00951477
0.0109187
0.0100007
0.00838298
0.0103752
0.0160873
0.0114271
0.0177381
0.0129739
0.00994402
0.0104477
0.0108229
0.00881178
0.0109206
0.018935
0.0173967
0.0166192
0.0170803
0.0106521
0.0106211
0.0107599
0.0107271
0.01069
0.01069
0.0107265
0.0108734
0.0107303
0.0109321
0.0115082
0.00942875
0.00942926
0.00834468
0.00834463
0.00973534
0.00973534
0.0099772
0.00997665
0.0097348
0.0097348
0.00834414
0.00834413
0.00942865
0.0094293
0.0114595
0.0103257
0.00811632
0.00818672
0.00814945
0.00976791
0.0102259
0.00982584
0.0108684
0.0102472
0.012178
0.013213
0.0123019
0.0110628
0.0108206
0.0106894
0.0106889
0.0106889
0.0106894
0.0106894
0.0106889
0.0112218
0.0109562
0.01119
0.0107949
0.0110255
0.0115707
0.01227
0.0122352
0.0113967
0.0111444
0.00944377
0.0115004
0.00899098
0.0147729
0.012858
0.0125569
0.0125177
0.00963443
0.0136012
0.0105549
0.00949022
0.0152233
0.0154173
0.0135039
0.0139005
0.00903437
0.00839599
0.0131723
0.0132449
0.0125529
0.00951444
0.014317
0.0149245
0.0149993
0.0100258
0.0105866
0.0117465
0.0111637
0.0157653
0.0149323
0.0141339
0.0150957
0.0109502
0.0109502
0.0112676
0.0112676
0.0140584
0.0143532
0.0146008
0.0141066
0.0109536
0.010889
0.0112709
0.0113799
0.0137546
0.0137546
0.0164492
0.014661
0.0109994
0.0104045
0.0113811
0.0120128
0.0137886
0.0130542
0.013139
0.0123292
0.0154736
0.00951768
0.00787581
0.0128173
0.0121245
0.012436
0.0108919
0.0105428
0.0141732
0.0112556
0.00829518
0.010048
0.0129957
0.0127601
0.0126907
0.0158066
0.0141027
0.0158525
0.0168603
0.0159503
0.0104641
0.010245
0.0108531
0.0107552
0.0106889
0.0106894
0.0106936
0.0107423
0.0110413
0.0114348
0.0100367
0.00890918
0.0093197
0.0083446
0.00834414
0.00937748
0.00937747
0.00942655
0.00996154
0.0100984
0.0101111
0.00883416
0.00837616
0.00941684
0.00927266
0.0114772
0.00960275
0.00921749
0.0115837
0.0109905
0.0109998
0.0109998
0.0109905
0.0115836
0.00921749
0.00960217
0.00835469
0.00924634
0.0119648
0.0130317
0.0112651
0.0113062
0.0106894
0.01069
0.01069
0.0106894
0.0106894
0.01069
0.0113068
0.0112651
0.0130309
0.0119646
0.00924715
0.00835501
0.0130239
0.0119554
0.0119553
0.0129958
0.0132435
0.0112279
0.0112274
0.0133176
0.00983669
0.0129493
0.0132244
0.0108666
0.011181
0.0119301
0.0121639
0.0106963
0.00828408
0.010708
0.0110562
0.00915047
0.0161865
0.0128308
0.0154731
0.0123292
0.010754
0.0112147
0.0115423
0.0110673
0.0137463
0.016581
0.0146615
0.0164488
0.0109509
0.0109509
0.0112683
0.0112683
0.0129177
0.0136813
0.0141074
0.0146012
0.0109503
0.0110225
0.0112716
0.0112716
0.0138062
0.0133913
0.0150957
0.0141347
0.0107389
0.0107693
0.0108493
0.0110539
0.0147302
0.0140443
0.0149998
0.0149244
0.00852322
0.0114901
0.01149
0.00865167
0.015121
0.0149273
0.0146158
0.0145589
0.0101634
0.0134933
0.0134933
0.0101634
0.0161649
0.0159147
0.0159147
0.0159546
0.0106742
0.0113514
0.0108415
0.0106977
0.0106894
0.01069
0.0106983
0.0108415
0.0113514
0.0106742
0.0113221
0.00953669
0.0125297
0.0103248
0.00828303
0.00815709
0.00795787
0.00937806
0.00937857
0.00937802
0.00937802
0.0079589
0.00815767
0.00828301
0.0103248
0.0125297
0.00953669
0.0113221
0.0121773
0.0102467
0.0108679
0.00982584
0.0102264
0.00976791
0.00814944
0.00818673
0.00811589
0.0103437
0.0117373
0.0110254
0.0107956
0.0111901
0.0109562
0.0112218
0.0106889
0.0106889
0.0106889
0.0106894
0.0106894
0.0106889
0.0108206
0.011064
0.0123017
0.0132122
0.0113967
0.0111444
0.0108777
0.0122288
0.0129938
0.0126833
0.014774
0.00899167
0.0115012
0.00944347
0.0136012
0.0105549
0.0117288
0.0121416
0.0177763
0.0139146
0.014139
0.0152238
0.0154162
0.00949099
0.0131723
0.0132449
0.00911349
0.0112583
0.0132532
0.0142882
0.0184142
0.0143171
0.0125529
0.00951476
0.0117465
0.0111643
0.0108959
0.0108056
0.0123308
0.010025
0.0109368
0.0117809
0.0157658
0.0149322
0.0112681
0.0112681
0.0112676
0.0112676
0.0133276
0.0126243
0.0129304
0.0126429
0.0140584
0.0143537
0.0112714
0.0113804
0.0111806
0.0112826
0.012716
0.0130984
0.0134434
0.0134438
0.0137546
0.0137546
0.0113817
0.0120128
0.0111878
0.0115869
0.0128633
0.0138146
0.0140212
0.013139
0.0137886
0.0130542
0.0128173
0.0121242
0.00838281
0.0103744
0.0157805
0.0114272
0.0172785
0.0108919
0.0105428
0.012436
0.012996
0.0127601
0.00881178
0.0109214
0.0181555
0.0167539
0.0158521
0.0141024
0.015806
0.0126907
0.0114348
0.0110413
0.0107423
0.010693
0.0106894
0.0106894
0.0107265
0.0108734
0.0107292
0.0109326
0.0113057
0.00927266
0.00941684
0.00837616
0.00883416
0.0101111
0.0100984
0.00996154
0.00942653
0.00937805
0.00937806
0.00834414
0.00834414
0.00931967
0.00890981
0.0100367
0.0103443
0.00811579
0.00818625
0.00814991
0.00976787
0.0102264
0.00982696
0.0108685
0.0102467
0.0121779
0.0132125
0.0123014
0.011064
0.0108212
0.0106894
0.01069
0.01069
0.0106894
0.0106894
0.0106894
0.0112218
0.0109562
0.01119
0.0107948
0.011025
0.0117371
0.0108765
0.0122284
0.0109677
0.0111454
0.009441
0.0115007
0.00899185
0.0147733
0.0126839
0.0129949
0.0121407
0.0117285
0.0141703
0.0102869
0.00991729
0.015093
0.0152774
0.0141392
0.0177759
0.013914
0.0112576
0.00911342
0.0142229
0.0137731
0.0126592
0.0100168
0.0143168
0.0142886
0.0184143
0.0132542
0.0108056
0.0108961
0.0121829
0.0115915
0.0146457
0.0146359
0.0109367
0.0117805
0.0100253
0.0123308
0.0112678
0.0112678
0.0116978
0.0116978
0.0128932
0.0132637
0.0129301
0.0126429
0.0126243
0.0133276
0.0112828
0.0111808
0.0117122
0.011712
0.013044
0.013044
0.0134434
0.0134434
0.0130984
0.0127163
0.0115871
0.0111883
0.0117971
0.0121156
0.0131392
0.0128495
0.0131393
0.0138147
0.0140213
0.0128635
0.0103749
0.00838279
0.0130237
0.0121242
0.0122669
0.0111884
0.0105424
0.0172788
0.0157806
0.011427
0.00881178
0.0109209
0.0129963
0.0127599
0.0129122
0.0158059
0.0141036
0.0158524
0.0167542
0.0181562
0.0109326
0.0107303
0.0108734
0.0107265
0.01069
0.01069
0.0106936
0.0107435
0.0110418
0.0114336
0.0100372
0.00890927
0.00931966
0.00834413
0.00834414
0.00937805
0.00937805
0.00942653
0.00996154
0.0100985
0.0101116
0.00883465
0.00837671
0.00941744
0.00927313
0.0113063
0.00997273
0.00944105
0.0115026
0.0109743
0.0107038
0.0109992
0.0109899
0.0115831
0.00921818
0.00962428
0.00843212
0.00924635
0.0119653
0.0130318
0.0112651
0.0113068
0.0106894
0.0106889
0.0106889
0.0106894
0.0106894
0.0106889
0.0113062
0.0112651
0.0130316
0.0119646
0.00924671
0.00835501
0.0132129
0.0127615
0.0119468
0.0122013
0.0131758
0.0111003
0.0112274
0.013243
0.0105347
0.0131045
0.0126181
0.0120408
0.0137828
0.0129373
0.0125245
0.0119299
0.0111807
0.00880665
0.0106483
0.0123166
0.0123171
0.0138474
0.0150989
0.0153674
0.016187
0.0128309
0.0107085
0.0112739
0.0119853
0.0120797
0.0123308
0.0105678
0.010817
0.0127348
0.0137464
0.0165813
0.0112676
0.0112676
0.0116981
0.0116981
0.0131556
0.0126249
0.012264
0.0124283
0.0129177
0.0136813
0.0112709
0.0112709
0.0117128
0.0117125
0.0124072
0.0129695
0.013305
0.012716
0.0138062
0.0133913
0.0110531
0.0108493
0.0117979
0.0117979
0.0125088
0.0135863
0.0137839
0.0147304
0.0140444
0.00865174
0.0112948
0.0125044
0.00956536
0.0155997
0.0111511
0.0163004
0.0149273
0.015121
0.0102231
0.01377
0.0141838
0.0113089
0.0173117
0.0158611
0.015914
0.0161644
0.0109293
0.0116663
0.0108403
0.0106977
0.0106894
0.0106888
0.0106971
0.0107961
0.0113857
0.0111666
0.0111499
0.00953612
0.0125285
0.0103244
0.008284
0.00815764
0.00795827
0.00937853
0.00937802
0.00937857
0.00937806
0.00795792
0.00815764
0.00828343
0.0103244
0.012529
0.00953622
0.0113215
0.0124399
0.0100672
0.0105696
0.0092571
0.0102264
0.00976785
0.00814993
0.00859024
0.0083918
0.0122163
0.0129451
0.0114782
0.0110233
0.0111901
0.0109562
0.0112218
0.0106894
0.01069
0.01069
0.0106894
0.0112212
0.0109562
0.0111906
0.0110226
0.0114782
0.0129455
0.0143314
0.0134232
0.0141921
0.0132866
0.00944378
0.0109723
0.00899097
0.0137506
0.0137508
0.00899122
0.010973
0.00944347
0.0124146
0.0120404
0.0119561
0.011961
0.00949052
0.0149603
0.0146456
0.0149614
0.0146457
0.00949106
0.0116454
0.0119043
0.0114636
0.0118987
0.0125529
0.00951477
0.0144097
0.0144095
0.0125525
0.00951476
0.0113686
0.0106771
0.011709
0.011709
0.0157657
0.0149323
0.0157652
0.014932
0.0109308
0.0108933
0.0116978
0.0116978
0.0140588
0.0143536
0.0140584
0.0143532
0.0112716
0.0113806
0.0117009
0.0118357
0.013755
0.013755
0.0137545
0.0137545
0.0113818
0.0118569
0.011819
0.012167
0.0137893
0.013054
0.012979
0.012979
0.0137888
0.0130543
0.0124589
0.00983172
0.0126583
0.0103113
0.0124355
0.0108917
0.010329
0.0108914
0.0103291
0.012436
0.0116828
0.0143385
0.0111021
0.0129449
0.0126907
0.0152862
0.0138208
0.0153247
0.0153243
0.0138214
0.015286
0.0126905
0.0130121
0.0113521
0.0110228
0.0106941
0.0106894
0.0106894
0.0106941
0.0108572
0.0111615
0.0117524
0.00985072
0.00875681
0.009306
0.00837666
0.00883427
0.0097329
0.00974237
0.0094302
0.00942967
0.0097424
0.00973398
0.00883415
0.00837663
0.0093066
0.00875677
0.00985071
0.0098844
0.00718362
0.00771214
0.00771211
0.00975093
0.00998035
0.0100532
0.0105854
0.0114495
0.00940239
0.0103255
0.00835469
0.00924634
0.0119653
0.0130318
0.0112651
0.0113068
0.0106894
0.01069
0.0106894
0.0106889
0.0106889
0.0106894
0.0113068
0.0112645
0.013031
0.0119653
0.00924716
0.00843286
0.0127953
0.0102119
0.0133888
0.0145528
0.0132435
0.0112279
0.0110995
0.0131754
0.0137207
0.0148183
0.0133455
0.00991338
0.0104819
0.0119298
0.0125257
0.0137835
0.0129379
0.0132399
0.010113
0.0106489
0.00832039
0.0152329
0.0119655
0.0150989
0.0153674
0.0138478
0.00891853
0.00863933
0.0112745
0.0107091
0.0140886
0.0161064
0.0108165
0.0127348
0.010568
0.0123316
0.0103496
0.0108965
0.0112681
0.0112681
0.0133652
0.0140638
0.0122635
0.0124278
0.0126256
0.0131561
0.0112826
0.0115299
0.0113688
0.0112675
0.0138057
0.0133908
0.0133049
0.0127155
0.0129699
0.0124072
0.0116432
0.0110276
0.0113955
0.0113754
0.0144889
0.0140439
0.013586
0.013784
0.0125088
0.0090483
0.00961951
0.0117627
0.00922988
0.0149716
0.0149273
0.0163004
0.0155994
0.0111519
0.00977437
0.00918864
0.0141445
0.0107555
0.0161649
0.0159147
0.0158607
0.0173113
0.00903668
0.0116725
0.0108421
0.0107419
0.0106888
0.0106888
0.0106894
0.0106983
0.0107961
0.0115044
0.0109525
0.0113221
0.00953669
0.0125292
0.0103244
0.00828344
0.00815763
0.00795835
0.00937857
0.00937857
0.00937802
0.0093775
0.00795792
0.0081581
0.008284
0.0103244
0.0125285
0.00953615
0.011151
0.00881967
0.0088355
0.0104847
0.0103143
0.00952346
0.0102264
0.00976785
0.00814992
0.00859128
0.00852579
0.0131269
0.0117373
0.0110254
0.0107955
0.0111901
0.010955
0.0112212
0.0106894
0.0106889
0.0106889
0.0106894
0.01069
0.0106894
0.0108206
0.011064
0.0123011
0.0132116
0.0103233
0.0117237
0.0169611
0.0154421
0.0127705
0.0126832
0.014774
0.00899169
0.0115012
0.00943981
0.0147824
0.0109067
0.00934154
0.0132698
0.0121485
0.0132589
0.0127312
0.0132688
0.015094
0.0152761
0.0099177
0.0108371
0.0141876
0.00820566
0.00854491
0.0124968
0.0124962
0.0140963
0.0140644
0.0143173
0.012659
0.0100165
0.00872703
0.0113566
0.0102774
0.00975995
0.012246
0.012246
0.0135728
0.0140886
0.0146453
0.0146355
0.0114555
0.0121037
0.010361
0.0102726
0.0122289
0.0122289
0.0133619
0.0135454
0.0128932
0.0132634
0.0118809
0.0118809
0.0110061
0.0101355
0.0121014
0.0122606
0.013044
0.0134434
0.013044
0.013044
0.0116622
0.0124351
0.0123059
0.0116963
0.0119151
0.0122874
0.0136055
0.0136133
0.0131393
0.0131392
0.0128499
0.0113667
0.0107213
0.010559
0.0130264
0.010067
0.0154712
0.0118624
0.0168645
0.0111885
0.0105426
0.0122673
0.00846218
0.0107222
0.0111785
0.0126914
0.0179023
0.0167539
0.0158524
0.0141034
0.0158059
0.0129119
0.00910688
0.0115576
0.0104177
0.0109674
0.0106888
0.0106894
0.0106894
0.010693
0.0108566
0.0108376
0.0115509
0.0113057
0.00927266
0.00941684
0.00837617
0.00883416
0.0101111
0.0100979
0.00996103
0.00942652
0.00937806
0.00937857
0.00834459
0.00834414
0.00931976
0.00890923
0.0100372
0.0108235
0.00754614
0.00813993
0.00780374
0.00976785
0.0102264
0.0100537
0.0105854
0.0118384
0.00944891
0.0117421
0.0135914
0.0123013
0.0110634
0.0108212
0.01069
0.0106894
0.0106894
0.01069
0.01069
0.0106894
0.0112218
0.0109562
0.0111899
0.0107949
0.011025
0.0117371
0.0121339
0.0101999
0.0158044
0.0150992
0.00962463
0.0139271
0.0111223
0.0154177
0.0126839
0.0129949
0.00971843
0.00965506
0.0132572
0.0123013
0.0116227
0.0121481
0.0114102
0.0121481
0.0141392
0.0177757
0.0139142
0.0146446
0.0112575
0.0121464
0.0109789
0.0108964
0.0122404
0.0123179
0.012496
0.012496
0.0142894
0.018414
0.0132542
0.0143218
0.0149655
0.0111226
0.0105866
0.0107719
0.0107716
0.0116772
0.0119626
0.0122452
0.0122452
0.0109368
0.0117813
0.0100253
0.0123311
0.0130556
0.0126776
0.0106051
0.0102231
0.0105403
0.0110193
0.0112717
0.0113652
0.0122281
0.0122281
0.01293
0.012643
0.0126246
0.0133276
0.0124315
0.0124315
0.00853733
0.00856305
0.00843104
0.0104079
0.0118473
0.0112828
0.0122419
0.0122419
0.0134434
0.0134434
0.0130984
0.012716
0.0128781
0.0120575
0.00986378
0.0138469
0.0100664
0.0119663
0.0116576
0.0123016
0.0123016
0.0138142
0.0140213
0.0128633
0.0112034
0.0123947
0.0142293
0.0151694
0.00951667
0.0135881
0.0111401
0.0122932
0.0172782
0.0157799
0.0114276
0.0118203
0.00911199
0.0146843
0.013954
0.013657
0.0158753
0.0143808
0.0162243
0.0167539
0.0181555
0.00904555
0.0106443
0.0105116
0.0107016
0.01069
0.01069
0.0106894
0.0106977
0.0107312
0.0112375
0.0108121
0.0100368
0.00890916
0.0093203
0.00834515
0.00834463
0.00937857
0.00937806
0.00942652
0.00996153
0.0100985
0.0101111
0.00883415
0.00837617
0.00941684
0.00927315
0.0113062
0.0087835
0.00857195
0.0107259
0.0105854
0.0100537
0.0102264
0.00976786
0.00854459
0.00837626
0.0093748
0.0087037
0.0105206
0.0101549
0.010485
0.012433
0.0136127
0.0112652
0.0113062
0.0106894
0.0106894
0.0106889
0.0106889
0.0106889
0.0106894
0.0113068
0.0112652
0.0130316
0.0119651
0.00924671
0.00835458
0.00803257
0.00999147
0.0157589
0.0164422
0.00932117
0.0122625
0.0108212
0.0112049
0.0112277
0.0132436
0.0104667
0.0096078
0.015891
0.0124336
0.0155387
0.0130518
0.013447
0.010516
0.0121274
0.0119301
0.0111807
0.0129622
0.0161059
0.0130257
0.0122344
0.0150121
0.0140134
0.0141276
0.0161862
0.0128309
0.0157096
0.0126246
0.0115622
0.0110338
0.0113055
0.0119076
0.013746
0.0165804
0.0127443
0.0120909
0.0112863
0.011805
0.0115107
0.0110229
0.0129177
0.0136809
0.0121448
0.0121443
0.0133282
0.0130976
0.0137
0.0115163
0.0138062
0.0133913
0.0123179
0.0123871
0.0133622
0.0136423
0.0107404
0.0110188
0.0126222
0.0147304
0.0140444
0.011999
0.0133723
0.0138996
0.0154827
0.0116909
0.00928125
0.0103501
0.0102506
0.011783
0.0149268
0.0151207
0.00940781
0.0110631
0.0131732
0.0127287
0.013086
0.0152289
0.0136193
0.0153282
0.015914
0.0161642
0.00805017
0.00989483
0.0100928
0.0106977
0.0106894
0.0106889
0.0106889
0.0106894
0.0107634
0.0107914
0.0110514
0.0110185
0.0101048
0.00944457
0.0125321
0.0103244
0.00828344
0.00815764
0.00795792
0.00937806
0.00937857
0.00937853
0.00937802
0.00795791
0.00815763
0.00828344
0.0103244
0.012529
0.00953622
0.0113215
0.011872
0.00851753
0.00857946
0.0079878
0.00937806
0.00937806
0.00937806
0.00937857
0.00834463
0.00834469
0.0092126
0.00834646
0.00903956
0.00994533
0.0101525
0.0121485
0.0129042
0.0112246
0.0116675
0.0109562
0.0112218
0.0106894
0.01069
0.01069
0.0106894
0.0112212
0.0109556
0.0111911
0.0110238
0.0114782
0.0129449
0.0118371
0.014795
0.0147705
0.0115081
0.0127032
0.0100626
0.0107303
0.0104979
0.0137501
0.00899209
0.0109729
0.00944391
0.0117315
0.0120883
0.014961
0.0146454
0.009491
0.0119543
0.0100567
0.0144097
0.0125529
0.00951478
0.0119079
0.0113527
0.0157658
0.0149322
0.0113412
0.0106005
0.0140584
0.0143537
0.0108854
0.0105874
0.0137545
0.0137545
0.0113307
0.0119133
0.012979
0.0137888
0.0130543
0.0123861
0.0125225
0.0108919
0.0103292
0.012436
0.0124268
0.011608
0.0146578
0.0134783
0.013808
0.0128638
0.0132814
0.0144215
0.0153247
0.0138211
0.0152865
0.0126907
0.0103911
0.00980731
0.0107435
0.0106941
0.0106894
0.0106894
0.01069
0.01069
0.0106894
0.0108206
0.011064
0.0112481
0.0128755
0.00970087
0.00944451
0.0125467
0.0103741
0.00830552
0.00818683
0.00844022
0.00973394
0.00974238
0.0094302
0.00942966
0.00974239
0.00973348
0.00883369
0.00837708
0.0093071
0.00875676
0.00985072
0.0101207
0.00905744
0.00918737
0.00837617
0.00884692
0.00976567
0.0103024
0.00971969
0.00969562
0.00777893
0.00771852
0.00780582
0.00901924
0.010442
0.0100533
0.0121742
0.0124324
0.0130289
0.0112235
0.011667
0.0109562
0.0112218
0.0106888
0.0106894
0.0106894
0.0106888
0.0112212
0.0109562
0.0116676
0.0112235
0.0123397
0.0116901
0.00894244
0.00843242
0.0164091
0.0154596
0.0110995
0.0131754
0.0111463
0.016421
0.0125257
0.0137835
0.0129374
0.00951629
0.0128484
0.0150989
0.0153674
0.0138475
0.0118585
0.00943973
0.0108166
0.0127348
0.0105678
0.0123311
0.00827683
0.00825623
0.0122635
0.0124278
0.0126252
0.0131561
0.00986611
0.0103751
0.0133049
0.0127155
0.0129699
0.0124072
0.0111014
0.0111278
0.0135859
0.013784
0.0125088
0.0106223
0.0105412
0.0163001
0.0155991
0.0111515
0.0103607
0.0105134
0.0158611
0.0173117
0.0104706
0.0101373
0.0107593
0.0107265
0.0106888
0.0106888
0.0106894
0.0106894
0.0106888
0.0106888
0.0106894
0.0113068
0.0112646
0.0133042
0.012922
0.013443
0.010948
0.0114041
0.0102036
0.0080568
0.00818773
0.00843989
0.00973287
0.0097423
0.00943027
0.00942973
0.00974232
0.00973344
0.00843988
0.00818773
0.00830595
0.0103737
0.0125403
0.00953562
0.0111505
0.0116629
0.010274
0.0128015
0.0111795
0.01174
0.0106691
0.0109132
0.00940878
0.00788632
0.00771806
0.0077793
0.0100563
0.00997198
0.0112452
0.0105824
0.0112212
0.0106894
0.01069
0.01069
0.0106894
0.0112218
0.0109562
0.0116675
0.011224
0.0129041
0.0121491
0.0101525
0.00991151
0.0163628
0.0102172
0.0159192
0.0106654
0.00873509
0.0100115
0.00943981
0.0140809
0.0107928
0.0146065
0.0148003
0.00991831
0.0139074
0.0135604
0.0140017
0.0126594
0.0100174
0.0097478
0.0127307
0.0146453
0.0146359
0.008042
0.0100442
0.0128937
0.0132634
0.010144
0.0108156
0.0130445
0.0130445
0.010804
0.0108043
0.012979
0.0131395
0.0128499
0.0103483
0.0105151
0.011188
0.0103291
0.0122671
0.0108412
0.0100784
0.0150092
0.0133243
0.0151565
0.0129116
0.0101486
0.0101486
0.0107558
0.0107558
0.0106894
0.0106894
0.01069
0.01069
0.0106894
0.0106894
0.01069
0.01069
0.0106894
0.0112212
0.0109556
0.0116221
0.0109998
0.0110989
0.0103294
0.00982045
0.0094302
0.0094302
0.00974237
0.00973341
0.00844032
0.0081873
0.00830553
0.0103741
0.0125466
0.00944405
0.0101044
0.00978735
0.00913993
0.00943206
0.00834414
0.00834414
0.00973477
0.00973478
0.0103325
0.0108476
0.0109562
0.011667
0.0112241
0.0129047
0.0121489
0.010152
0.0101549
0.00842384
0.0143108
0.00995132
0.0142294
0.0141509
0.0122999
0.0122998
0.013887
0.0143065
0.0160694
0.0112045
0.0108212
0.012262
0.0096802
0.00904468
0.00912075
0.0129055
0.0164141
0.0122853
0.0109506
0.0107824
0.0124444
0.0164297
0.0124646
0.0117352
0.0119552
0.00978675
0.010098
0.00941477
0.0117407
0.0107966
0.0115224
0.0118283
0.0113227
0.0120209
0.0126713
0.011244
0.011422
0.012583
0.0122426
0.0124315
0.0122601
0.0110109
0.0118325
0.0124813
0.0126413
0.0123124
0.0113246
0.0121527
0.0126351
0.0138591
0.010696
0.0130207
0.0111986
0.0153282
0.0136196
0.0152292
0.0139788
0.0112407
0.010148
0.0107552
0.0107552
0.0106889
0.0106889
0.0106894
0.0106894
0.0106889
0.0106889
0.0106894
0.0106894
0.0106889
0.0106889
0.010333
0.0103325
0.00976269
0.0103373
0.0100979
0.0101105
0.00844046
0.00818772
0.00830538
0.0103737
0.012546
0.00944458
0.0101048
0.0118456
0.00972558
0.00971728
0.00837663
0.00885016
0.0103727
0.0120439
0.0126708
0.0111541
0.0111755
0.0100995
0.0113852
0.0119211
0.0112834
0.0117398
0.0111783
0.0130753
0.0105128
0.0192622
0.0126081
0.0198167
0.0118145
0.0108212
0.0128039
0.00962464
0.0106405
0.0106856
0.0121485
0.0121485
0.0114099
0.0121016
0.0099998
0.00956016
0.0124966
0.0124962
0.0127158
0.0126411
0.014155
0.0113797
0.0122455
0.0122458
0.0120906
0.0113443
0.0144547
0.0130531
0.0122284
0.0122284
0.0113243
0.0113078
0.0127268
0.0123828
0.0122419
0.0122422
0.0117122
0.0117127
0.0138097
0.0126001
0.0123016
0.0123016
0.0117979
0.0119736
0.0069356
0.0132179
0.0122932
0.0135881
0.0111405
0.00995255
0.0049299
0.00951728
0.0141683
0.0161342
0.0141137
0.0155367
0.013657
0.0132984
0.0111481
0.0112562
0.0107558
0.0106894
0.0106894
0.01069
0.01069
0.0106894
0.0106894
0.01069
0.01069
0.010333
0.010333
0.00973533
0.00973533
0.00795835
0.00815764
0.00799516
0.0102229
0.0121933
0.00948967
0.0103724
0.0121128
0.0100964
0.0102054
0.00980632
0.0115717
0.0111821
0.0108187
0.0108034
0.0106749
0.0101442
0.00884737
0.0083762
0.00971674
0.00972517
0.0198159
0.011845
0.0191133
0.00899008
0.0143019
0.0137899
0.0126198
0.0132882
0.0144657
0.0122468
0.0101021
0.0113702
0.0114525
0.0124629
0.0112872
0.015108
0.0117806
0.0125225
0.0126509
0.012371
0.0129186
0.0136993
0.0157929
0.0127237
0.0121029
0.0102347
0.0124495
0.0128609
0.0137292
0.0121018
0.0118218
0.0138597
0.012359
0.0127155
0.0129013
0.0118546
0.0117127
0.0151838
0.0145333
0.0129682
0.0128813
0.0117979
0.0117979
0.0155046
0.00806359
0.0157381
0.0144246
0.0114715
0.00988207
0.011959
0.00579391
0.0114253
0.0124211
0.0149584
0.0135832
0.0177223
0.0109979
0.00932604
0.0124968
0.0109899
0.0109992
0.0106889
0.0106889
0.0106894
0.0106894
0.0106889
0.0106889
0.0106894
0.0106894
0.0105996
0.0101071
0.00854471
0.00837675
0.0090189
0.00856159
0.00919236
0.011511
0.0109664
0.010743
0.010693
0.010333
0.010333
0.0097342
0.00973419
0.00834416
0.00834461
0.00943217
0.0091399
0.0163129
0.0101189
0.0126044
0.0156303
0.00893404
0.0106669
0.0123438
0.0152271
0.0122897
0.0121918
0.0158872
0.00911706
0.0195016
0.0174743
0.0109108
0.0119763
0.00846211
0.013985
0.0188673
0.0157262
0.0145409
0.0161541
0.01182
0.013478
0.0143616
0.0124457
0.0140555
0.0114004
0.0127462
0.0115939
0.0124831
0.0109463
0.00980506
0.00881603
0.0107293
0.0122648
0.012697
0.0169291
0.0145782
0.0114699
0.0122193
0.0193874
0.0165629
0.0128989
0.0121864
0.0115892
0.0142093
0.0111749
0.0093493
0.00938473
0.00837626
0.00854458
0.0101077
0.0105996
0.0106889
0.0106889
0.0106894
0.0106894
0.0106889
0.0106889
0.010333
0.0103336
0.0100537
0.0105854
0.0121224
0.00954068
0.0110774
0.0109441
0.010987
0.0108416
0.0106977
0.0106894
0.01069
0.01069
0.010333
0.010333
0.00973531
0.00973531
0.00795835
0.00815763
0.00833814
0.0107433
0.0130676
0.0130937
0.0131248
0.0101111
0.0119533
0.0150445
0.0137975
0.00949796
0.0127241
0.0121924
0.0141196
0.0151989
0.0199859
0.0122911
0.0133335
0.0129104
0.0138203
0.0169932
0.0143843
0.0150392
0.0123954
0.0130328
0.0125394
0.00691655
0.0130139
0.0112994
0.00812697
0.0064227
0.0142951
0.014024
0.0187778
0.0110124
0.0117843
0.0148826
0.0148347
0.0169151
0.0137233
0.00965067
0.00898998
0.00929205
0.00834462
0.00834514
0.00973479
0.00973477
0.0103336
0.0103336
0.0106894
0.0106894
0.01069
0.01069
0.0106894
0.0106894
0.0106002
0.0101077
0.00814994
0.00859071
0.00908653
0.0133948
0.0113748
0.0114643
0.0108532
0.0107553
0.0106889
0.0106889
0.0106894
0.0106894
0.0106889
0.0106889
0.010333
0.010333
0.0097627
0.0103367
0.0104919
0.0110618
0.011113
0.011047
0.0108929
0.014153
0.0129126
0.012988
0.010893
0.00876855
0.0125954
0.0128586
0.0123211
0.0118009
0.0126867
0.0105307
0.0115373
0.011648
0.0136896
0.014444
0.0130097
0.010985
0.0146694
0.0134143
0.00678879
0.0120473
0.0168447
0.016572
0.0133837
0.00605938
0.0161028
0.012254
0.0178456
0.0179256
0.0129419
0.0114411
0.0155664
0.0173939
0.0118947
0.00804577
0.00857958
0.00798728
0.00973478
0.00973479
0.0103325
0.0103325
0.0106894
0.0106894
0.0106889
0.0106889
0.0106894
0.0106894
0.0103325
0.010333
0.0100537
0.0105854
0.011942
0.00947961
0.0110014
0.0118033
0.0110987
0.01076
0.0107271
0.0106894
0.0106894
0.01069
0.01069
0.0106894
0.0106894
0.01069
0.01069
0.0106894
0.0106894
0.0107271
0.01076
0.0101378
0.0104699
0.0148626
0.0124322
0.0103615
0.010514
0.0134683
0.0142601
0.0106219
0.0105412
0.0153504
0.0122511
0.00926936
0.00981847
0.0096986
0.0101747
0.0107518
0.0187236
0.0161387
0.00894163
0.00826333
0.0177792
0.0156335
0.0125761
0.0101583
0.0124476
0.0161781
0.0147296
0.0166144
0.0114143
0.0139838
0.0159263
0.0157191
0.015753
0.015659
0.0163214
0.0151514
0.0118229
0.0096297
0.0114669
0.0105859
0.0100537
0.0103336
0.0103336
0.0106894
0.0106894
0.01069
0.01069
0.0106894
0.0106894
0.01069
0.01069
0.0106002
0.0101071
0.00815003
0.00859072
0.00885866
0.0127562
0.011193
0.0109059
0.010743
0.0106936
0.0106888
0.0106888
0.0106894
0.0106894
0.0106888
0.0106888
0.0106894
0.0106894
0.0106888
0.0106888
0.0107553
0.0107553
0.0101473
0.0101473
0.0123406
0.0118356
0.0100792
0.0100786
0.0110209
0.0113733
0.0107204
0.010148
0.0101486
0.0196304
0.0114887
0.015447
0.0162534
0.0110718
0.0142962
0.0114556
0.0105974
0.0109504
0.0188847
0.0203077
0.00812127
0.0105481
0.0157287
0.0173415
0.0142333
0.0103243
0.0127309
0.00956782
0.0146286
0.0167472
0.00994402
0.012721
0.0155821
0.0154427
0.0169741
0.0160669
0.0157137
0.0144401
0.0114061
0.00952896
0.00946595
0.00837675
0.0085447
0.0101071
0.0105996
0.0106894
0.0106894
0.0106888
0.0106888
0.0106894
0.0106894
0.0106888
0.0106888
0.010333
0.010333
0.0100532
0.0105854
0.0122322
0.00968913
0.0107223
0.0114322
0.010991
0.0107306
0.0106983
0.01069
0.0106894
0.0106894
0.01069
0.01069
0.0106894
0.0106894
0.01069
0.01069
0.0106894
0.0106894
0.0107559
0.0107559
0.0101478
0.0101478
0.0140925
0.0126897
0.0100786
0.0100792
0.00990823
0.0104038
0.0100588
0.0138031
0.0130582
0.0126601
0.0112956
0.01312
0.0135177
0.0119206
0.0101486
0.010148
0.0156727
0.0125847
0.0115648
0.0109654
0.0136611
0.0173686
0.0127831
0.0126171
0.0131171
0.0107415
0.0149133
0.0140546
0.014012
0.0142962
0.0144167
0.014284
0.0155997
0.0155046
0.0149807
0.0168302
0.0123902
0.0150872
0.0181406
0.0171864
0.00946454
0.00882168
0.00926173
0.00834459
0.00834413
0.0097348
0.00973534
0.010333
0.010333
0.01069
0.01069
0.0106894
0.0106894
0.01069
0.01069
0.0106894
0.0106894
0.0106002
0.0101082
0.00815037
0.0085908
0.00902861
0.013099
0.0119516
0.0118899
0.0107921
0.0107629
0.0106888
0.0106894
0.0106894
0.0106889
0.0106889
0.0106894
0.0106894
0.0106889
0.0106889
0.0106894
0.0106894
0.0106889
0.0106889
0.0107553
0.0107553
0.0101473
0.0101473
0.00866598
0.0106358
0.00898821
0.0140819
0.0137386
0.0155961
0.0104375
0.0149093
0.0129351
0.0161345
0.0100792
0.0100786
0.0130963
0.0118387
0.010148
0.0101486
0.0143366
0.0144255
0.0112093
0.0107546
0.0126138
0.0138984
0.0133008
0.0106066
0.0125929
0.0109154
0.0124163
0.010337
0.0153681
0.0150998
0.0139983
0.0130116
0.00970506
0.0142628
0.0132459
0.0152394
0.0123612
0.0126322
0.0117522
0.0129843
0.0148221
0.0117216
0.0118947
0.00804576
0.00857957
0.00798728
0.00973478
0.00973479
0.010333
0.010333
0.0106889
0.0106889
0.0106894
0.0106894
0.0106888
0.0106888
0.0106894
0.0106894
0.0106889
0.0106889
0.0109734
0.0109777
0.0119157
0.00914971
0.0101877
0.00843417
0.00820784
0.0103812
0.0123748
0.0105189
0.0129987
0.0138247
0.0125708
0.0110411
0.0108207
0.01069
0.0106894
0.0106894
0.01069
0.01069
0.0106894
0.0106894
0.01069
0.01069
0.0106894
0.0106894
0.01069
0.01069
0.0106894
0.0106894
0.0107558
0.0107558
0.0101478
0.0101478
0.0115601
0.00933092
0.0161241
0.0163471
0.0100786
0.0100792
0.0117146
0.0132347
0.0101486
0.010148
0.0132961
0.0130159
0.0107552
0.0107552
0.0134206
0.0130894
0.0110604
0.0107021
0.014647
0.014764
0.0103955
0.0119133
0.012659
0.0100168
0.0130926
0.0128887
0.010941
0.0103835
0.0129593
0.010706
0.0124977
0.0165915
0.0151857
0.0110232
0.0108649
0.0105334
0.0112543
0.0114174
0.0115899
0.0096297
0.0114669
0.010586
0.0100537
0.0103336
0.0103336
0.0106894
0.0106894
0.0106894
0.0106894
0.01069
0.01069
0.0106894
0.0106894
0.01069
0.01069
0.0106894
0.0106894
0.0106941
0.0112388
0.0111809
0.0126905
0.010367
0.01045
0.0106201
0.0102368
0.0101448
0.00888223
0.00855828
0.01002
0.0125257
0.0138948
0.0112345
0.0112622
0.0112224
0.0109568
0.0116215
0.0109992
0.0110984
0.0107265
0.0101567
0.0103367
0.0097627
0.010333
0.010333
0.0106889
0.0106889
0.0106894
0.0106894
0.0106889
0.0106889
0.0107553
0.0107553
0.0101473
0.0101473
0.00999538
0.0116487
0.0100792
0.0100786
0.00999562
0.0104359
0.010148
0.0101486
0.0123126
0.0129792
0.0107546
0.0107546
0.0125266
0.0122137
0.010968
0.0106894
0.0118843
0.00941433
0.012642
0.0109887
0.012464
0.0140017
0.0120815
0.00979272
0.0157304
0.0151339
0.0129262
0.0103148
0.0123536
0.0145391
0.011383
0.0122485
0.0126045
0.0111973
0.0136214
0.0119566
0.00935896
0.0088996
0.00929528
0.00837626
0.00854459
0.0101077
0.0105996
0.0106894
0.0106894
0.0106889
0.0106889
0.0106889
0.0106889
0.0106894
0.0106894
0.0106888
0.0106888
0.0106894
0.0106894
0.0106889
0.0106889
0.0106894
0.0106983
0.0109771
0.0115992
0.0125936
0.0111938
0.0111951
0.0109382
0.010693
0.010333
0.010333
0.0100981
0.0105904
0.0109639
0.0114675
0.0114595
0.0116681
0.0112246
0.0141118
0.0133224
0.0135364
0.0113332
0.0108635
0.0100699
0.00775576
0.00815762
0.00795791
0.00973476
0.00973479
0.010333
0.010333
0.0106894
0.0106894
0.0106889
0.0106889
0.0107553
0.0107553
0.0101473
0.0104443
0.0106628
0.0124562
0.010184
0.0102797
0.0131398
0.00989098
0.0101486
0.0098695
0.0126413
0.0124818
0.0107546
0.0107552
0.0113328
0.0121316
0.0106894
0.0106894
0.0100987
0.00978717
0.0110347
0.0105996
0.0164298
0.0124453
0.009777
0.0116622
0.0169823
0.0126452
0.0111916
0.0132296
0.0115569
0.0115035
0.0101326
0.0114898
0.0122044
0.0114927
0.00804578
0.00857959
0.00798727
0.00973477
0.00973425
0.0103325
0.0103336
0.0103336
0.0103336
0.00976325
0.0103373
0.0101567
0.0107265
0.0110989
0.0109998
0.0116221
0.0109556
0.0112218
0.01069
0.0106894
0.0106889
0.0106894
0.0106894
0.0106889
0.0112554
0.0112388
0.0130829
0.0124243
0.0103393
0.00872327
0.011196
0.0115044
0.0107968
0.0106977
0.0106895
0.01069
0.01069
0.0106894
0.011256
0.0112394
0.0131621
0.0128232
0.0119027
0.0114874
0.00881647
0.00856114
0.00901948
0.00837679
0.00854464
0.0101077
0.0106002
0.01069
0.01069
0.0106894
0.0106894
0.0107559
0.0110331
0.0104443
0.0113391
0.0114395
0.0139332
0.0121716
0.0139926
0.0140366
0.0112349
0.0121977
0.011744
0.00848879
0.0109337
0.00963368
0.012418
0.00968723
0.00761408
0.0119731
0.0117973
0.0107552
0.0107775
0.0113213
0.0113303
0.01069
0.01069
0.0113438
0.0120904
0.0102503
0.0103373
0.012641
0.0127159
0.00997088
0.00834265
0.0125195
0.0134186
0.0137804
0.00937847
0.0126947
0.0124588
0.0116424
0.0113565
0.00977211
0.00909369
0.0112111
0.0105859
0.0100537
0.00997719
0.0099772
0.00976325
0.0103368
0.0100979
0.0101111
0.00844031
0.0081867
0.00800764
0.00995967
0.0111323
0.0106964
0.0132051
0.012922
0.0133041
0.0112645
0.0113062
0.0106894
0.01069
0.01069
0.0106894
0.0106894
0.01069
0.0112218
0.0105819
0.0108286
0.00941845
0.0099361
0.0101231
0.0117521
0.0111615
0.0108573
0.0106936
0.0106889
0.0106889
0.0106894
0.0106977
0.0109765
0.0111907
0.0123192
0.0109413
0.00949297
0.0123114
0.0109737
0.0107038
0.0106894
0.0106894
0.0106889
0.0106889
0.0107753
0.0105196
0.0109742
0.00870469
0.0111019
0.0129444
0.0113325
0.0147938
0.0144717
0.0127295
0.0112568
0.0111869
0.00953752
0.0124099
0.00701776
0.00688198
0.0128943
0.0103112
0.0124543
0.013814
0.0117571
0.0149079
0.00829677
0.00929854
0.0123024
0.0123023
0.011061
0.0126731
0.0122433
0.0122433
0.0107558
0.011341
0.0122455
0.0122461
0.0102431
0.0107797
0.0124962
0.0124962
0.00792852
0.00981519
0.0126085
0.0118001
0.0103184
0.00810385
0.0137353
0.0132865
0.0143321
0.01372
0.0125211
0.0130938
0.0132463
0.0140188
0.0108893
0.00969613
0.0122163
0.00839169
0.00859034
0.00814991
0.00976841
0.0102265
0.00973479
0.00973476
0.00795791
0.00815764
0.00828344
0.0103244
0.0124094
0.00904135
0.00929494
0.0128761
0.0112487
0.0110634
0.01082
0.0106894
0.0106894
0.0106889
0.0106894
0.0106894
0.0105996
0.0101071
0.00780382
0.00783859
0.007884
0.0101831
0.0111959
0.0115044
0.0107962
0.0106982
0.01069
0.0106894
0.0106894
0.0106941
0.0109388
0.0108289
0.0109365
0.0132384
0.0104299
0.0105791
0.0097268
0.01069
0.01069
0.0106894
0.0106977
0.0101344
0.010176
0.00844108
0.0112234
0.0142526
0.0102079
0.00942363
0.0123634
0.0117406
0.0140147
0.0168809
0.0123842
0.00865614
0.00956486
0.0121076
0.0126835
0.015908
0.00953652
0.0130757
0.0149476
0.0109608
0.0137646
0.0127466
0.0117971
0.0117975
0.0107764
0.0117803
0.00844006
0.0127838
0.0147556
0.0142323
0.00987404
0.00916025
0.00838458
0.0127527
0.0104564
0.0117128
0.0117128
0.0154326
0.0140286
0.0141909
0.0117271
0.010675
0.00947209
0.0097575
0.00999415
0.01122
0.0113589
0.011709
0.0117096
0.0128257
0.0136658
0.0114417
0.010889
0.00979365
0.00979365
0.0100774
0.0108911
0.0112965
0.0112253
0.0118992
0.012078
0.0121941
0.0125981
0.0109346
0.011352
0.0101345
0.0106541
0.0107684
0.0121568
0.0104955
0.0114368
0.0120038
0.0124494
0.0115129
0.0101223
0.0120992
0.0127535
0.0103741
0.011656
0.0110658
0.012706
0.0107702
0.0110117
0.0119818
0.012613
0.0159451
0.0140551
0.0155579
0.0126188
0.0111728
0.0123175
0.0114348
0.0100657
0.00913289
0.0084295
0.0109522
0.00997278
0.0100474
0.0102854
0.00976624
0.00884738
0.00837663
0.00937411
0.00912112
0.0102725
0.01071
0.0105882
0.010792
0.010764
0.01069
0.01069
0.01069
0.0109998
0.0109899
0.0110732
0.00882297
0.00920396
0.0117521
0.0111615
0.0108567
0.010693
0.0106894
0.0106894
0.0106889
0.0108201
0.0109019
0.0120604
0.0113309
0.00908272
0.00793874
0.00950614
0.0100393
0.0106894
0.0106894
0.010693
0.0107423
0.0103694
0.0109839
0.0111021
0.0129449
0.0132584
0.0129534
0.0155261
0.00806893
0.0143607
0.0134894
0.0126589
0.0103113
0.0143958
0.0132544
0.0122796
0.0156227
0.011692
0.0141246
0.0119877
0.0121676
0.013175
0.0133089
0.00948097
0.0117236
0.00936285
0.00973499
0.01212
0.0119663
0.0128427
0.012892
0.0104456
0.010965
0.0111873
0.0106277
0.0126864
0.0121028
0.0140247
0.0131881
0.0107231
0.0133938
0.0120443
0.0115369
0.0115862
0.0127009
0.0145514
0.0147564
0.0130267
0.016318
0.0138064
0.0138611
0.0124663
0.0128338
0.0191498
0.0166387
0.011794
0.0122049
0.0130315
0.0131199
0.00959024
0.0124694
0.0108109
0.017175
0.0214276
0.0115504
0.0117546
0.0103708
0.0100562
0.00967765
0.00758212
0.00616794
0.00578845
0.00737152
0.0100343
0.0115484
0.0113431
0.013143
0.0102662
0.0119392
0.0103396
0.0107043
0.0107306
0.0106977
0.0106894
0.0107546
0.0112562
0.0103492
0.0114444
0.0104704
0.0110408
0.00991291
0.010341
0.0108476
0.0109562
0.0111901
0.010795
0.0110163
0.0116078
0.00851487
0.0109671
0.0104171
0.0107759
0.01069
0.01069
0.0107265
0.0107594
0.0107048
0.0107724
0.0106055
0.0136105
0.0144572
0.0148647
0.00917808
0.0086585
0.0108663
0.011171
0.00920738
0.0114536
0.0163908
0.0138218
0.0101575
0.0113114
0.0108975
0.0107468
0.0113452
0.0115167
0.0138921
0.0143519
0.0130196
0.0109867
0.0106466
0.0111184
0.0116146
0.0120736
0.0127332
0.0133458
0.0114948
0.0110263
0.0106083
0.0105089
0.0120368
0.0138478
0.0112075
0.0108985
0.0125364
0.0100356
0.0114428
0.0109501
0.0114999
0.00639065
0.0182186
0.0135263
0.013081
0.0163022
0.0139252
0.0115333
0.00617108
0.0117848
0.0190867
0.00874772
0.0158126
0.0117187
0.00987729
0.0120132
0.00898277
0.00701648
0.0093585
0.0148107
0.01393
0.0141297
0.00968658
0.013295
0.0112521
0.00540111
0.0125067
0.0111488
0.00843238
0.0100345
0.00844693
0.00985677
0.0117572
0.0090179
0.00933316
0.0106281
0.0106147
0.0107435
0.0106942
0.0107552
0.0107552
0.0101486
0.0101578
0.0107113
0.00816185
0.00825305
0.00847507
0.0103728
0.0119747
0.0122471
0.00995607
0.00891781
0.011562
0.0104443
0.0110331
0.0107553
0.0106894
0.0106894
0.0107547
0.0107547
0.0101478
0.0101478
0.0109451
0.013131
0.00959873
0.0126103
0.0101606
0.0092395
0.0112993
0.0100788
0.0100782
0.0103546
0.0122688
0.0150221
0.0101878
0.0081507
0.0097087
0.0102226
0.0101486
0.0118291
0.0116633
0.0140291
0.0134559
0.0107315
0.0107546
0.0108571
0.0107552
0.0131204
0.0121224
0.0137436
0.0124528
0.0105904
0.0100987
0.0107593
0.0107265
0.0146045
0.0145542
0.0103334
0.0124258
0.0085582
0.00888119
0.0107546
0.0107546
0.0140424
0.00773317
0.0156975
0.0129348
0.0104556
0.0130945
0.0113239
0.0108359
0.00729242
0.00850457
0.00717807
0.013651
0.0140959
0.0144448
0.0106561
0.0105006
0.00808016
0.0082181
0.00781492
0.00900819
0.0130548
0.00977301
0.0137239
0.0138684
0.0143127
0.00719807
0.00893399
0.0144671
0.0116138
0.00711753
0.00432821
0.0127624
0.0119633
0.0100237
0.0100778
0.0111357
0.0105271
0.0107593
0.0107265
0.0107546
0.0107546
0.010148
0.010148
0.0097833
0.00956372
0.00995921
0.00991146
0.0106716
0.00994263
0.0103978
0.00982701
0.0103336
0.0103336
0.0107553
0.0107553
0.0101484
0.0104448
0.0162539
0.013683
0.0150453
0.00868235
0.0122643
0.0118006
0.0107483
0.0121404
0.00909966
0.0104692
0.0108729
0.0101839
0.0102793
0.0111712
0.0129406
0.0095588
0.00979678
0.0101963
0.0104914
0.0101486
0.00986934
0.0107629
0.0117416
0.0121211
0.0115961
0.0110996
0.0107753
0.0107553
0.0107553
0.0120486
0.0121552
0.0137777
0.0119978
0.0103336
0.0103336
0.01069
0.01069
0.0124688
0.0124467
0.0139476
0.0141348
0.0101442
0.0106755
0.010333
0.010333
0.0121176
0.013628
0.0140106
0.014045
0.0111558
0.0108835
0.0106756
0.0101448
0.0129174
0.007998
0.0148805
0.0154167
0.011855
0.0118869
0.0120158
0.0104137
0.0103172
0.00802804
0.00802131
0.00965268
0.0114735
0.0123478
0.0130895
0.0109101
0.0116061
0.0110825
0.00692641
0.00854401
0.0123766
0.012041
0.0104223
0.0107356
0.0113761
0.0111019
0.0104984
0.0103972
0.00982638
0.0103971
0.0100319
0.0104121
0.0101737
0.00783814
0.00818903
0.00798725
0.00973476
0.00973425
0.0103962
0.0106699
0.0104443
0.0113392
0.00789737
0.0117096
0.00939739
0.0153183
0.010254
0.0119257
0.0154746
0.00872485
0.0104854
0.0106952
0.0133964
0.0127916
0.0126026
0.0121516
0.00848912
0.0109339
0.00774286
0.00922488
0.0130853
0.0107017
0.0125689
0.0117958
0.00968706
0.00761407
0.0110299
0.0100244
0.0116506
0.0108545
0.0109175
0.00955418
0.0107547
0.0107774
0.0118671
0.0118451
0.0110199
0.0106025
0.010333
0.010333
0.0106894
0.0106894
0.0123869
0.0123875
0.0168792
0.0134117
0.0107546
0.0107546
0.00976272
0.0103367
0.0126089
0.0118292
0.0174865
0.0135245
0.0104266
0.0102418
0.00845898
0.00818722
0.0136846
0.0129839
0.0123299
0.01139
0.011104
0.0114233
0.0116933
0.0091117
0.0122837
0.00954282
0.0101954
0.00991477
0.00997483
0.0106421
0.00819793
0.0090587
0.00831376
0.0114497
0.0120829
0.0111805
0.0121847
0.0123319
0.0123935
0.0114
0.0107781
0.0102727
0.0081418
0.00818571
0.0083387
0.0103327
0.00953517
0.0089794
0.00927176
0.0083442
0.00834512
0.0097974
0.00949362
0.0105528
0.00846574
0.00865934
0.0107091
0.00821884
0.00819868
0.00833825
0.0107214
0.0132984
0.0132785
0.0135149
0.0124889
0.0120782
0.0138658
0.0121582
0.0137746
0.00701809
0.00688166
0.00965852
0.00835411
0.0133103
0.0133175
0.0119307
0.00719454
0.00829713
0.00929856
0.00893139
0.00951799
0.0123204
0.0138755
0.00777281
0.00744823
0.0110609
0.012673
0.0109811
0.0117094
0.0134184
0.00958432
0.0097638
0.0103373
0.0107558
0.011341
0.0118038
0.0118044
0.0142408
0.0123843
0.0107546
0.0107552
0.0102431
0.0107797
0.0118006
0.0126089
0.0159923
0.0154279
0.0101486
0.010148
0.00784631
0.0101833
0.0124186
0.012762
0.0145399
0.0123537
0.0102907
0.010905
0.0130598
0.00936206
0.0100007
0.00944063
0.0115033
0.0108586
0.0101277
0.00854466
0.00837632
0.00929521
0.0089001
0.00935933
0.0110341
0.0111966
0.0115176
0.0116807
0.0133779
0.0136609
0.0102262
0.0109521
0.0119998
0.0096796
0.0104393
0.0116843
0.00972622
0.00972655
0.00771787
0.00782438
0.00757821
0.0126095
0.0109606
0.0101016
0.0103427
0.0105025
0.0110017
0.0116653
0.0118144
0.0120643
0.0107685
0.0173536
0.0135381
0.0199823
0.010906
0.00866758
0.0115002
0.0143389
0.0147833
0.0143136
0.00712023
0.00977994
0.0130229
0.0123466
0.0129466
0.00965038
0.0162585
0.0126549
0.00697213
0.00892544
0.0127525
0.0104564
0.0122044
0.0122034
0.0154477
0.0147023
0.0101567
0.0107271
0.0112198
0.0113588
0.0123866
0.0123871
0.0126305
0.00986705
0.0107552
0.0107546
0.0109208
0.0109639
0.0126088
0.0118004
0.0128034
0.0101014
0.010148
0.0101486
0.0110143
0.0111388
0.0137347
0.0132857
0.0151853
0.0165926
0.0100788
0.0102213
0.0120757
0.01392
0.0122159
0.00839243
0.00823687
0.00781421
0.00948235
0.010435
0.0114676
0.00962988
0.0115897
0.0104828
0.0110455
0.0116308
0.0110961
0.00879425
0.0161522
0.0142236
0.00872384
0.00845134
0.0122125
0.0121322
0.0093769
0.0098682
0.0114387
0.0117015
0.0107955
0.0106977
0.0106894
0.0106936
0.0109381
0.0111191
0.0112643
0.0125433
0.0104905
0.0203257
0.0126849
0.0190732
0.0110658
0.0104274
0.011399
0.0144792
0.0110985
0.01264
0.00980689
0.0102534
0.0111863
0.012168
0.00956528
0.0122977
0.0141356
0.0101246
0.00913149
0.00990136
0.00936283
0.00950109
0.0117104
0.0117094
0.0131593
0.0113028
0.0107334
0.0107552
0.011188
0.0106277
0.0118039
0.0118044
0.015181
0.0152357
0.0107546
0.0107552
0.0112885
0.011289
0.0118006
0.0126089
0.0141017
0.013101
0.0101486
0.010148
0.0119515
0.0109628
0.0124183
0.0130042
0.0126308
0.0117518
0.0100783
0.0100788
0.0127107
0.00959923
0.0100481
0.00910554
0.011037
0.00955224
0.00909428
0.00765586
0.00820552
0.00804622
0.0118954
0.0101481
0.0104818
0.0112137
0.0115162
0.00996582
0.0122879
0.00978852
0.009701
0.0109585
0.00781005
0.0117519
0.0111619
0.0108572
0.0106942
0.01069
0.0107634
0.010874
0.0115773
0.010863
0.00858023
0.00798479
0.0096515
0.00930887
0.0161395
0.0101189
0.0126689
0.0154602
0.0103792
0.00911603
0.0111016
0.0129447
0.0124836
0.0101556
0.0100246
0.00956452
0.00951058
0.00828109
0.0126583
0.0103108
0.00981685
0.0107382
0.00998649
0.0101486
0.0103598
0.0102134
0.0117562
0.0120708
0.0124955
0.0102164
0.0107558
0.0107558
0.0102534
0.0101456
0.0114184
0.0119405
0.0143229
0.0129366
0.0107552
0.0107546
0.011083
0.0104012
0.0119554
0.0119612
0.0152098
0.0151384
0.010148
0.010148
0.0104527
0.0104825
0.014192
0.0132862
0.0145399
0.0123544
0.0100782
0.0100782
0.00932817
0.00834232
0.0122165
0.00839195
0.00836307
0.00765749
0.00804905
0.00820807
0.00929621
0.0088997
0.00935944
0.0101475
0.0101481
0.0107559
0.0114866
0.0112265
0.0137881
0.0134052
0.0104135
0.00751554
0.0106896
0.0114628
0.0108409
0.0106977
0.0106977
0.01073
0.0114765
0.0114337
0.00939969
0.00922146
0.00810984
0.00826544
0.00833879
0.0109413
0.012676
0.0139048
0.010432
0.0100471
0.0135357
0.0146976
0.0142045
0.00982997
0.00966206
0.0103538
0.00809317
0.00865174
0.0111011
0.0160363
0.0122975
0.0101486
0.010148
0.0102908
0.00982276
0.0107731
0.0104999
0.0148031
0.0145917
0.0107552
0.0107552
0.0100275
0.0107425
0.0106098
0.00879096
0.0121149
0.00878556
0.0107546
0.0107546
0.0086549
0.00839551
0.0105347
0.0131049
0.0117994
0.00911513
0.010148
0.0101486
0.0114327
0.00916239
0.0132138
0.0129944
0.0157889
0.0161704
0.0100788
0.0100782
0.0137488
0.0143257
0.0100207
0.00910554
0.0110371
0.00985743
0.0098574
0.0112746
0.00965221
0.0119432
0.0101475
0.0101475
0.0104011
0.0103967
0.00925663
0.011014
0.0105334
0.0129673
0.010932
0.0107298
0.010874
0.0107271
0.0106941
0.0109386
0.0111197
0.0112637
0.00981566
0.0097734
0.00986408
0.010405
0.0104677
0.0107768
0.0115145
0.00917104
0.0088118
0.0109209
0.0110993
0.0126395
0.0100783
0.0100788
0.01146
0.00938401
0.0083828
0.0103752
0.0152156
0.0103626
0.010148
0.0101486
0.0116476
0.0100978
0.0108189
0.0110376
0.0158361
0.0139602
0.0107558
0.0107558
0.0108524
0.0113919
0.00899818
0.0112816
0.0111132
0.014432
0.0107552
0.0107552
0.00822557
0.010732
0.0118925
0.0121548
0.0101986
0.0120801
0.0101486
0.010148
0.0128462
0.00965278
0.0105335
0.0119212
0.0149944
0.014123
0.0100783
0.0100788
0.0128747
0.00942932
0.00954672
0.00785056
0.007229
0.00721712
0.00746199
0.00831512
0.00834266
0.0125779
0.0101481
0.010148
0.0106103
0.0101741
0.00780429
0.00771145
0.00712274
0.00986904
0.0114342
0.0110407
0.0107429
0.0107429
0.0108734
0.0115772
0.010863
0.0104701
0.0101373
0.0107593
0.0107101
0.0100928
0.00989483
0.00804962
0.0129962
0.0127606
0.0124842
0.0101565
0.0103611
0.0105135
0.011062
0.00940736
0.0130237
0.0121245
0.00999574
0.0107406
0.0105412
0.0106223
0.0113933
0.0133718
0.0125494
0.0119418
0.0127913
0.0128413
0.0111278
0.0111014
0.0122392
0.012265
0.013114
0.0138965
0.012668
0.0126232
0.0108028
0.0112875
0.0131361
0.013781
0.0151928
0.0118821
0.0136343
0.0120692
0.0104998
0.010834
0.0127187
0.00940173
0.0108614
0.00920217
0.013956
0.0134112
0.0104373
0.0102814
0.00885957
0.00789213
0.00926471
0.00885837
0.00785757
0.0074987
0.0089426
0.00876167
0.00995129
0.0105773
0.0101475
0.0109447
0.0109986
0.0108936
0.00842117
0.00809084
0.0113552
0.0113509
0.0107926
0.0107065
0.0114771
0.0114336
0.0103911
0.00980677
0.0107224
0.0107229
0.00980788
0.0106872
0.0110979
0.0140444
0.0146964
0.014204
0.0124268
0.011608
0.0126152
0.0118742
0.00953311
0.0122519
0.0152459
0.0112605
0.0125225
0.0123858
0.0123861
0.0121868
0.0117852
0.0129772
0.0132544
0.0122207
0.0119132
0.0117034
0.0113089
0.0115216
0.0113457
0.00633928
0.0143795
0.0139925
0.0114301
0.0138413
0.01373
0.0108078
0.0067711
0.0125587
0.0162623
0.0144535
0.0121077
0.00953028
0.00992026
0.0124277
0.00897111
0.0082979
0.0106166
0.0180772
0.0179036
0.00919217
0.0114643
0.0095892
0.0120356
0.0081111
0.00791376
0.00923896
0.00948279
0.0115302
0.011571
0.0105774
0.0108953
0.0111928
0.0104864
0.0118517
0.0119702
0.0115214
0.0108019
0.0103638
0.0108049
0.0100776
0.0080697
0.00987166
0.010135
0.0107106
0.0110395
0.0104326
0.011687
0.0108428
0.0135959
0.0107475
0.0121635
0.00932684
0.0110089
0.00881424
0.0114177
0.0112045
0.0102729
0.0137865
0.010125
0.0107035
0.0127849
0.0101713
0.00793753
0.011132
0.0113132
0.0112044
0.0108374
0.0118422
0.0118391
0.0101748
0.0107792
0.0128421
0.00749191
0.0169927
0.0124403
0.0131366
0.0137808
0.00892936
0.00826331
0.0078838
0.00902203
0.0190161
0.0108513
0.0127191
0.00940172
0.0124135
0.00935295
0.00803926
0.00772913
0.00633165
0.0064431
0.0143537
0.0160856
0.0080771
0.00789234
0.00885969
0.0126507
0.0127842
0.00864334
0.00905789
0.0109415
0.00809121
0.0081618
0.0104745
0.00943632
0.0102625
0.0100873
0.0110078
0.0118013
0.011067
0.0102214
0.00835704
0.00795518
0.00870449
0.0110237
0.0105196
0.0107753
0.0107747
0.0105196
0.0109741
0.00870439
0.0162932
0.0133687
0.00886258
0.00942744
0.00878177
0.00863807
0.00701798
0.00688204
0.0127279
0.0158205
0.00981669
0.00999499
0.00798843
0.0089209
0.00829674
0.00929903
0.0104605
0.0104205
0.0124954
0.00972989
0.0103104
0.0105839
0.0105064
0.0123922
0.0109157
0.014317
0.0128016
0.0112981
0.0107314
0.00822577
0.00780762
0.0106077
0.0152239
0.0086982
0.0102162
0.0123919
0.00965336
0.0125308
0.0123602
0.00920016
0.0084002
0.00777777
0.00845777
0.00989679
0.0123366
0.0106317
0.011243
0.0094747
0.00743915
0.0124457
0.00916787
0.0128208
0.0098875
0.00949442
0.00712227
0.00751019
0.00732036
0.00732033
0.00751068
0.00775783
0.0101012
0.0116793
0.0104451
0.011033
0.0107312
0.0101344
0.0101757
0.00844084
0.00747227
0.0126654
0.00928323
0.0116587
0.0115502
0.0108563
0.0131059
0.0109036
0.00866263
0.0111937
0.0123846
0.00865634
0.00888477
0.0117635
0.0143155
0.011476
0.00739147
0.00952301
0.0137641
0.0127466
0.00932113
0.00744834
0.0146973
0.0135614
0.010023
0.0098727
0.0130317
0.0108504
0.00980365
0.0119122
0.0117466
0.00874501
0.00820773
0.00847501
0.0112573
0.0118459
0.0149288
0.0145584
0.0125975
0.00828325
0.00902846
0.0109923
0.0114211
0.0115125
0.0113647
0.0094591
0.00847108
0.00981567
0.0114995
0.0126535
0.0114367
0.0118786
0.0122538
0.0115012
0.0101535
0.0106716
0.00982148
0.0102631
0.00943684
0.0106644
0.00855331
0.0091078
0.0104451
0.010148
0.0107265
0.0107101
0.0103692
0.0112971
0.00687636
0.00815682
0.00787224
0.01008
0.0108499
0.0121695
0.0133506
0.0101838
0.0102788
0.014535
0.0138122
0.0085116
0.00849929
0.0154842
0.0153127
0.00987006
0.010148
0.0116918
0.0137439
0.00847811
0.00813107
0.0127884
0.011426
0.010401
0.0103573
0.00958844
0.00952762
0.011443
0.0107553
0.0124751
0.013031
0.0101437
0.0106835
0.0135335
0.012415
0.0119403
0.0121539
0.0174506
0.0132639
0.00973861
0.00849172
0.0133316
0.0101717
0.00920451
0.00709471
0.00889186
0.00965449
0.0100095
0.0121479
0.00857508
0.010329
0.0108809
0.0108631
0.00999381
0.00979666
0.00979053
0.0105177
0.0102467
0.0116999
0.0103941
0.00994335
0.0103376
0.010002
0.0106269
0.0116718
0.0113854
0.0106028
0.01039
0.0115094
0.0117245
0.0103586
0.0106663
0.00913512
0.0120862
0.0105128
0.0128737
0.0146413
0.0151798
0.0104914
0.0104914
0.0100342
0.0078975
0.00941829
0.0112657
0.0155149
0.01052
0.0111002
0.0112294
0.0100901
0.0100881
0.0107418
0.0107418
0.0155506
0.0118077
0.0109698
0.0135242
0.0109703
0.00867112
0.0125322
0.012204
0.0148015
0.017029
0.0100539
0.0114802
0.0122835
0.0121246
0.0105061
0.00789938
0.00875007
0.00708961
0.0113009
0.00880863
0.0110546
0.0108998
0.0124743
0.00978904
0.00833588
0.00814714
0.00802573
0.0103437
0.00985871
0.00785934
0.00808883
0.00794899
0.0104701
0.00866321
0.0106301
0.0113857
0.0107587
0.0110175
0.0112644
0.012336
0.0113464
0.00703357
0.0067796
0.010617
0.0134316
0.0105947
0.0126841
0.0122497
0.0117319
0.00774303
0.00867075
0.0094172
0.0110572
0.0162461
0.0115816
0.0110932
0.0102608
0.00821279
0.00944632
0.0113293
0.0113294
0.015371
0.0112871
0.0126507
0.0127661
0.0101148
0.00981186
0.0110886
0.0115109
0.0118702
0.0108932
0.0138476
0.0129371
0.0165266
0.0125858
0.00797881
0.00607977
0.00845492
0.00772377
0.0106746
0.0116235
0.0112957
0.0125795
0.0144491
0.0110839
0.00952659
0.00970533
0.00926113
0.00867583
0.0109456
0.00837874
0.0109887
0.0106516
0.0106977
0.0114833
0.0108631
0.0109503
0.00967602
0.0100139
0.0115374
0.00851617
0.0103969
0.0120156
0.0113787
0.00908137
0.0118324
0.00772417
0.0131631
0.0121615
0.00991507
0.0111715
0.00878486
0.00775526
0.00774991
0.00773691
0.0102037
0.0107112
0.0107417
0.0107418
0.0123806
0.0119694
0.00990024
0.0102302
0.0152877
0.0108699
0.0123075
0.0118548
0.0137364
0.0113217
0.0109577
0.0118237
0.0174309
0.0123721
0.00860665
0.00600314
0.00710519
0.00644355
0.00872978
0.0110578
0.0106699
0.00851317
0.0128171
0.00911616
0.00937394
0.0102664
0.0100118
0.0109741
0.0111327
0.0112935
0.0104439
0.0127899
0.0133185
0.00943837
0.0126881
0.0103348
0.00975064
0.012657
0.0142474
0.0134887
0.00775829
0.0119954
0.0120233
0.011194
0.00911633
0.0102044
0.013989
0.0090026
0.00733738
0.00946292
0.0110247
0.0111756
0.0104718
0.0107511
0.0150117
0.0109648
0.00957716
0.00987114
0.0135753
0.00738772
0.00968618
0.0113333
0.0143164
0.0158954
0.0100784
0.0105229
0.0109389
0.00662167
0.00827036
0.0090859
0.0100412
0.0105535
0.0104927
0.0105642
0.0085374
0.00926675
0.00825215
0.00917251
0.0102538
0.0104119
0.0107658
0.0107824
0.0143318
0.0128674
0.011348
0.0123064
0.00904257
0.00868286
0.0104577
0.0105947
0.0126835
0.0129896
0.0118136
0.0116853
0.0102602
0.00837471
0.011491
0.0162466
0.0115815
0.0099157
0.0101507
0.0120049
0.0117247
0.0108333
0.0078992
0.0153716
0.0112873
0.00983976
0.00979434
0.00602167
0.0106443
0.00691856
0.00830769
0.011608
0.0104574
0.0100778
0.0100784
0.0100516
0.00544137
0.00623261
0.00581495
0.00572323
0.00821411
0.00977509
0.0110231
0.0114758
0.0111555
0.0104842
0.01086
0.00998721
0.00990302
0.00983892
0.0117379
0.0122525
0.0121861
0.0126201
0.0117458
0.0100618
0.0089364
0.00886826
0.00839788
0.00989409
0.0135592
0.0106308
0.0130926
0.00878461
0.00750681
0.00991334
0.00959825
0.00889708
0.00687839
0.00835654
0.00762719
0.0125122
0.0120697
0.00979434
0.00979488
0.011318
0.00954599
0.00561307
0.00555201
0.0131832
0.0109784
0.00982957
0.0096611
0.01308
0.0142262
0.00701318
0.0072045
0.00800054
0.00832089
0.00948662
0.00987037
0.0125591
0.00797868
0.0103685
0.00961116
0.0110835
0.00856395
0.0114763
0.00753551
0.0078919
0.00966165
0.00992722
0.0102984
0.00903777
0.00903341
0.00750671
0.00800831
0.0104354
0.00840857
0.00975869
0.0106301
0.00861933
0.00622004
0.00575178
0.00720967
0.0134074
0.0105874
0.0103804
0.0104646
0.0122212
0.00904922
0.00821203
0.00670124
0.0107121
0.0143816
0.00985771
0.00972129
0.0126887
0.00909392
0.00783556
0.00733124
0.00680265
0.00681882
0.00950773
0.00920798
0.00831216
0.00775232
0.00623248
0.00296798
0.00750413
0.0126564
0.0115576
0.0108448
0.00975807
0.00544729
0.00258275
0.00937115
0.0108313
0.0125987
0.0145026
0.0120298
0.0144117
0.00571988
0.00409787
0.00809455
0.0110415
0.0122795
0.00920173
0.0121409
0.00923062
0.00732297
0.00403567
0.00900796
0.00866695
0.0111065
0.00863366
0.00759831
0.01086
0.00809731
0.00796396
0.00775232
0.00831216
0.00927831
0.00975777
0.0108451
0.0119772
0.0115474
0.00240924
0.00375398
0.0054232
0.0120298
0.014411
0.0141987
0.0110928
0.00258054
0.00273083
0.00453068
0.0121411
0.00923077
0.00956687
0.012573
0.00759831
0.00863368
0.00903829
0.0116316
0.00766194
0.00789881
0.0109649
0.00845619
0.0102268
0.00902455
0.0093712
0.00902343
0.00885302
0.00742416
0.00986736
0.00584444
0.0082318
0.00734093
0.00593796
0.00744944
0.0112963
0.0120423
0.00878805
0.0113608
0.0085186
0.0118795
0.0117599
0.00787031
0.00645014
0.00667851
0.00741503
0.010939
0.00792762
0.00739291
0.0098065
0.0131237
0.0091545
0.00889325
0.00641861
0.00615951
0.00921886
0.00620734
0.00597999
0.00647129
0.0123877
0.00875071
0.00811144
0.0105941
0.0122578
0.00864641
0.00680585
0.00641836
0.00618219
0.00782809
0.00857652
0.0145302
0.011064
0.0115569
0.00985443
0.00980674
0.0136121
0.0137834
0.0123832
0.00731892
0.00877004
0.0132055
0.0103602
0.00790015
0.00844696
0.00851664
0.00900457
0.00642147
0.00641032
0.0104597
0.00566143
0.00952599
0.00557013
0.00951171
0.00587574
0.00901464
0.0054944
0.00842897
0.0107378
0.00784296
0.00725584
0.00851346
0.00810581
0.00879208
0.0061391
0.00235557
0.00220553
0.00301049
0.00402272
0.00203503
0.00413983
0.00270202
0.00579107
0.00326973
0.00526314
0.00425949
0.00372197
0.00613007
0.0055827
0.00176374
0.00273821
0.00229535
0.00255143
