0.00745491
0.0079842
0.00749348
0.00561008
0.00561027
0.00749397
0.00798467
0.00745531
0.00696613
0.00831809
0.0129724
0.0117596
0.00677668
0.00574306
0.00936611
0.00689447
0.0143244
0.00810075
0.0135757
0.0127922
0.0122003
0.00837121
0.0154263
0.0116003
0.0121787
0.011373
0.0126893
0.0134878
0.0148211
0.0134705
0.0140026
0.0124984
0.0134155
0.0128
0.0110764
0.0118366
0.0142237
0.0107876
0.0112112
0.0125437
0.0135131
0.0131066
0.0136392
0.00770405
0.00602515
0.00838937
0.00870474
0.00897982
0.012938
0.0122918
0.00745451
0.00577351
0.00950486
0.011842
0.00973155
0.00726267
0.00994971
0.00731713
0.011196
0.011309
0.0062877
0.00741965
0.0103512
0.00980026
0.0128322
0.00868838
0.0143602
0.0120306
0.0125936
0.0140554
0.0138986
0.0159325
0.0125199
0.0145979
0.0150807
0.0139569
0.0124423
0.0101048
0.0107102
0.0136568
0.00819124
0.00717683
0.00927991
0.00907356
0.00808036
0.00677455
0.0107275
0.0123953
0.0105706
0.00895312
0.0113694
0.00719241
0.00834954
0.00820035
0.00984822
0.00986677
0.0116574
0.0110634
0.00908257
0.012621
0.0114766
0.0104857
0.0119951
0.0128899
0.00993818
0.0129269
0.0114478
0.0127244
0.00952788
0.0136101
0.01351
0.0101573
0.00789694
0.0135675
0.0142159
0.0116199
0.0102561
0.0143195
0.0149004
0.00999864
0.0107847
0.0118893
0.00902529
0.00841692
0.0083176
0.00957091
0.0117142
0.0100827
0.00893593
0.0156985
0.0146321
0.00805364
0.00979018
0.0111771
0.00969743
0.0115169
0.00919669
0.00780629
0.0104548
0.0104015
0.0105695
0.0104841
0.0109621
0.0115619
0.009308
0.0106811
0.0101561
0.011742
0.0142042
0.00959375
0.0099853
0.0105454
0.0104493
0.0103052
0.011555
0.0125943
0.00937021
0.0115925
0.0117915
0.0119621
0.00816887
0.00843564
0.0126121
0.0119638
0.0103483
0.00978043
0.011685
0.00937065
0.0103107
0.0107562
0.0124692
0.0137957
0.00865617
0.0106019
0.015548
0.0149589
0.0111116
0.0136831
0.011966
0.0149421
0.0115707
0.0111521
0.00945955
0.00882978
0.00923912
0.00798399
0.00846088
0.00842333
0.0090968
0.00790938
0.0108578
0.0104715
0.0108867
0.0106434
0.0105502
0.0100604
0.00794848
0.0077287
0.00862676
0.00903343
0.0116685
0.0132047
0.00935156
0.00919956
0.0118839
0.0109216
0.0109512
0.00944922
0.0098845
0.0100005
0.0107249
0.0110607
0.0115526
0.0112697
0.0101452
0.0106507
0.0107347
0.0112581
0.0103479
0.0103522
0.00942763
0.00926794
0.0107526
0.010753
0.0157061
0.0117598
0.0108271
0.0104885
0.0158233
0.0124398
0.0106079
0.00898485
0.0113937
0.0111218
0.00919966
0.00880063
0.0109703
0.00800823
0.00853926
0.00794974
0.00956728
0.00913598
0.00761085
0.0074071
0.0086265
0.00903365
0.00841532
0.0102414
0.0100862
0.0106475
0.0106392
0.0102845
0.0102925
0.00900627
0.00971973
0.00824727
0.00865815
0.0121665
0.0125298
0.0112244
0.0134727
0.0127053
0.0114256
0.0140285
0.0105669
0.0126925
0.0106264
0.00861268
0.0113053
0.0111676
0.0109374
0.0103599
0.010536
0.010527
0.0108987
0.0108987
0.0105598
0.0111698
0.0112137
0.0111729
0.0115839
0.0112481
0.0104015
0.0110077
0.0117325
0.0120714
0.00860802
0.00820547
0.0104558
0.011937
0.0124879
0.00870947
0.00922873
0.0086581
0.0106672
0.0105355
0.010006
0.0105746
0.010585
0.0111797
0.00909704
0.0102541
0.00866377
0.0109218
0.0104697
0.0107247
0.0106393
0.0106393
0.0106434
0.0106925
0.0103211
0.0109325
0.00698541
0.00684974
0.0142367
0.013609
0.00937181
0.00825856
0.0111275
0.0138219
0.0126735
0.011255
0.00891628
0.00923191
0.0114592
0.0109022
0.0108666
0.0102272
0.0108982
0.0108987
0.0112147
0.0112147
0.0109321
0.0104206
0.0119879
0.0114832
0.0103626
0.00849588
0.0129087
0.013796
0.0100434
0.0125486
0.0121987
0.00939887
0.0127173
0.00984152
0.0103982
0.0101575
0.0100538
0.00772065
0.00767455
0.00776725
0.0100598
0.0105497
0.0107048
0.0112037
0.0103003
0.0117166
0.0119867
0.0109635
0.0109881
0.0106755
0.0106387
0.0106387
0.0106755
0.0107082
0.0106536
0.0108368
0.00909277
0.0120298
0.010676
0.0110631
0.00814889
0.0104509
0.010846
0.0100991
0.0111902
0.010596
0.010596
0.0110655
0.0104591
0.010558
0.0105575
0.0104591
0.0108988
0.0108988
0.0108983
0.0108983
0.0105476
0.0105063
0.0110265
0.0105352
0.00890885
0.0111011
0.0137522
0.0108654
0.0111746
0.0117254
0.0102104
0.0122683
0.0102938
0.0124113
0.00873119
0.0106714
0.0105349
0.0100399
0.0100644
0.0092129
0.00993032
0.00992924
0.00977934
0.0103478
0.00998379
0.0103853
0.0112432
0.010321
0.0106924
0.0106428
0.0106392
0.0106392
0.0107047
0.0108022
0.0101972
0.0104149
0.014467
0.0137469
0.00825623
0.0100006
0.0116375
0.0136792
0.00947268
0.00783817
0.00931858
0.00968927
0.0109474
0.0103551
0.0111345
0.0105775
0.0109027
0.0108386
0.0112147
0.0112147
0.0108987
0.0108987
0.0116166
0.0111117
0.00997829
0.0105374
0.01364
0.0131906
0.00899197
0.00835573
0.0132682
0.0101227
0.0124591
0.00958973
0.010829
0.0105715
0.0122117
0.0121781
0.0116874
0.0102071
0.0111964
0.0104106
0.0105502
0.0100609
0.00811229
0.0081475
0.00807703
0.0102777
0.0084009
0.0101281
0.0100868
0.0106469
0.0106387
0.0106392
0.0106475
0.01079
0.0112985
0.0106243
0.00861539
0.0123258
0.0134298
0.0101157
0.0136996
0.0126875
0.0114354
0.00848245
0.0104066
0.0126925
0.0106877
0.010718
0.0113053
0.0111671
0.0108988
0.0109706
0.0108988
0.0108988
0.0108988
0.0108988
0.011173
0.0112429
0.0107037
0.0111619
0.0113823
0.0109671
0.00824483
0.0106575
0.0113673
0.0114588
0.0128883
0.00979066
0.0101063
0.0114468
0.0118996
0.0129627
0.00906443
0.00878223
0.0110211
0.0109376
0.0109474
0.010948
0.0109382
0.0115283
0.00917538
0.00955684
0.00866313
0.0109223
0.0104702
0.0107247
0.0106387
0.0106393
0.0106434
0.0106925
0.01099
0.0112521
0.00698453
0.00684932
0.013017
0.0127056
0.00925517
0.00825798
0.012757
0.012701
0.0126131
0.0110086
0.0113277
0.0119558
0.0112874
0.0107047
0.0112186
0.0113273
0.0107047
0.0107047
0.0112147
0.0112147
0.0107291
0.0101957
0.0120632
0.0114832
0.0100977
0.00777089
0.0132198
0.013792
0.00915727
0.0123014
0.0133358
0.0099308
0.0127602
0.00984152
0.0108221
0.0102616
0.0100538
0.0077202
0.00767411
0.00776771
0.0100609
0.0105497
0.0107048
0.0112037
0.0102998
0.0118464
0.0112861
0.0103963
0.0109811
0.0107047
0.0106392
0.0106392
0.0106761
0.0107088
0.0105701
0.0104832
0.00844905
0.0108816
0.0105296
0.0108223
0.00757836
0.00964237
0.0108675
0.0105407
0.0107267
0.0107042
0.0112584
0.0112717
0.0106392
0.0106392
0.0109149
0.0108425
0.0106392
0.0106392
0.0108988
0.0108988
0.0102888
0.00971702
0.0113894
0.0108988
0.00814847
0.00841856
0.0138473
0.0114794
0.00891972
0.0115599
0.00994846
0.0121039
0.0121208
0.01245
0.00862017
0.00998741
0.0105325
0.0100399
0.0100651
0.00921294
0.0102845
0.0102851
0.0107047
0.0107047
0.0101002
0.0101089
0.0103958
0.0101002
0.0107041
0.0107041
0.0106387
0.0106387
0.0107041
0.0107041
0.0100996
0.0101002
0.0101355
0.0102304
0.0100305
0.010031
0.0098236
0.0101
0.010175
0.0101002
0.0107036
0.0107036
0.0108055
0.0107047
0.0106387
0.0106387
0.0107082
0.0106755
0.0106387
0.0106387
0.0107041
0.0107041
0.0102839
0.0102845
0.0107041
0.0107041
0.0100967
0.0106254
0.0112703
0.0107844
0.0102691
0.0103644
0.0106052
0.0104508
0.0103728
0.0105266
0.00997644
0.0100301
0.0103901
0.0100144
0.0107048
0.0104106
0.0106387
0.0106387
0.0107042
0.0107042
0.0100996
0.0100996
0.0101008
0.0101008
0.0107047
0.0107047
0.0106392
0.0106392
0.0107047
0.0107047
0.0101002
0.0101002
0.010031
0.010031
0.010031
0.010031
0.0101006
0.0101006
0.0101008
0.0101008
0.0107042
0.0107042
0.0107042
0.0107042
0.0106392
0.0106392
0.0106392
0.0106392
0.0106392
0.0106392
0.0106392
0.0106392
0.0106392
0.0106392
0.0106392
0.0106392
0.0107047
0.0107047
0.0107047
0.0107047
0.0101006
0.0101006
0.0101008
0.0101008
0.0100306
0.0100306
0.0100306
0.0100306
0.0101008
0.0101008
0.0107047
0.0107047
0.0106392
0.0106392
0.0107047
0.0107047
0.0101002
0.0101002
0.0101008
0.0101008
0.0107047
0.0107047
0.0106392
0.0106392
0.0107047
0.0107047
0.0101002
0.0101002
0.010031
0.010031
0.010031
0.0100311
0.0101006
0.0101006
0.0101008
0.0101008
0.0107042
0.0107042
0.0107042
0.0107042
0.00968412
0.00909823
0.00951562
0.0106392
0.0106392
0.0106392
0.0106392
0.0102358
0.00780895
0.0073312
0.0077483
0.00933105
0.0106392
0.0106392
0.0106392
0.0106392
0.0112513
0.010145
0.00763368
0.00731605
0.00799162
0.00960138
0.0106392
0.0106392
0.0106392
0.0106392
0.0106674
0.0111177
0.0117761
0.00963094
0.0101845
0.0107047
0.0107048
0.0107047
0.0107047
0.00884374
0.00871586
0.0127565
0.0101006
0.0101006
0.0101008
0.0101008
0.0100306
0.0100307
0.0100306
0.0100306
0.0101008
0.0101008
0.0107047
0.0107047
0.0106392
0.0106392
0.0107047
0.0107047
0.0101002
0.0101002
0.0101008
0.0101008
0.0107047
0.0107047
0.0106393
0.0106393
0.0107047
0.0107047
0.0101002
0.0101002
0.010031
0.0100311
0.010031
0.010031
0.0101006
0.0101006
0.0101008
0.0101008
0.00822203
0.0133022
0.0103422
0.0107166
0.0147807
0.00868623
0.00386058
0.0107042
0.0107042
0.0107042
0.0107042
0.0136688
0.0099105
0.0130399
0.00983563
0.00912962
0.0106393
0.0106393
0.0106393
0.0106393
0.0139269
0.0132579
0.0106804
0.0114149
0.0106393
0.0106393
0.0106393
0.0106393
0.0126836
0.0123549
0.0109055
0.0109056
0.0106393
0.0106393
0.0106393
0.0106393
0.0142003
0.012037
0.0129123
0.0114143
0.0107048
0.0107047
0.0107048
0.0107048
0.0122761
0.00896929
0.00910341
0.0146838
0.014342
0.0101006
0.0101006
0.0101008
0.0101008
0.00627598
0.00994787
0.00851107
0.0140826
0.010621
0.0116037
0.00411972
0.0100306
0.0100306
0.0100306
0.0100307
0.0101008
0.0101008
0.0107048
0.0107048
0.0106393
0.0106393
0.0107048
0.0107048
0.0101002
0.0101002
0.0101008
0.0101008
0.0107047
0.0107047
0.0106392
0.0106392
0.0107047
0.0107047
0.0101002
0.0100996
0.010031
0.010031
0.010031
0.0100305
0.00684052
0.010318
0.00684479
0.0145592
0.0131731
0.0124152
0.0038861
0.0101006
0.0101006
0.0101002
0.0101008
0.00780048
0.00804976
0.0117265
0.00443707
0.0107042
0.0107042
0.0107042
0.0107036
0.0135184
0.0099956
0.0150249
0.0143053
0.0106392
0.0106392
0.0106392
0.0106392
0.0124615
0.0146587
0.012913
0.0101851
0.0106392
0.0106392
0.0106392
0.0106392
0.012355
0.0126837
0.0099787
0.00826192
0.0106392
0.0106392
0.0106392
0.0106392
0.0133906
0.0139257
0.0113784
0.0101731
0.0107047
0.0107041
0.0107047
0.0107047
0.0135855
0.00976685
0.00985844
0.0104686
0.0101
0.0101006
0.0101008
0.0101008
0.0083816
0.00731931
0.0102468
0.00442179
0.0100306
0.0100301
0.0100306
0.0100306
0.00984755
0.014636
0.0108893
0.00869285
0.0142844
0.00882591
0.0040093
0.0101002
0.0101008
0.0107047
0.0107047
0.0106392
0.0106392
0.0107047
0.0107047
0.0101002
0.0101002
0.0101002
0.0101002
0.0107041
0.0107041
0.0106387
0.0106387
0.0107041
0.0107041
0.0100996
0.0101002
0.00513353
0.00610698
0.00891607
0.0112771
0.00955703
0.00989769
0.0100305
0.0100305
0.0100305
0.010031
0.00655794
0.00586848
0.0134713
0.0117167
0.0101
0.0101
0.0101008
0.0101002
0.0105234
0.00870308
0.011814
0.0127125
0.0107036
0.0107036
0.0107036
0.0107042
0.0116593
0.0121352
0.0136598
0.0116056
0.0106387
0.0106387
0.0106387
0.0106387
0.0122046
0.011825
0.00965689
0.0125564
0.0106387
0.0106387
0.0106387
0.0106387
0.0120482
0.0111778
0.00821311
0.00811134
0.0106387
0.0106387
0.0106387
0.0106387
0.0110862
0.00849911
0.0110372
0.0101279
0.0107041
0.0107047
0.0107041
0.0107041
0.0105316
0.0136111
0.0110513
0.0126426
0.0101006
0.0101
0.0101002
0.0101002
0.0140116
0.00989221
0.0122093
0.0112997
0.0100301
0.0100306
0.0100301
0.0100301
0.00948089
0.0112444
0.00772671
0.00730858
0.0101008
0.0101002
0.0107041
0.0107041
0.0106387
0.0106387
0.0107042
0.0107042
0.0100996
0.0100996
0.00883135
0.00917068
0.0117796
0.00957556
0.00742253
0.00596689
0.0101008
0.0101008
0.0107047
0.0107047
0.0106392
0.0106392
0.0107047
0.0107047
0.0101002
0.0101002
0.00763446
0.0108106
0.00986124
0.0101118
0.00808691
0.00769386
0.00775403
0.0103434
0.010031
0.010031
0.010031
0.010031
0.00972813
0.00825114
0.0130295
0.0103258
0.0101006
0.0101006
0.0101008
0.0101008
0.00900567
0.0095735
0.012637
0.00915695
0.0107042
0.0107042
0.0107042
0.0107042
0.0109756
0.0115884
0.01051
0.00777078
0.0106392
0.0106392
0.0106392
0.0106392
0.0114766
0.0112305
0.0109255
0.0104056
0.0106392
0.0106392
0.0106392
0.0106392
0.0108455
0.0103014
0.0100598
0.0105503
0.0106392
0.0106392
0.0106392
0.0106392
0.00859899
0.00887727
0.0108304
0.0102845
0.0107047
0.0107047
0.0107047
0.0107047
0.0100661
0.0131766
0.0125466
0.0109295
0.0101006
0.0101006
0.0101008
0.0101008
0.0136563
0.0147483
0.00824839
0.00927097
0.0100306
0.0100306
0.0100306
0.0100306
0.0127351
0.010223
0.00700111
0.00621631
0.0101008
0.0101008
0.0107047
0.0107047
0.0106392
0.0106392
0.0107047
0.0107047
0.0101002
0.0101002
0.0098767
0.00723619
0.00769389
0.00808691
0.0101402
0.00982634
0.0103728
0.00771048
0.0101008
0.0101008
0.0107047
0.0107047
0.0106393
0.0106393
0.0107047
0.0107047
0.0101002
0.0101002
0.012951
0.0112987
0.0106067
0.0102891
0.00921292
0.0100644
0.0100399
0.0105327
0.010031
0.0100311
0.010031
0.0100311
0.0116277
0.0142717
0.0121206
0.01245
0.0101006
0.0101006
0.0101008
0.0101008
0.0124
0.00978523
0.00891972
0.0115593
0.0107042
0.0107042
0.0107042
0.0107042
0.0113277
0.0118009
0.00814896
0.00841874
0.0106393
0.0106393
0.0106393
0.0106393
0.0112186
0.0113272
0.0102888
0.00971759
0.0106393
0.0106393
0.0106393
0.0106393
0.0108788
0.0108414
0.0106393
0.0106393
0.0106393
0.0106393
0.0106393
0.0106393
0.0113148
0.0106271
0.0106393
0.0106393
0.0107048
0.0107048
0.0107048
0.0107048
0.0115907
0.0118467
0.0107273
0.0107048
0.0101006
0.0101006
0.0101008
0.0101008
0.0123563
0.0119841
0.00757804
0.00964177
0.0100306
0.0100307
0.0100306
0.0100307
0.0142642
0.0133615
0.00844902
0.0108818
0.0101008
0.0101008
0.0107047
0.0107047
0.0106393
0.0106393
0.0107048
0.0107048
0.0101002
0.0101002
0.0123817
0.010019
0.0105192
0.00921295
0.0103485
0.0106206
0.0103956
0.0112852
0.0101008
0.0101008
0.0107047
0.0107047
0.0106392
0.0106392
0.0107047
0.0107047
0.0101002
0.0101002
0.0108778
0.0116112
0.01079
0.010648
0.0106392
0.0104105
0.0107047
0.0100145
0.010389
0.010031
0.010031
0.010031
0.010031
0.0101751
0.0137056
0.0103739
0.0105266
0.0101006
0.0101006
0.0101008
0.0101008
0.00861055
0.0112411
0.0102685
0.0103651
0.0107042
0.0107042
0.0107042
0.0107042
0.0107977
0.0110007
0.0100962
0.0106243
0.0106392
0.0106392
0.0106392
0.0106392
0.011218
0.011218
0.0102845
0.0102845
0.0106392
0.0106392
0.0106392
0.0106392
0.0112141
0.0112141
0.0106392
0.0106392
0.0106392
0.0106392
0.0106392
0.0106392
0.0112211
0.010659
0.0106392
0.0106392
0.0107047
0.0107047
0.0107047
0.0107047
0.0105987
0.00876435
0.0107047
0.0107047
0.0101006
0.0101006
0.0101008
0.0101008
0.0104842
0.0130423
0.00982328
0.0101008
0.0100306
0.0100306
0.0100306
0.0100306
0.013151
0.0127009
0.0101361
0.0102306
0.0101008
0.0101008
0.0107047
0.0107047
0.0106392
0.0106392
0.0107047
0.0107047
0.0101002
0.0101002
0.00992548
0.00939624
0.0114481
0.010922
0.0106535
0.0107053
0.0107053
0.0101002
0.0103956
0.0101008
0.0101008
0.0107047
0.0107047
0.0106393
0.0106393
0.0107047
0.0107047
0.0101002
0.0100997
0.0108809
0.0106791
0.0108218
0.0106761
0.0106393
0.0106393
0.0107047
0.0107047
0.0101002
0.0103958
0.0100311
0.010031
0.0100311
0.0100305
0.00877057
0.0108694
0.0101358
0.0102309
0.0101006
0.0101006
0.0101002
0.0101008
0.00834332
0.0103259
0.0101008
0.00982366
0.0107042
0.0107042
0.0107042
0.0107036
0.0111354
0.0115323
0.0107042
0.0107042
0.0106393
0.0106393
0.0106393
0.0106393
0.0111287
0.0112302
0.0106393
0.0106393
0.0106393
0.0106393
0.0106393
0.0106393
0.0112147
0.0112147
0.0106393
0.0106393
0.0106393
0.0106393
0.0106393
0.0106393
0.0108454
0.0107547
0.0102845
0.0102845
0.0107048
0.0107042
0.0107047
0.0107048
0.00907015
0.0112051
0.0106254
0.0100968
0.0101
0.0101006
0.0101008
0.0101008
0.0116737
0.0120839
0.0103646
0.010269
0.0100307
0.0100301
0.0100307
0.0100306
0.0108258
0.0121715
0.010373
0.0105267
0.0101002
0.0101008
0.0107047
0.0107047
0.0106393
0.0106393
0.0107048
0.0107048
0.0101002
0.0101002
0.0102954
0.00807756
0.00814747
0.00811126
0.0100603
0.0105497
0.0104106
0.0107054
0.0100149
0.0103896
0.0103896
0.010014
0.0107041
0.0104105
0.0106387
0.0106387
0.0107041
0.0107041
0.0100996
0.0101002
0.0113812
0.0109894
0.0106924
0.0106428
0.0106387
0.0106387
0.0107041
0.0109805
0.0103952
0.0112855
0.0103732
0.0105262
0.00997627
0.0100311
0.012935
0.0127006
0.00844937
0.010882
0.0103644
0.0102691
0.0104514
0.0106046
0.0129628
0.0120671
0.00964233
0.00757819
0.0106248
0.0100956
0.0107838
0.0112703
0.0117417
0.0120581
0.0107036
0.0107267
0.0102839
0.0102839
0.0107041
0.0107041
0.0116577
0.0116577
0.0106387
0.0106387
0.0106387
0.0106387
0.0107041
0.0107041
0.0116427
0.0116427
0.0106387
0.0106387
0.0106387
0.0106387
0.0106755
0.0107082
0.0121255
0.0115374
0.00971704
0.0102882
0.0107041
0.0107048
0.0107047
0.010806
0.0141563
0.0137077
0.00841859
0.00814843
0.0101006
0.00982269
0.0101002
0.0101744
0.0141032
0.0102395
0.0115598
0.00891984
0.0101353
0.0102306
0.0100301
0.0100301
0.0109171
0.0110925
0.0121207
0.0124499
0.0103961
0.0101002
0.0107041
0.0107041
0.0106387
0.0106387
0.0107042
0.0107042
0.0100996
0.0100997
0.0121201
0.0101986
0.0108177
0.00977986
0.00992979
0.00992979
0.00921237
0.0100639
0.0100394
0.010533
0.0105333
0.0100402
0.0100649
0.00921287
0.0102845
0.0102851
0.0107047
0.0107047
0.0101002
0.0101091
0.0111138
0.0113315
0.0107454
0.0106475
0.0106393
0.0106393
0.0106393
0.0107247
0.0104696
0.0109219
0.00866337
0.0121208
0.0124507
0.00862065
0.00998762
0.0112551
0.014117
0.00698486
0.00684931
0.0115599
0.00891921
0.0121038
0.0099486
0.00952004
0.0124454
0.00825822
0.00925499
0.0084182
0.00814893
0.0114783
0.0138478
0.0117411
0.0117416
0.0110086
0.0126131
0.00971757
0.0102888
0.0108989
0.0113882
0.0116577
0.0116577
0.0107048
0.0112874
0.0106393
0.0106393
0.0108989
0.0108989
0.0116427
0.0116427
0.0107048
0.0107048
0.0106393
0.0106393
0.0108425
0.0109149
0.011929
0.0120236
0.0101952
0.0107291
0.0107048
0.0107272
0.0112728
0.011259
0.0122593
0.0122595
0.0077709
0.0100972
0.00964182
0.0075782
0.0105405
0.0108675
0.0119847
0.0125578
0.0123014
0.00915746
0.00844871
0.0108819
0.0105293
0.0108229
0.0121433
0.0118913
0.0127602
0.00984113
0.0112863
0.0103961
0.010981
0.0107047
0.0106393
0.0106393
0.0106762
0.0107088
0.0105702
0.0104837
0.00957958
0.00917486
0.0115283
0.0109381
0.010948
0.0105497
0.0100603
0.00776772
0.00767455
0.00772115
0.0100539
0.0100541
0.0077207
0.00767451
0.00776726
0.0100603
0.0105497
0.0107047
0.0112036
0.0103
0.0118466
0.0116968
0.011109
0.0108062
0.0106434
0.0106392
0.0106392
0.0106392
0.0106475
0.0100861
0.0101276
0.00840113
0.0127602
0.00984152
0.0108217
0.0102616
0.0110494
0.0128831
0.0123258
0.00861539
0.00915683
0.0123014
0.0133354
0.0099302
0.0128338
0.0102632
0.0136996
0.0126875
0.00777078
0.0100966
0.0132205
0.0137933
0.0122433
0.0122438
0.0126925
0.0104066
0.0101952
0.010729
0.0120632
0.0114826
0.0121847
0.0121847
0.0111671
0.0113053
0.0107047
0.0107047
0.0112147
0.0112147
0.0121704
0.0121704
0.0108988
0.0108988
0.0107047
0.011288
0.0112186
0.0113272
0.0121881
0.0121881
0.0112433
0.011173
0.0110091
0.0126126
0.0113283
0.0119559
0.0124367
0.0124369
0.010967
0.0113828
0.0092548
0.00825789
0.0127564
0.0126999
0.0125487
0.0117448
0.0113673
0.0114585
0.00698456
0.00684933
0.0130163
0.0127052
0.0136707
0.0132232
0.0114468
0.0101059
0.0086635
0.0109219
0.0104696
0.0107247
0.0106387
0.0106392
0.0106433
0.0106925
0.0109901
0.0112521
0.0121577
0.00835227
0.00855033
0.00811183
0.0100604
0.0105502
0.0109474
0.0109375
0.0110217
0.00878233
0.00906488
0.00906442
0.00878207
0.0110218
0.0109381
0.0109474
0.0109479
0.0109381
0.0115284
0.00917425
0.00955697
0.0111433
0.0114502
0.0107454
0.0106475
0.0106392
0.0106392
0.0106392
0.0106434
0.0106924
0.0103205
0.011063
0.0101056
0.0114462
0.0118992
0.0129346
0.0111703
0.0141853
0.0142053
0.0134435
0.0113673
0.0114586
0.0131621
0.0108157
0.0095205
0.012051
0.0116375
0.0133359
0.0109664
0.0113827
0.0110043
0.0091065
0.0117416
0.0119165
0.00931859
0.00968925
0.0112434
0.0111724
0.0114866
0.0110154
0.0117806
0.0120882
0.0111345
0.0105775
0.0108988
0.0108988
0.0112141
0.0112141
0.0120302
0.0121745
0.0112147
0.0112147
0.0111677
0.0113053
0.011218
0.011218
0.0121886
0.0126835
0.0116166
0.0111117
0.0126919
0.0104072
0.0107982
0.0110007
0.0125919
0.0124639
0.0136402
0.0131907
0.0137003
0.0126869
0.0114358
0.00861039
0.0117878
0.0125493
0.0132678
0.0101229
0.00861522
0.0123254
0.0134298
0.0101162
0.0123601
0.0129438
0.0108291
0.0108123
0.00840159
0.0101289
0.0100868
0.0106469
0.0106387
0.0106392
0.0106474
0.01079
0.0112987
0.0106246
0.0100007
0.00935816
0.0113954
0.0105361
0.0100065
0.00992977
0.00992977
0.00978043
0.0108171
0.0101987
0.0116452
0.011391
0.0103
0.011203
0.0107047
0.0105502
0.0100603
0.00811126
0.00814745
0.00807748
0.010295
0.0117521
0.0110332
0.0108057
0.0106434
0.0106393
0.0106393
0.0106393
0.0106393
0.0106761
0.0108224
0.0107731
0.0111001
0.0103223
0.0100093
0.0108256
0.0121709
0.0114758
0.0130626
0.00898712
0.0111472
0.0130582
0.00954509
0.0116738
0.012084
0.0144883
0.0107426
0.0102859
0.00848029
0.0137413
0.0137966
0.00906968
0.0112056
0.0133255
0.0133182
0.0108507
0.0109046
0.0119873
0.0114826
0.0108453
0.0107541
0.0126562
0.0128411
0.0108603
0.0107349
0.0112147
0.0112147
0.0112147
0.0112147
0.013302
0.0126286
0.0112147
0.0112147
0.0111352
0.0105775
0.0111287
0.0112302
0.0151903
0.0133134
0.0107547
0.0108454
0.00931869
0.00968921
0.0111353
0.011533
0.0112784
0.0143856
0.0111933
0.00907016
0.0116375
0.0140586
0.00834348
0.0103258
0.0103187
0.0119389
0.0119173
0.0115475
0.0142932
0.0134259
0.00877098
0.0108694
0.0148531
0.013511
0.0105204
0.0121711
0.0109316
0.0103212
0.0106925
0.0106428
0.0106393
0.0106393
0.0106762
0.0108218
0.0106788
0.0108809
0.0125908
0.0083527
0.00855034
0.00811136
0.0100598
0.0105502
0.0105502
0.0100598
0.00811137
0.00814794
0.00807756
0.0102954
0.0103849
0.00998449
0.0103483
0.00977983
0.00993034
0.00992982
0.00977985
0.0108176
0.0101988
0.0121203
0.0113795
0.0114227
0.0106802
0.0106475
0.0106387
0.0106387
0.0106387
0.0106387
0.0106469
0.0107894
0.0114083
0.0106386
0.00873102
0.010671
0.011343
0.0110921
0.0139539
0.0149892
0.0134709
0.00999995
0.0102099
0.0122684
0.0135364
0.0105052
0.0115307
0.0153947
0.0110487
0.00861081
0.0137527
0.0108653
0.0131101
0.0131829
0.0130772
0.0125912
0.0110011
0.0107979
0.0110259
0.0105352
0.0116908
0.0111113
0.0129834
0.0129834
0.0112188
0.0112186
0.0108983
0.0108983
0.0112149
0.0112149
0.0136019
0.0132683
0.0112149
0.0112149
0.0105575
0.0104591
0.0112188
0.011327
0.0142807
0.0149419
0.0106587
0.0112218
0.010596
0.0110658
0.011328
0.0119568
0.0120888
0.00888308
0.00876446
0.0105984
0.0108461
0.0100987
0.0127572
0.0120668
0.00933037
0.0119013
0.013043
0.0104844
0.0106764
0.0110635
0.012935
0.0127002
0.0160947
0.0157147
0.0129331
0.0131511
0.0108362
0.0106529
0.0107082
0.0106756
0.0106387
0.0106387
0.0106428
0.0106925
0.0109896
0.0113809
0.0118864
0.00991105
0.0116483
0.010536
0.010006
0.00992981
0.00992979
0.0100059
0.010536
0.0113959
0.00935816
0.00997339
0.0102779
0.00807696
0.0081469
0.00811183
0.0100598
0.0105496
0.0109479
0.0109381
0.0115284
0.00917487
0.00955731
0.0108119
0.0115228
0.0108223
0.0107128
0.0106393
0.0106392
0.0106392
0.0106392
0.0106392
0.0106434
0.0108062
0.011109
0.0116963
0.0122115
0.0121777
0.0118992
0.0129341
0.0101081
0.012425
0.0110491
0.0128832
0.0124594
0.00958947
0.013162
0.0108163
0.00994877
0.0106896
0.0125992
0.0102631
0.00899187
0.00835568
0.0110044
0.00910707
0.0124493
0.0129172
0.0117627
0.0121094
0.0099783
0.0105374
0.0114872
0.0110155
0.012349
0.0129089
0.0116464
0.0117801
0.0108987
0.0108987
0.0112147
0.0112147
0.013094
0.0125654
0.0116427
0.0116427
0.0109027
0.0108385
0.0112188
0.0112186
0.0122728
0.0105183
0.0116545
0.0116545
0.0109478
0.0103554
0.0107982
0.0110014
0.0137822
0.0143415
0.0114093
0.0118427
0.00947235
0.00783819
0.011435
0.0086105
0.0153832
0.0152836
0.0118994
0.0119045
0.00825635
0.010001
0.0134296
0.0101155
0.0122963
0.0144716
0.0141247
0.0132232
0.0104146
0.0101967
0.0108022
0.0107047
0.0106392
0.0106392
0.0106392
0.0106474
0.01079
0.0112976
0.0106236
0.0093152
0.00885815
0.00925095
0.00833659
0.00850433
0.0100598
0.0105502
0.0105502
0.0100598
0.00811138
0.00854976
0.00835217
0.0121583
0.00955732
0.00917548
0.011529
0.0109375
0.0109473
0.0105502
0.0100604
0.00811182
0.00814791
0.00807756
0.0102956
0.0112108
0.0110675
0.0108867
0.0106428
0.0106393
0.0106393
0.0106392
0.0106392
0.0106392
0.0106475
0.0107454
0.0114502
0.0111433
0.0129623
0.0118992
0.0108261
0.0121712
0.0110464
0.0125799
0.0138675
0.011385
0.00979041
0.0128877
0.0116737
0.0120847
0.0147676
0.0103141
0.0123596
0.00958919
0.00824491
0.0106579
0.0090697
0.011205
0.0137185
0.0135216
0.0117416
0.0119168
0.0107037
0.0111613
0.0108453
0.0107542
0.0126557
0.0132426
0.0116572
0.0116577
0.0108988
0.0108988
0.0112147
0.0112147
0.0123696
0.0122052
0.0112707
0.0112541
0.0108988
0.0109707
0.0111287
0.0112302
0.0126746
0.0107659
0.0120335
0.0112911
0.0106879
0.010719
0.0111353
0.011533
0.0152954
0.015028
0.0126561
0.0125808
0.00848275
0.0114354
0.00834376
0.0103258
0.0141954
0.0131832
0.0133556
0.0124612
0.0101157
0.0134293
0.00877113
0.0108701
0.0125724
0.0116971
0.0123999
0.0126342
0.0106241
0.0112981
0.01079
0.0106474
0.0106392
0.0106392
0.0106392
0.0106761
0.0108223
0.0106794
0.010881
0.0118389
0.00800784
0.00853868
0.00795016
0.00968921
0.00968866
0.00992977
0.00992977
0.0100065
0.0105361
0.0111577
0.00905105
0.00972659
0.0121209
0.0101988
0.0108171
0.00978038
0.00992977
0.00992979
0.00978041
0.0108171
0.0101983
0.0121197
0.0113801
0.0114233
0.0106802
0.0106469
0.0106387
0.0106393
0.0106393
0.0106393
0.0106393
0.0106434
0.0108867
0.0111425
0.0111403
0.011343
0.0110921
0.0109157
0.0110916
0.0141379
0.0146279
0.0106133
0.0123966
0.0135361
0.010505
0.0141043
0.0102389
0.0116444
0.0157515
0.0130778
0.00984507
0.0131102
0.0131837
0.014157
0.0137083
0.0130769
0.0127884
0.0125819
0.012422
0.0116914
0.0111111
0.0121249
0.0115362
0.0129834
0.012983
0.0121852
0.0125248
0.0112147
0.0112147
0.0116422
0.0116422
0.0132008
0.0128331
0.0112688
0.0117721
0.0112186
0.0113272
0.0116571
0.0116571
0.0145665
0.0145755
0.0100511
0.00974077
0.0113283
0.0119559
0.0117417
0.0120585
0.0125996
0.00996946
0.0163524
0.012386
0.0127566
0.0120676
0.0129622
0.0120668
0.0103341
0.0128979
0.0169036
0.0125865
0.0129351
0.0126991
0.012935
0.0126996
0.0165132
0.0151141
0.0115031
0.0114495
0.0113803
0.0109896
0.0106925
0.0106434
0.0106393
0.0106393
0.0106434
0.0106925
0.0109896
0.0113803
0.0115355
0.00958425
0.0114129
0.0105355
0.010006
0.00993036
0.00992982
0.00968866
0.0096892
0.00795026
0.00853916
0.00800783
0.0114384
0.0102956
0.00807758
0.00814792
0.00811137
0.0100598
0.0105502
0.0109479
0.0109387
0.011529
0.00917469
0.00957959
0.0108119
0.0115223
0.0108218
0.0107122
0.0106392
0.0106387
0.0106387
0.0106393
0.0106393
0.0106392
0.0107697
0.0108505
0.0115079
0.0106825
0.0108256
0.0121711
0.0118905
0.0121432
0.010108
0.0124255
0.0120824
0.00994907
0.0120838
0.0116733
0.0125583
0.0119841
0.0101484
0.0106893
0.00994898
0.0103871
0.0112055
0.00907028
0.0122592
0.0122583
0.0128022
0.0130769
0.0129176
0.0122542
0.0107541
0.0108453
0.0119284
0.0120235
0.0126565
0.0130371
0.0123737
0.0122031
0.0112147
0.0112147
0.0116427
0.0116427
0.013265
0.0125648
0.0119641
0.0126121
0.0112303
0.0111287
0.0116577
0.0116577
0.0122728
0.00997825
0.00937054
0.0116853
0.0115329
0.0111352
0.0117423
0.0117423
0.0131911
0.0142498
0.0139353
0.0124051
0.010326
0.0083432
0.0124458
0.00951992
0.0161873
0.0155741
0.0158044
0.0152027
0.00877045
0.0108696
0.0141164
0.011256
0.0122954
0.0144716
0.0150162
0.0123316
0.010881
0.0106794
0.0108223
0.0106761
0.0106392
0.0106392
0.0106392
0.0106474
0.0107454
0.0113316
0.0111133
0.00931529
0.00885808
0.00925205
0.008337
0.00850418
0.00972213
0.0101777
0.00968864
0.00968918
0.00830506
0.00830458
0.00921742
0.00878058
0.00942032
0.00997334
0.00935805
0.0113958
0.010536
0.0100059
0.0101782
0.00972159
0.00811136
0.00855032
0.00835275
0.0121587
0.0112109
0.0110676
0.0108868
0.0106434
0.0106393
0.0106387
0.0106381
0.0106387
0.0106387
0.0107117
0.0107407
0.0117694
0.0116666
0.013151
0.012933
0.0141249
0.0132232
0.0112356
0.0130134
0.0134756
0.0126726
0.0104841
0.0130431
0.0118998
0.0119054
0.0152144
0.0105739
0.0141783
0.0117937
0.00876452
0.0105978
0.0114084
0.011842
0.0143802
0.0139158
0.0137237
0.0129927
0.0106587
0.0112218
0.0116546
0.0116546
0.0135301
0.0137414
0.0136904
0.0136904
0.0112149
0.0112149
0.0116427
0.0116427
0.0125836
0.0130435
0.014286
0.0139926
0.0112188
0.0112186
0.0116464
0.0117806
0.0112822
0.0108855
0.014862
0.0156913
0.0110011
0.0107985
0.0117638
0.0121095
0.0181748
0.0138929
0.0124938
0.00947003
0.00861067
0.0110482
0.0125981
0.0102622
0.0194563
0.0141897
0.0126616
0.00989754
0.00999996
0.0134712
0.0110498
0.0128843
0.0132717
0.0116962
0.0159915
0.0168948
0.0106389
0.0114083
0.0107894
0.0106469
0.0106387
0.0106387
0.0106387
0.0106428
0.0108062
0.0111091
0.0116969
0.0118389
0.00800764
0.0085387
0.00794983
0.00968864
0.00968864
0.0101777
0.00972211
0.00850478
0.00833705
0.00942137
0.00948447
0.0113525
0.0121584
0.00835265
0.00855032
0.00811136
0.00972158
0.0101782
0.0100059
0.0105354
0.0113954
0.00935874
0.00997392
0.011582
0.0114233
0.0106802
0.0106475
0.0106393
0.0106392
0.0106392
0.0106392
0.0106475
0.0106796
0.011423
0.0115819
0.0141248
0.0132233
0.0129331
0.0131505
0.0154481
0.0151752
0.0151754
0.014808
0.0118993
0.0119042
0.0130427
0.010485
0.0148271
0.0171616
0.0167376
0.0143926
0.0114086
0.0118427
0.0105976
0.00876451
0.0146686
0.015097
0.0139777
0.0146605
0.0116545
0.0116545
0.0112218
0.0106585
0.0142833
0.0142833
0.0133285
0.0137413
0.0116427
0.0116427
0.0112149
0.0112149
0.013892
0.0137611
0.0136171
0.0128564
0.0116464
0.0117801
0.0112186
0.0112188
0.0147389
0.0139334
0.0165027
0.0136818
0.0117633
0.01211
0.0107988
0.0110012
0.0156524
0.0155259
0.0127696
0.0161106
0.0125986
0.0102621
0.0110478
0.00861078
0.0162185
0.0155977
0.0143474
0.0117137
0.0110494
0.0128835
0.0134712
0.00999978
0.0169234
0.015962
0.015962
0.0160798
0.0116968
0.011109
0.0108062
0.0106433
0.0106392
0.0106392
0.0106392
0.0106474
0.01079
0.0114084
0.0106389
0.0117667
0.00958426
0.0114134
0.0105361
0.010006
0.00992977
0.00992977
0.010006
0.0105355
0.0114135
0.00958489
0.0117667
0.00957926
0.00917425
0.0115284
0.0109381
0.0109479
0.0105502
0.0100604
0.00811183
0.00814792
0.00807757
0.0102956
0.0118667
0.0117698
0.0107414
0.0107128
0.0106392
0.0106393
0.0106393
0.0106392
0.0106392
0.0106434
0.0108867
0.0110674
0.0112107
0.0121438
0.0118908
0.0108261
0.0121712
0.0139155
0.0140921
0.0112358
0.013014
0.0119844
0.0125589
0.0116735
0.0120844
0.0151388
0.0154558
0.0149334
0.010573
0.0122594
0.0122586
0.00906962
0.0112048
0.0154578
0.0154572
0.0139547
0.0137493
0.012023
0.0119278
0.0108454
0.0107542
0.0150925
0.0150925
0.0133807
0.0133803
0.0116422
0.0116422
0.0112147
0.0112147
0.0150462
0.0150462
0.012583
0.012869
0.0116572
0.0116577
0.0111287
0.0112303
0.0150925
0.0150925
0.0117262
0.0108856
0.0117422
0.0117422
0.0111355
0.0115329
0.0154584
0.0154584
0.0183278
0.0142219
0.00951993
0.0124455
0.0083435
0.0103261
0.0158444
0.0155749
0.01829
0.0141896
0.0112555
0.0141167
0.00877097
0.0108697
0.017323
0.0168697
0.0132717
0.0116971
0.0111144
0.0113323
0.0107454
0.0106475
0.0106393
0.0106392
0.0106392
0.0106762
0.0108223
0.0106794
0.010881
0.0115784
0.00948386
0.00942141
0.00833757
0.00850478
0.00972214
0.0101782
0.0096892
0.00968919
0.00795023
0.00853872
0.00800731
0.0118394
0.0121203
0.0101988
0.0108176
0.00978038
0.00992977
0.00992977
0.00978038
0.0108165
0.0101983
0.0121203
0.0117619
0.0117619
0.0107692
0.0107698
0.0106392
0.0106392
0.0106392
0.0106393
0.0106393
0.0106392
0.0107128
0.0108223
0.011522
0.010811
0.0109159
0.0110921
0.0113423
0.0110916
0.0137865
0.0137859
0.0124245
0.0101086
0.0141036
0.0102387
0.0135365
0.0105045
0.0151391
0.0151391
0.010148
0.0106901
0.0141564
0.013709
0.0131108
0.0131831
0.0154578
0.0154578
0.0130766
0.0128023
0.0121254
0.0115368
0.011691
0.0111106
0.0150926
0.0150926
0.0130367
0.0126565
0.0116427
0.0116427
0.0112141
0.0112141
0.0150462
0.0150462
0.0125648
0.0132646
0.0116577
0.0116577
0.011218
0.0113267
0.0150922
0.0150926
0.00997773
0.0122728
0.0117422
0.0120584
0.0113278
0.0119559
0.015458
0.015458
0.0142493
0.0131907
0.0129623
0.0120673
0.0127564
0.0120671
0.0158439
0.0158444
0.016187
0.0155737
0.0129356
0.0126996
0.0129345
0.0126991
0.0174367
0.0174367
0.0144707
0.0122958
0.0113803
0.0109896
0.0106925
0.0106433
0.0106392
0.0106392
0.0106433
0.0106925
0.0109896
0.0113803
0.0116281
0.00938473
0.00938472
0.00830503
0.0083046
0.00968867
0.0096892
0.0101782
0.0097216
0.00850429
0.00833703
0.00925146
0.00885814
0.00931462
0.0102956
0.00807758
0.00814792
0.00811136
0.0100598
0.0105502
0.0109474
0.0109381
0.0115296
0.00917529
0.00955729
0.011762
0.011762
0.0107698
0.0107692
0.0106387
0.0106392
0.0106392
0.0106392
0.0106392
0.0106393
0.0106475
0.0106802
0.0114225
0.0113792
0.0108256
0.0121711
0.0118992
0.0129345
0.0137859
0.0137865
0.0146284
0.0141375
0.0120842
0.0116735
0.0131621
0.0108157
0.0151394
0.0151388
0.0157516
0.0116459
0.0112055
0.00907027
0.0110044
0.00910663
0.0154578
0.0154578
0.0130772
0.0127891
0.0107541
0.0108454
0.0114872
0.0110153
0.0150921
0.0150925
0.0129834
0.0129834
0.0112147
0.0112147
0.0112147
0.0112147
0.0150458
0.0150458
0.0132014
0.0128331
0.0112303
0.0111287
0.0112186
0.0112186
0.0150921
0.0150922
0.0145669
0.0145762
0.011533
0.0111353
0.0107983
0.0110012
0.0154586
0.015458
0.0126
0.00996968
0.0103258
0.00834301
0.0114358
0.0086104
0.0158441
0.0158441
0.0128985
0.0103341
0.00877045
0.0108699
0.0134298
0.0101162
0.0174371
0.0174365
0.0151137
0.0165134
0.0108814
0.0106794
0.0108223
0.0106762
0.0106392
0.0106392
0.0106393
0.0106475
0.01079
0.0112975
0.0106236
0.0116276
0.00938471
0.00938473
0.00830505
0.00830504
0.00968865
0.00968916
0.00993033
0.0099298
0.0100065
0.0105361
0.0114129
0.00958424
0.0115355
0.00997324
0.00935812
0.0113959
0.010536
0.0100059
0.0101777
0.00972211
0.00811183
0.00814745
0.00807748
0.0102956
0.011762
0.011762
0.0107698
0.0107698
0.0106392
0.0106387
0.0106381
0.0106387
0.0106387
0.0106387
0.0106387
0.0106428
0.0108862
0.0110669
0.0112111
0.0131509
0.0129328
0.0108261
0.0121711
0.0137859
0.0137861
0.0110469
0.0125803
0.010484
0.013043
0.0116738
0.0120839
0.0151389
0.0151389
0.0147667
0.0103141
0.00876434
0.0105976
0.00906969
0.0112054
0.0154568
0.0154573
0.0137186
0.0135209
0.0106585
0.0112216
0.0108455
0.0107542
0.0150921
0.0150917
0.0126562
0.0132427
0.0112147
0.0112147
0.0112149
0.0112149
0.0150458
0.0150458
0.0123699
0.0122056
0.0112186
0.0112188
0.0111287
0.0112305
0.0150926
0.0150921
0.0126739
0.0107662
0.0110014
0.0107982
0.0111355
0.0115329
0.015458
0.0154586
0.0152953
0.0150271
0.00861039
0.0110481
0.00834301
0.0103261
0.0158438
0.0158441
0.0141959
0.0131834
0.00999996
0.0134718
0.00877048
0.0108693
0.0174367
0.0174364
0.012572
0.0116965
0.0106394
0.0114083
0.0107895
0.0106469
0.0106387
0.0106387
0.0106387
0.0106756
0.0108223
0.0106789
0.0108803
0.011627
0.00938417
0.00938366
0.0083046
0.00830503
0.00968862
0.00968863
0.00993035
0.00992981
0.00968866
0.00968863
0.00794981
0.00853961
0.00800822
0.0118389
0.0121583
0.00835274
0.0085503
0.00811126
0.00972211
0.0101777
0.00977982
0.0108176
0.0101988
0.0121203
0.011762
0.011762
0.0107698
0.0107698
0.0106393
0.0106392
0.0106392
0.0106387
0.0106387
0.0106392
0.0106392
0.0106392
0.0107697
0.0108505
0.0115079
0.0106824
0.0141249
0.0132239
0.0109162
0.0110927
0.0137865
0.0137865
0.0120818
0.00994876
0.0118994
0.011904
0.0141038
0.0102385
0.0151394
0.0151394
0.00994898
0.0103871
0.0114089
0.0118429
0.0141566
0.013709
0.0154576
0.0154576
0.0129177
0.0124496
0.0116548
0.0116546
0.0121255
0.0115368
0.0150925
0.0150925
0.0129092
0.0123492
0.0116427
0.0116427
0.0116427
0.0116427
0.0150462
0.0150462
0.0125653
0.0130944
0.0116464
0.0117801
0.0116577
0.0116577
0.0150925
0.0150925
0.0105188
0.0122728
0.0117632
0.0121103
0.0117422
0.0120582
0.0154584
0.0154584
0.014342
0.0137828
0.0125988
0.0102622
0.0129621
0.0120671
0.0158441
0.0158438
0.0155268
0.0154315
0.0110496
0.012884
0.012935
0.0126996
0.0174364
0.0174367
0.0150169
0.0123321
0.0116968
0.011109
0.0108062
0.0106433
0.0106387
0.0106392
0.0106433
0.0106925
0.0109895
0.0113797
0.0116281
0.00938413
0.00938424
0.00830561
0.00830562
0.0096892
0.00968868
0.00992979
0.00992979
0.00968866
0.00968919
0.00830504
0.00830505
0.00921804
0.00878053
0.00942039
0.0100007
0.00935812
0.0113959
0.0105355
0.0100059
0.0105746
0.0105844
0.0115284
0.00917486
0.00957959
0.011762
0.011762
0.0107698
0.0107698
0.0106392
0.0106393
0.0106393
0.0106392
0.0106392
0.0106387
0.0106392
0.0106392
0.0107691
0.0107697
0.0117624
0.0115606
0.0123608
0.0129441
0.0118912
0.0121442
0.0137085
0.013786
0.0131583
0.0125326
0.0117439
0.012549
0.0125589
0.0119844
0.0154923
0.0148845
0.0138671
0.0117937
0.0118427
0.0118427
0.0122585
0.0122586
0.0155251
0.0156516
0.0137238
0.0129928
0.0116546
0.0116542
0.0119284
0.012023
0.0139334
0.0147389
0.0136904
0.0136904
0.0116424
0.0116424
0.0116427
0.0116427
0.0137615
0.013892
0.014286
0.0139926
0.0116574
0.0116577
0.0116577
0.0116577
0.0142838
0.0142838
0.014862
0.0156913
0.0117422
0.0117422
0.0117422
0.0117422
0.0150979
0.0146698
0.0124938
0.00946975
0.00951992
0.01205
0.0124458
0.00951992
0.0155071
0.0161561
0.0129122
0.00989701
0.0111705
0.0141865
0.0141172
0.011256
0.0176367
0.0174371
0.0165414
0.017
0.0111438
0.0114501
0.0107454
0.0106475
0.0106387
0.0106392
0.0106474
0.0107454
0.0113323
0.0111145
0.0116281
0.00938412
0.00938475
0.00830559
0.00830508
0.00968921
0.0096892
0.00992977
0.00992977
0.00968863
0.00968918
0.00830553
0.00830513
0.00938473
0.00938473
0.0114057
0.0121583
0.00835175
0.00854985
0.00811184
0.00998599
0.00998604
0.00811183
0.00855032
0.00835231
0.0121584
0.0119409
0.0117619
0.0107692
0.0107698
0.0106392
0.0106392
0.0106392
0.0106393
0.0106393
0.0106392
0.0106392
0.0106392
0.0107697
0.0107691
0.0117623
0.0117623
0.0136705
0.0132239
0.0136702
0.0132238
0.0136292
0.0136017
0.0137859
0.013183
0.012549
0.0117439
0.0125491
0.0117444
0.0188019
0.0138489
0.0153198
0.0146766
0.0146772
0.0124375
0.0124367
0.0124363
0.0124368
0.0131904
0.013894
0.0181739
0.0147318
0.0149912
0.0121878
0.0121883
0.0121886
0.0121878
0.0122733
0.00997721
0.0108849
0.011283
0.0140682
0.0145078
0.0121706
0.0121706
0.0121701
0.0121701
0.0132643
0.0125648
0.0130431
0.0125836
0.0147601
0.0140433
0.0121849
0.0121853
0.0121844
0.0121848
0.0126565
0.0130371
0.0137409
0.0135296
0.0168688
0.0147983
0.0122444
0.0122436
0.012244
0.0122444
0.0128029
0.0139165
0.0143806
0.012498
0.0158926
0.0128321
0.0102625
0.0128327
0.0102622
0.0160114
0.0113734
0.0176543
0.0145735
0.0114587
0.0110495
0.0128837
0.0110496
0.012884
0.0188457
0.0173151
0.0174364
0.0165811
0.0116963
0.011109
0.0108062
0.0106434
0.0106392
0.0106392
0.0106434
0.0108062
0.011109
0.0116968
0.0114539
0.00938473
0.00938472
0.00830503
0.00830458
0.00968867
0.0096892
0.00992977
0.00992979
0.0096892
0.0096892
0.00830508
0.00830513
0.00938464
0.00938426
0.0116276
0.00957901
0.0091753
0.0115295
0.0105843
0.010574
0.0100065
0.0105361
0.0113961
0.00935824
0.0100006
0.0131508
0.0122444
0.0110119
0.0107692
0.0106387
0.0106392
0.0106392
0.0106392
0.0106392
0.0106393
0.0111688
0.010904
0.0111367
0.010744
0.0109735
0.0115159
0.0121436
0.0118903
0.0129433
0.0123596
0.00939556
0.0114464
0.00894878
0.0147041
0.0127973
0.013074
0.011984
0.0125584
0.012549
0.0117447
0.00987089
0.0150227
0.0152051
0.0138844
0.0139987
0.0122592
0.0122592
0.011842
0.011842
0.0125989
0.0099699
0.0142488
0.0151099
0.015199
0.0120235
0.0119284
0.0116545
0.0116545
0.0145755
0.0145668
0.0149118
0.0152059
0.0116427
0.0116427
0.0116427
0.0116427
0.0128324
0.0132001
0.0148411
0.0148411
0.0116577
0.0116577
0.0116577
0.0116577
0.0129831
0.0129834
0.0152063
0.0149118
0.0117422
0.0117422
0.0117423
0.0117423
0.0130769
0.012789
0.0130771
0.0151992
0.0151093
0.00952012
0.012446
0.0120503
0.00951992
0.0122087
0.0111354
0.0104933
0.0153587
0.0146594
0.0112557
0.014116
0.0141869
0.0111707
0.0128502
0.0157318
0.0140359
0.0157776
0.0167815
0.0167016
0.0111133
0.0113317
0.0107454
0.0106474
0.0106392
0.0106393
0.0106475
0.0107454
0.0114496
0.0111433
0.00998924
0.00886745
0.0092761
0.00830505
0.00830504
0.00933356
0.00933407
0.00938295
0.00991424
0.0100506
0.0100632
0.00879271
0.00833696
0.00937187
0.00922886
0.0114234
0.0121203
0.0101988
0.0108171
0.00978039
0.0101782
0.00972158
0.00811136
0.00855031
0.00835273
0.0121592
0.00839348
0.00920303
0.0119084
0.0129702
0.0112119
0.0112533
0.0106393
0.0106387
0.0106381
0.0106387
0.0106387
0.0106387
0.0112533
0.0112119
0.0129702
0.0119085
0.00920314
0.00831555
0.0109157
0.0110916
0.0141245
0.0132233
0.0131138
0.0110482
0.0111747
0.0132552
0.014104
0.0102387
0.0119001
0.0119054
0.0137183
0.0128768
0.0124658
0.012107
0.0108872
0.0141567
0.0137085
0.0114086
0.011842
0.0137826
0.015028
0.0152963
0.0158927
0.0124987
0.0121249
0.0115368
0.0116545
0.0116545
0.0122735
0.0105182
0.0107656
0.0126746
0.0147976
0.0168692
0.0116427
0.0116427
0.0116427
0.0116427
0.0130932
0.0125655
0.0122056
0.0123693
0.0140433
0.0147594
0.0116577
0.0116577
0.0116464
0.0117806
0.0123484
0.0129088
0.0132431
0.0126562
0.0145082
0.0140682
0.0117422
0.0120584
0.0117638
0.0121095
0.0124495
0.0135224
0.0137197
0.0149907
0.0147322
0.0129625
0.0120671
0.0125981
0.0102621
0.0155259
0.0110987
0.0162235
0.0145468
0.0153581
0.0129345
0.0126991
0.0110493
0.0128841
0.0172309
0.0157871
0.0158396
0.0158792
0.0113803
0.010989
0.0106919
0.0106428
0.0106387
0.0106387
0.0106428
0.0108062
0.011109
0.0116973
0.0110981
0.009491
0.0124699
0.0102757
0.00824422
0.00811945
0.00792058
0.0093336
0.00933412
0.0093341
0.0093336
0.00792059
0.00811945
0.00824422
0.0102761
0.0124704
0.0094915
0.0112678
0.0102955
0.0080775
0.00814792
0.00811136
0.00972159
0.0101782
0.0100059
0.0105355
0.011396
0.00935881
0.0102766
0.0128839
0.0114243
0.0109711
0.0111373
0.010904
0.0111688
0.0106392
0.0106393
0.0106393
0.0106387
0.0111688
0.0109046
0.0111379
0.0109717
0.0114243
0.0128846
0.0108261
0.0121712
0.0133251
0.0136854
0.00939588
0.0109208
0.0089491
0.0136855
0.0136862
0.00894919
0.0109208
0.00939922
0.0120844
0.0116729
0.0134066
0.0104437
0.00987141
0.0147551
0.0144434
0.0148906
0.0145761
0.00944666
0.011205
0.00907028
0.0105977
0.00876436
0.0125993
0.00997075
0.0143408
0.0143413
0.012493
0.00947014
0.0107541
0.0108448
0.0112218
0.0106587
0.0145759
0.0145671
0.0156917
0.0148623
0.0112141
0.0112141
0.0112149
0.0112149
0.0128321
0.0132005
0.0139922
0.0142856
0.0112297
0.0111282
0.0112186
0.0112188
0.0129834
0.0129831
0.0136908
0.0136908
0.0115324
0.0111358
0.0111741
0.0112693
0.0130774
0.0127894
0.0129178
0.0129173
0.013724
0.0129931
0.0103266
0.00834367
0.0116048
0.00901481
0.012209
0.011136
0.0102806
0.0108406
0.0102804
0.0123778
0.00877097
0.0108697
0.0139724
0.01057
0.0128511
0.0152139
0.0137556
0.0152521
0.0152525
0.013756
0.0152142
0.0126313
0.010881
0.0106794
0.0108223
0.0106761
0.0106393
0.0106393
0.0106393
0.0106475
0.0107454
0.0114496
0.0106584
0.00980429
0.00871483
0.00926291
0.00833747
0.00879263
0.00968784
0.00969624
0.00938553
0.00938553
0.00969624
0.00968735
0.00879213
0.00833692
0.0092625
0.0087158
0.00980429
0.00997351
0.00935804
0.0113959
0.010536
0.0100059
0.0101782
0.00972213
0.00811183
0.00854985
0.00848409
0.0116566
0.00839293
0.00920358
0.0119091
0.0129702
0.0112119
0.0112533
0.0106393
0.0106392
0.0106392
0.0106392
0.0106392
0.0106393
0.0112533
0.0112119
0.0129702
0.0119091
0.00920357
0.00839293
0.0131506
0.0129334
0.0115381
0.0139473
0.0131136
0.0110477
0.0110474
0.0131139
0.0104846
0.0130427
0.0118604
0.0113906
0.0137179
0.0128774
0.0124654
0.0124658
0.0137178
0.0128759
0.00876498
0.0105984
0.00960742
0.011898
0.0137819
0.0150278
0.0152959
0.0150287
0.0152951
0.0137825
0.0106592
0.0112218
0.0112623
0.0116689
0.0122733
0.0105177
0.0107654
0.0126746
0.0107654
0.0126752
0.0105177
0.0122733
0.0112149
0.0112149
0.0115256
0.0116465
0.0130933
0.0125653
0.0122059
0.0123689
0.0122059
0.0123689
0.0125653
0.0130933
0.0112188
0.0112186
0.0112188
0.0115861
0.012349
0.0129089
0.0132431
0.0126565
0.0132426
0.0126565
0.0129089
0.012349
0.0110011
0.0107984
0.0117792
0.0115937
0.01245
0.0135219
0.0137196
0.0135223
0.0137192
0.0124499
0.00861066
0.0110478
0.00996426
0.0119687
0.0155252
0.0110993
0.0162227
0.016223
0.0155256
0.0110988
0.00999978
0.0134714
0.0104744
0.0117248
0.01723
0.0157862
0.0157862
0.0172306
0.0106394
0.0114089
0.01079
0.0106475
0.0106393
0.0106393
0.0106393
0.0106433
0.0108062
0.00987281
0.0107672
0.0110974
0.00949099
0.0124699
0.0102763
0.00824509
0.00811953
0.00792051
0.00933411
0.00933411
0.00933411
0.00933411
0.00792047
0.00811946
0.00824477
0.0102757
0.0124699
0.009491
0.0110974
0.0121584
0.00835221
0.00854985
0.00811136
0.00972159
0.0101782
0.0100059
0.010536
0.0106755
0.00853114
0.00874224
0.012884
0.0114243
0.0109717
0.0111379
0.0109046
0.0111688
0.0106387
0.0106393
0.0106393
0.0106392
0.0106392
0.0106392
0.0107697
0.0110112
0.0122439
0.0131501
0.0141253
0.0132234
0.00994438
0.00867257
0.00939922
0.0109218
0.00894965
0.013686
0.0147034
0.00894909
0.0114465
0.00939588
0.0118995
0.0119048
0.0109583
0.00995627
0.00944614
0.0148906
0.0145767
0.0150231
0.0152051
0.00987125
0.0114086
0.0118421
0.0125334
0.0157907
0.012493
0.00946985
0.0143409
0.0142494
0.0125987
0.00996969
0.011654
0.0116545
0.0150561
0.0125649
0.0156913
0.0148623
0.0145766
0.0145673
0.0116427
0.0116427
0.0126835
0.0120333
0.0139922
0.0142852
0.0128316
0.0132004
0.0116464
0.0117806
0.0120623
0.0122273
0.0136904
0.0136908
0.0129834
0.0129826
0.0117638
0.0121095
0.0123446
0.0125851
0.0137237
0.0129927
0.0129179
0.0130773
0.0130775
0.0127895
0.0125981
0.0102621
0.0122546
0.0128285
0.0123777
0.0108404
0.0102807
0.0111352
0.0104931
0.012209
0.0110493
0.0128835
0.0110871
0.00956816
0.0126304
0.0152139
0.013756
0.015252
0.0157776
0.0140364
0.0157318
0.0128502
0.0116968
0.011109
0.0108063
0.0106434
0.0106393
0.0106393
0.0106393
0.0106474
0.0100454
0.00996039
0.00801747
0.00980429
0.00871579
0.0092625
0.00833692
0.00879212
0.0100632
0.0100512
0.00991474
0.00938185
0.00933361
0.00933411
0.0083056
0.00830562
0.0092761
0.00886742
0.00999025
0.0100006
0.00935813
0.0113964
0.010536
0.0100059
0.0101782
0.00972159
0.00776679
0.00810183
0.0075108
0.0116707
0.00831511
0.00920303
0.011909
0.0129696
0.0112113
0.0112533
0.0106393
0.0106393
0.0106393
0.0106387
0.0106387
0.0106393
0.0111688
0.010904
0.0111373
0.010744
0.0109729
0.0116827
0.0123596
0.0129435
0.0151213
0.0109956
0.0131811
0.0111747
0.0126242
0.0129329
0.0117442
0.0125481
0.0114593
0.00954786
0.0104322
0.0118736
0.0140723
0.0176916
0.0138486
0.0118429
0.0118427
0.0122314
0.00914653
0.0151616
0.0119092
0.0142212
0.0183277
0.0131913
0.0116545
0.0116545
0.014606
0.0151995
0.0140223
0.0160308
0.0108862
0.0117253
0.00997826
0.012273
0.0116427
0.0116427
0.0136007
0.0132676
0.0133023
0.0139976
0.0128691
0.0125838
0.0125645
0.0132643
0.0116577
0.0116577
0.0129834
0.0129834
0.0137413
0.0133285
0.0133808
0.0133808
0.0130371
0.0126562
0.0117423
0.0117423
0.0130772
0.0117727
0.0146609
0.0139775
0.0137495
0.0139557
0.0128027
0.00951992
0.0120507
0.0126102
0.0107597
0.0150493
0.0148571
0.0171967
0.0157056
0.0113739
0.0111709
0.0141866
0.0123595
0.00950418
0.0160887
0.0158394
0.0166757
0.0180702
0.0111433
0.0114496
0.0107454
0.0106475
0.0106393
0.0106392
0.0106392
0.0106513
0.0104624
0.0114794
0.0094233
0.0112689
0.00949147
0.0124706
0.0102761
0.00824422
0.00811946
0.00792059
0.00933359
0.0093341
0.00938242
0.00991424
0.0100512
0.0100638
0.00879213
0.00833648
0.00937236
0.00922943
0.0112525
0.0121596
0.00835274
0.00855031
0.00811136
0.00972159
0.0101782
0.0094784
0.0102664
0.0112141
0.00911519
0.00960539
0.0116822
0.0109733
0.0107441
0.0111379
0.010904
0.0111682
0.0106393
0.0106393
0.0106387
0.0106387
0.0106387
0.0106381
0.0112527
0.0112119
0.0129702
0.0119091
0.00920357
0.0083151
0.0136707
0.0132239
0.014094
0.0120038
0.0127105
0.0126239
0.0111744
0.0131809
0.0125487
0.0117443
0.0159201
0.015323
0.0120923
0.0131964
0.012672
0.0132059
0.0118734
0.0111277
0.0124372
0.0124374
0.0142486
0.0131905
0.0124368
0.0124368
0.0140287
0.0139983
0.0161108
0.0127703
0.0121886
0.0121886
0.0122733
0.00997721
0.0121886
0.0121886
0.0135092
0.0140215
0.0136807
0.016503
0.0121709
0.0121709
0.0132639
0.0125648
0.0123206
0.0121709
0.0132985
0.0134811
0.0128564
0.0136159
0.0121852
0.0121852
0.0126562
0.0130368
0.0122282
0.0124054
0.0133808
0.0133804
0.0137417
0.0133285
0.0122445
0.0122445
0.0130767
0.0128026
0.0123749
0.0137499
0.0139557
0.0146614
0.013978
0.012833
0.0102621
0.0101478
0.0101386
0.015706
0.0113729
0.017197
0.0148568
0.0150496
0.0110493
0.0128841
0.0132745
0.00983295
0.0180709
0.0166757
0.0158392
0.0160887
0.0116973
0.0111084
0.0108057
0.0106428
0.0106387
0.0106387
0.0106387
0.0109157
0.0110383
0.0128364
0.0120708
0.0112525
0.00922944
0.00937236
0.00833648
0.00879213
0.0100632
0.0100506
0.00991424
0.00938295
0.00933462
0.00933359
0.00792004
0.00811899
0.00824468
0.0102767
0.0124704
0.009491
0.0112683
0.00972607
0.00905047
0.0111578
0.0105361
0.0100059
0.00993344
0.00970528
0.00801996
0.0085442
0.0079328
0.0118684
0.0135267
0.0122438
0.0110119
0.0107692
0.0106387
0.0106392
0.0106392
0.0106393
0.0106393
0.0106393
0.0111694
0.0109046
0.0111373
0.0109711
0.0114248
0.0128845
0.0126346
0.0123996
0.0135148
0.0114596
0.00957896
0.0138615
0.0110698
0.0153444
0.0136856
0.00894955
0.0109208
0.00939954
0.0124601
0.0133554
0.0187136
0.0143456
0.0113562
0.0120921
0.0113568
0.0120914
0.0148905
0.0145767
0.00944637
0.0126555
0.0125808
0.017107
0.0128233
0.0118422
0.0118416
0.0124366
0.0124368
0.0143413
0.0124928
0.00947014
0.0120335
0.0112909
0.0103987
0.0101524
0.0117687
0.0116545
0.0121883
0.0121883
0.0156914
0.0148619
0.0112704
0.0112546
0.0117238
0.012163
0.0116759
0.011825
0.0126803
0.0121742
0.0139918
0.0142853
0.0116577
0.0116577
0.0126095
0.0128295
0.0117356
0.0128717
0.0126803
0.0136899
0.0136903
0.0117423
0.0119171
0.0134521
0.0135792
0.0131111
0.0117441
0.013101
0.0129175
0.0137233
0.0129927
0.00958826
0.0123594
0.0149489
0.0106243
0.0111504
0.0102489
0.0103847
0.0108402
0.0102803
0.0123775
0.0113854
0.0138677
0.0113605
0.0134685
0.0120172
0.0156073
0.0138377
0.015778
0.0152521
0.0137565
0.0152142
0.0126307
0.0111439
0.0114502
0.0107454
0.0106474
0.0106393
0.0106387
0.0106393
0.0106434
0.0111111
0.0113161
0.0114245
0.00998928
0.00886746
0.00927609
0.00830513
0.00830553
0.00933407
0.00933357
0.0093824
0.00991419
0.0100507
0.0100632
0.00879213
0.00833738
0.009263
0.00871527
0.00980476
0.0114385
0.0080077
0.00853867
0.00795018
0.00933462
0.0093336
0.00965235
0.0101627
0.0114128
0.00958416
0.0119912
0.010107
0.0104356
0.0123748
0.0135482
0.0112124
0.0112539
0.0106393
0.0106387
0.0106387
0.0106392
0.0106392
0.0106393
0.0112539
0.0112124
0.0129702
0.0119085
0.00920313
0.00839338
0.0115026
0.0114494
0.0162377
0.0185193
0.00957928
0.0122039
0.0107698
0.0111518
0.0110477
0.0131135
0.0169026
0.0125858
0.0168943
0.0152675
0.0109816
0.0105396
0.0130973
0.0122265
0.0114915
0.012092
0.0124658
0.0137178
0.0128759
0.0163524
0.0123864
0.0128828
0.0128333
0.0109718
0.0132683
0.012754
0.0136021
0.0124571
0.0126228
0.0150287
0.0152951
0.0137831
0.0100514
0.00974096
0.0121793
0.0115548
0.011002
0.0113375
0.0109334
0.0115987
0.0120451
0.0120853
0.0107654
0.0126752
0.0105181
0.0122738
0.0112691
0.0117716
0.0115158
0.0114297
0.0111241
0.0109821
0.0106924
0.0106925
0.0116577
0.0117986
0.0122059
0.0123689
0.0125658
0.0130933
0.0121847
0.0125239
0.0121287
0.0122932
0.0120698
0.0114064
0.0111728
0.0107128
0.0120119
0.0110023
0.0126661
0.0132431
0.0126565
0.0129089
0.012349
0.0125817
0.0124231
0.0119099
0.0135857
0.0128066
0.0130562
0.0130274
0.0113566
0.0121025
0.0114446
0.0128054
0.0126005
0.0135219
0.0137196
0.01245
0.0130777
0.0102829
0.0181635
0.0146157
0.0113432
0.010991
0.0106129
0.0113001
0.012598
0.0130718
0.0134538
0.0132437
0.0162233
0.0155252
0.0110993
0.0110453
0.0126057
0.0154329
0.0169433
0.0119015
0.0141567
0.0118176
0.0146242
0.0157864
0.0172302
0.0111889
0.011109
0.0108062
0.0106433
0.0106387
0.0106387
0.0106392
0.0106474
0.0106802
0.0114232
0.0118355
0.0115148
0.00938929
0.0125191
0.0102757
0.00824464
0.00812001
0.00792105
0.0093341
0.0093336
0.0093336
0.00933411
0.00792102
0.00811945
0.00824422
0.0102757
0.0124699
0.009491
0.011098
0.00960562
0.00894822
0.00924811
0.00830454
0.00830544
0.00956726
0.00913597
0.00814761
0.00800425
0.00959806
0.00951604
0.011295
0.0101075
0.0101043
0.012092
0.012844
0.0111714
0.0116129
0.0109046
0.0111694
0.0106392
0.0106393
0.0106393
0.0106387
0.0111682
0.010904
0.0111379
0.0109717
0.0114238
0.012884
0.0125297
0.0152857
0.018296
0.0158602
0.0109587
0.00907222
0.0093711
0.0123976
0.0107946
0.0111516
0.0136861
0.00894872
0.0109208
0.00939556
0.0160337
0.0151599
0.0114669
0.0129946
0.0147555
0.0144425
0.00987125
0.012405
0.0139349
0.0143411
0.0125987
0.0099697
0.00937024
0.0116855
0.0145766
0.0145673
0.0119638
0.0126115
0.0128321
0.0132004
0.0123736
0.0122031
0.0129834
0.0129831
0.012255
0.0130602
0.0129178
0.0130774
0.0127894
0.0101928
0.0118973
0.0117633
0.0129108
0.0111354
0.0102808
0.0122092
0.0114184
0.0134058
0.0147926
0.0112938
0.00852163
0.00805903
0.0123006
0.0136746
0.0130832
0.012305
0.0152525
0.0137554
0.0152139
0.0128502
0.0105969
0.0112132
0.0107454
0.0106474
0.0106387
0.0106393
0.0106393
0.0106393
0.0107129
0.0107414
0.0120033
0.0117303
0.00767057
0.00728926
0.0119181
0.0112275
0.00975159
0.00843868
0.00881384
0.00968735
0.00969623
0.00938553
0.00938553
0.00969616
0.00968729
0.00879217
0.00833702
0.00926242
0.00871583
0.00980429
0.0115469
0.00950148
0.00933812
0.00798297
0.00843524
0.00909783
0.0095455
0.00809224
0.00819269
0.00918203
0.00818844
0.00855068
0.0102134
0.0102087
0.012092
0.012844
0.0111715
0.0116123
0.010904
0.0111688
0.0106392
0.0106393
0.0106393
0.0106392
0.0106392
0.0106393
0.0112527
0.0112113
0.0129702
0.011909
0.00920303
0.00839249
0.0193233
0.018168
0.013168
0.0125424
0.0129437
0.0107154
0.0110477
0.0131143
0.0097247
0.0139646
0.0124658
0.013718
0.0128762
0.0120884
0.00922263
0.0150289
0.0152954
0.0137826
0.0142813
0.0149413
0.0107656
0.0126752
0.0105177
0.012273
0.0136007
0.0132672
0.0122056
0.0123693
0.012565
0.0130936
0.0129831
0.0128002
0.0132426
0.0126561
0.0129092
0.0123489
0.0130819
0.01189
0.0135223
0.0137192
0.0124499
0.0119487
0.0100536
0.0162233
0.015526
0.0110991
0.0102139
0.0122743
0.0113207
0.0151691
0.0119331
0.0146739
0.0157865
0.0172306
0.0113364
0.0111024
0.0112951
0.0106433
0.0106392
0.0106392
0.0106393
0.0106393
0.0106393
0.0107692
0.0110108
0.0118364
0.012771
0.00968979
0.00917371
0.0110929
0.00920164
0.00740815
0.00741241
0.00771347
0.00947847
0.010267
0.00993397
0.00970527
0.00933461
0.0093336
0.00792004
0.00811946
0.00824478
0.0102761
0.0124706
0.00949094
0.0110975
0.0119417
0.010226
0.0127407
0.0106888
0.0113012
0.00991352
0.0100963
0.00729364
0.00608323
0.00612295
0.00745722
0.0116998
0.0118253
0.0132784
0.0107767
0.0116123
0.010904
0.0111688
0.0106393
0.0106387
0.0106381
0.0106387
0.0106387
0.0106387
0.0111688
0.010904
0.0111367
0.0109706
0.0114248
0.0128845
0.0171807
0.010881
0.0159428
0.013686
0.00894956
0.0109212
0.00939633
0.0118633
0.010978
0.014756
0.0144431
0.00987088
0.0118517
0.0136696
0.0143418
0.0125985
0.00996938
0.014666
0.0120931
0.0145762
0.0145669
0.0123484
0.0114997
0.0128319
0.0132002
0.0119096
0.0116422
0.012983
0.0129829
0.0116472
0.0112499
0.0129178
0.013077
0.0127895
0.00912984
0.0107038
0.0111357
0.0102807
0.0122093
0.00963762
0.0153556
0.015252
0.013756
0.0152139
0.0128506
0.0119639
0.0129257
0.0112431
0.0111509
0.0106387
0.0106387
0.0106387
0.0106387
0.0106393
0.0106392
0.0112528
0.0112113
0.0139625
0.0133294
0.0136961
0.0107494
0.00834489
0.00814893
0.00840062
0.0100632
0.0100506
0.00991424
0.00938241
0.00938241
0.00991424
0.0100506
0.0100632
0.0087927
0.00833741
0.0092625
0.00871527
0.00980477
0.00874782
0.00886781
0.00967768
0.00898163
0.00845443
0.0101494
0.0096892
0.0102845
0.0102845
0.0106393
0.0106393
0.0106387
0.0111688
0.0109046
0.0116129
0.011172
0.0122817
0.0116342
0.0089004
0.00839338
0.00870942
0.0137291
0.00970824
0.0141622
0.0126624
0.0122418
0.0122424
0.0132368
0.0142392
0.0156622
0.0110481
0.0131139
0.0102464
0.0102299
0.0124656
0.0137174
0.0128762
0.0129797
0.0103833
0.0150281
0.0152951
0.0137831
0.00996311
0.00896742
0.0107654
0.0126746
0.0105182
0.0122733
0.0104356
0.0107467
0.0122059
0.0123689
0.0125653
0.0130933
0.0107408
0.0107088
0.0132431
0.0126565
0.0129089
0.012349
0.010594
0.0116883
0.0135215
0.0137196
0.0124499
0.011665
0.0124132
0.0162227
0.0155249
0.0110996
0.0111877
0.0124898
0.0157862
0.0172299
0.00895778
0.00882535
0.0115151
0.0109123
0.0108952
0.0106393
0.0106393
0.0106393
0.0106393
0.0106393
0.0106393
0.0106387
0.0111682
0.010904
0.0115305
0.0109217
0.0104527
0.00991419
0.00938241
0.00938241
0.00991419
0.0100507
0.0100632
0.00840005
0.00814846
0.00826648
0.0103247
0.0124818
0.00949158
0.0110974
0.0117897
0.00967925
0.00967191
0.0083374
0.00880574
0.0100967
0.0106253
0.0107047
0.0107273
0.010918
0.0124168
0.0120914
0.0101037
0.00986431
0.00786502
0.00819989
0.0104791
0.0103529
0.0116846
0.0111258
0.0130136
0.0104626
0.0191708
0.0125492
0.0197222
0.0106153
0.00869361
0.00996385
0.00939555
0.0119797
0.00724987
0.0145374
0.0147308
0.00987116
0.0112928
0.0138176
0.0139351
0.0125992
0.00996991
0.0098936
0.012684
0.0145772
0.0145677
0.0113527
0.0108878
0.0128324
0.013201
0.0118357
0.0108001
0.0129834
0.0129834
0.0147736
0.012291
0.0129174
0.0130772
0.0127897
0.0104918
0.0129072
0.0111362
0.0102804
0.0122095
0.00883952
0.00918544
0.0149388
0.0132614
0.0150852
0.0128511
0.00941136
0.00734043
0.0076698
0.007751
0.0100508
0.0105405
0.0106393
0.0106393
0.0106393
0.0106393
0.0106393
0.0106393
0.0106387
0.0106387
0.0106393
0.0106393
0.0102845
0.0102845
0.0096892
0.0096892
0.00792102
0.00811945
0.00824422
0.0102757
0.0124727
0.00939973
0.0100571
0.0125498
0.0104631
0.0130142
0.0111258
0.0112095
0.0107515
0.00946527
0.0108443
0.00871778
0.0108116
0.0104052
0.010783
0.0106253
0.0100967
0.00880574
0.0083374
0.00967191
0.00967922
0.0197222
0.0117896
0.0191711
0.0117699
0.0107698
0.0135199
0.00963486
0.00967449
0.00815306
0.012845
0.0163367
0.0122269
0.0132902
0.0112215
0.0123863
0.016352
0.0124049
0.0119784
0.0150901
0.00974096
0.0100514
0.00937025
0.0116855
0.00966124
0.0102853
0.0117714
0.0112691
0.0119638
0.0126115
0.0137938
0.0115062
0.012524
0.0121844
0.0123737
0.0122032
0.0151731
0.0152809
0.0124231
0.0125817
0.012255
0.0150206
0.0104755
0.0125755
0.0137943
0.0106455
0.0116806
0.0104599
0.0161475
0.0143137
0.0158004
0.0139135
0.0118052
0.00961223
0.0105192
0.00921291
0.0102845
0.0102845
0.0106392
0.0106392
0.0106392
0.0106392
0.0106392
0.0106392
0.0106387
0.0106387
0.0102851
0.0102845
0.00968867
0.0096892
0.00830562
0.00830562
0.00927609
0.00886795
0.00998977
0.0115074
0.0103956
0.0109811
0.0107047
0.0102845
0.0102845
0.0096892
0.00968867
0.00830459
0.00830504
0.00938827
0.00909714
0.0159928
0.00974117
0.0142395
0.0138212
0.0120864
0.0122514
0.0127547
0.0146846
0.0128421
0.0103636
0.0123336
0.0160261
0.013148
0.01238
0.0128197
0.0110059
0.0140103
0.012988
0.013071
0.0132732
0.0132177
0.0144281
0.0169719
0.0125996
0.0125996
0.0125964
0.0118297
0.0158876
0.0110434
0.0122451
0.0121491
0.0118034
0.0117654
0.0123873
0.0139889
0.0127229
0.012009
0.0122031
0.0120447
0.0124461
0.0105787
0.013839
0.0137143
0.0122297
0.0120388
0.0122655
0.0149614
0.0177776
0.0162015
0.0118061
0.0100914
0.0165951
0.0147016
0.0177914
0.019183
0.01152
0.00963034
0.0114959
0.010922
0.0106535
0.0106393
0.0106393
0.0106393
0.0106393
0.0106393
0.0106393
0.0106393
0.0106393
0.0102845
0.0102839
0.00968865
0.00968917
0.00830504
0.00830459
0.00938413
0.00938425
0.0114534
0.0108042
0.0107425
0.0107041
0.0107041
0.0106387
0.0106387
0.0102839
0.0102845
0.00968862
0.00968862
0.00792051
0.00811899
0.0079854
0.0102732
0.0112093
0.0110739
0.0117229
0.0111144
0.0134018
0.0108573
0.0117262
0.0114905
0.0146042
0.0109821
0.0111841
0.00967307
0.012098
0.0123582
0.0139036
0.0158154
0.0102304
0.0115594
0.0112725
0.0137551
0.0158894
0.0112566
0.0108965
0.0123375
0.0129718
0.0103147
0.00972406
0.0129526
0.0112463
0.0162661
0.0122231
0.0138922
0.0138194
0.0197853
0.0185574
0.0115049
0.0140448
0.0183871
0.0188794
0.00931519
0.00885816
0.00925146
0.00833654
0.0085042
0.0100598
0.0105491
0.0106387
0.0106387
0.0106387
0.0106387
0.0106387
0.0106387
0.0102839
0.0102845
0.00968862
0.00968862
0.00830504
0.00830503
0.00938472
0.00938473
0.0116281
0.0113861
0.0112976
0.0107047
0.0107047
0.0106393
0.0106393
0.0106393
0.0106393
0.0102845
0.0102845
0.00971701
0.0102882
0.0101086
0.0106761
0.010683
0.010741
0.0104515
0.0101479
0.00843109
0.0133308
0.0144603
0.0109212
0.00967294
0.0107899
0.0103476
0.0114161
0.0134104
0.0118517
0.0111572
0.0117
0.0100181
0.0104233
0.0112904
0.0132991
0.0142577
0.00873963
0.00873963
0.0141878
0.0133506
0.0102117
0.00967813
0.0168743
0.0163142
0.0195969
0.0134566
0.0170514
0.0121966
0.0174032
0.0200611
0.0128809
0.0113869
0.0181417
0.0180883
0.0118395
0.00800776
0.0085387
0.00795026
0.0096892
0.00968867
0.0102839
0.0102845
0.0106393
0.0106393
0.0106393
0.0106393
0.0106393
0.0106393
0.0105502
0.0100598
0.00850431
0.00833706
0.00962735
0.00952139
0.0115607
0.011567
0.0112149
0.0107047
0.0107047
0.0106393
0.0106393
0.0106393
0.0106393
0.0106393
0.0106393
0.0106387
0.0106387
0.0106393
0.0106393
0.0106434
0.0106925
0.00976146
0.0103425
0.0154429
0.013066
0.0122071
0.0111667
0.0136816
0.0149161
0.01199
0.012354
0.0134881
0.0112846
0.00856791
0.00923024
0.00921688
0.0104987
0.0115969
0.0172488
0.0148998
0.00799189
0.0102472
0.0163181
0.0149642
0.0140165
0.00952832
0.0156311
0.015928
0.0162867
0.0172491
0.0148497
0.0151396
0.0173442
0.0170578
0.0164997
0.0155856
0.0184016
0.017873
0.0117673
0.00958426
0.0114134
0.0105361
0.010006
0.0102845
0.0102845
0.0106387
0.0106387
0.0106393
0.0106393
0.0106393
0.0106393
0.0102845
0.0102845
0.010006
0.0105361
0.012219
0.0101875
0.0125921
0.0112149
0.0112149
0.0107047
0.0107047
0.0106392
0.0106392
0.0106392
0.0106392
0.0106392
0.0106392
0.0106387
0.0106387
0.0106392
0.0106392
0.0106761
0.0107088
0.0100901
0.0104213
0.0130837
0.0123171
0.0103125
0.0104639
0.0137685
0.0130041
0.0104914
0.0104914
0.0108698
0.0159663
0.0125264
0.0137496
0.0145245
0.0113526
0.00872218
0.00959762
0.0120387
0.0108981
0.0110337
0.0172122
0.0118391
0.0165119
0.0108089
0.0110593
0.0194577
0.0172715
0.0124163
0.0148891
0.0126903
0.0164455
0.0170274
0.0171709
0.0114587
0.014317
0.0161619
0.0175164
0.0164714
0.016869
0.0186524
0.015814
0.0115784
0.00948394
0.00942188
0.00833751
0.00850431
0.0100598
0.0105502
0.0106392
0.0106392
0.0106387
0.0106387
0.0106392
0.0106392
0.0106392
0.0106392
0.0105502
0.0100598
0.00811136
0.00854987
0.00850968
0.0128086
0.0112188
0.011125
0.0107047
0.0107047
0.0106393
0.0106393
0.0106393
0.0106393
0.0106393
0.0106393
0.0106387
0.0106387
0.0106393
0.0106393
0.0107047
0.0107047
0.0101008
0.0101008
0.0119372
0.0116323
0.0100311
0.0100311
0.0128364
0.00569935
0.0133762
0.0143977
0.0107394
0.0112888
0.0118871
0.0131144
0.0129478
0.0112391
0.0101
0.0101
0.011007
0.0114757
0.0135183
0.0142816
0.0106398
0.0106398
0.0162023
0.0126206
0.0112558
0.0105104
0.0153168
0.0187243
0.0136968
0.01108
0.0127259
0.00967137
0.0138228
0.0159077
0.0108775
0.00989725
0.0129122
0.015194
0.0108178
0.0170005
0.0165419
0.0109141
0.0117331
0.00933463
0.0114057
0.00938474
0.00938473
0.00830504
0.00830458
0.00968866
0.00968973
0.0102851
0.0102845
0.0106393
0.0106393
0.0106387
0.0106387
0.0106393
0.0106393
0.0102845
0.0102845
0.0100065
0.0105361
0.0120282
0.00915195
0.00983296
0.010826
0.0105158
0.0107082
0.0106755
0.0106387
0.0106387
0.0106387
0.0106387
0.0106387
0.0106387
0.0106381
0.0106381
0.0106387
0.0106387
0.0107041
0.0107041
0.0101002
0.0101008
0.00407878
0.00814064
0.00517574
0.0160549
0.0112305
0.0183503
0.0128057
0.011033
0.0107749
0.0100305
0.0100311
0.00804413
0.00507253
0.0173441
0.0145309
0.0141613
0.00857855
0.00961245
0.00907846
0.0101
0.0100994
0.0116528
0.0125225
0.0110337
0.0108931
0.0130373
0.0122459
0.0104771
0.0102471
0.0121742
0.00937024
0.00891516
0.00906038
0.012405
0.0139353
0.0128849
0.0128604
0.0114615
0.00934036
0.015805
0.0152026
0.0118135
0.00909459
0.0123321
0.0150166
0.0133168
0.0171372
0.0100303
0.00942032
0.00878056
0.00921744
0.00830458
0.00830505
0.00968863
0.00968862
0.0102845
0.0102839
0.0106387
0.0106387
0.0106387
0.0106387
0.0106381
0.0106381
0.0106387
0.0106387
0.0105496
0.0100598
0.00811137
0.0085508
0.00914898
0.0131221
0.00850117
0.00956621
0.00977706
0.0118368
0.0103431
0.0106567
0.0106925
0.0106434
0.0106393
0.0106393
0.0106393
0.0106393
0.0106393
0.0106393
0.0106387
0.0106387
0.0106393
0.0106393
0.0107047
0.0107047
0.0101008
0.0101008
0.0104428
0.00738196
0.00843522
0.0200148
0.0189677
0.00961095
0.00931905
0.00919269
0.0100311
0.0100311
0.0127667
0.0085091
0.0166491
0.0105016
0.0147335
0.010544
0.0101
0.0101
0.0122907
0.0124721
0.011516
0.0109138
0.0112787
0.0120744
0.0124033
0.0128458
0.0100514
0.00974096
0.0131638
0.014096
0.0163524
0.0123864
0.0151756
0.0150685
0.0127327
0.0169036
0.0125865
0.0118547
0.00977107
0.0107969
0.0115031
0.0114495
0.0139832
0.0158967
0.0117009
0.0114384
0.00800783
0.0085387
0.00795017
0.00968918
0.00968864
0.0102845
0.0102845
0.0106393
0.0106393
0.0106393
0.0106393
0.0106393
0.0106393
0.0106387
0.0106387
0.0106393
0.0106393
0.0109223
0.0109265
0.0121824
0.00940208
0.010737
0.0109701
0.0104698
0.00998921
0.00842989
0.00833741
0.00927953
0.00902141
0.00947467
0.013271
0.0112248
0.0107344
0.0102885
0.00971702
0.0102845
0.0102845
0.0106392
0.0106392
0.0106392
0.0106392
0.0106387
0.0106387
0.0106392
0.0106392
0.0107047
0.0107047
0.0101008
0.0101008
0.0112314
0.0131699
0.0142254
0.014817
0.0127669
0.0124412
0.0162278
0.0110956
0.0100311
0.0100311
0.00935674
0.0119927
0.0101
0.0101
0.0116835
0.0119164
0.0111564
0.0107047
0.0113864
0.0116987
0.0142109
0.0112119
0.0116862
0.0130676
0.0157988
0.0132546
0.0133864
0.0133244
0.0153172
0.0120411
0.0124843
0.0133556
0.00902864
0.0139745
0.0132237
0.0123311
0.0126342
0.0123999
0.0137558
0.013052
0.0103833
0.00938557
0.0101257
0.00972622
0.00905047
0.0111577
0.0105361
0.010006
0.010284
0.0102845
0.0106392
0.0106392
0.0106392
0.0106392
0.0106392
0.0106392
0.0106392
0.0106392
0.0106387
0.0106387
0.0106392
0.0106392
0.0106433
0.0111863
0.0112874
0.0133163
0.0119751
0.0110674
0.0105254
0.0102885
0.0096892
0.00968869
0.00792007
0.00811901
0.00775081
0.0104693
0.0114458
0.0123524
0.014563
0.0162577
0.0160661
0.0133102
0.0109084
0.00808271
0.00814842
0.00840048
0.0100637
0.0100506
0.0102888
0.00971759
0.0102845
0.0102845
0.0106387
0.0106387
0.0106392
0.0106392
0.0107047
0.0107047
0.0101008
0.0101002
0.0112093
0.0129084
0.0100311
0.0100305
0.0140894
0.0104715
0.0100995
0.0101
0.0132233
0.0130165
0.0107047
0.0107042
0.0131673
0.0126799
0.0112539
0.0106392
0.0156544
0.0131271
0.0115109
0.0109717
0.0115868
0.0145324
0.00985414
0.00870729
0.00989235
0.0117078
0.0104843
0.00972895
0.0139232
0.0135105
0.0116356
0.00875299
0.00899397
0.00897909
0.0125688
0.0156181
0.0141018
0.0113569
0.0125902
0.00835263
0.00855034
0.00811136
0.0100598
0.0105502
0.0106387
0.0106387
0.0102845
0.0102845
0.00971757
0.0102888
0.0101086
0.0106761
0.010683
0.0107047
0.0107047
0.0107041
0.0110716
0.010948
0.0115672
0.0108986
0.011155
0.0113276
0.0109816
0.0103063
0.0114224
0.0106803
0.0106475
0.0106393
0.0102845
0.0102851
0.00971758
0.010797
0.0106294
0.0128039
0.0130367
0.0118265
0.0117179
0.00966727
0.00928915
0.0121941
0.0102757
0.00824413
0.00811948
0.00792063
0.00968867
0.00968921
0.0102839
0.0102839
0.0106393
0.0106393
0.0107047
0.0107047
0.0101008
0.0101008
0.0131887
0.0140859
0.0121048
0.0139074
0.0142198
0.0132296
0.0100311
0.0100311
0.0119234
0.0151323
0.0101
0.0101
0.0128174
0.0128385
0.0107047
0.0107047
0.0131584
0.012653
0.0106393
0.0106393
0.0139072
0.0147577
0.0111379
0.0109046
0.0143408
0.0109277
0.00962042
0.011879
0.00958615
0.0100551
0.0105779
0.0121831
0.0128692
0.0147897
0.0103271
0.0136308
0.0108233
0.011084
0.0144325
0.0107128
0.0124865
0.0109754
0.00991103
0.0116483
0.0105361
0.0100065
0.00993034
0.00992979
0.00971701
0.0102882
0.0100512
0.0100632
0.00840016
0.00814893
0.00797017
0.00991286
0.0107088
0.0102692
0.0105452
0.0101002
0.0102
0.0102352
0.0119939
0.0126589
0.0136876
0.011155
0.0114009
0.0111928
0.0122968
0.00815147
0.0101622
0.010165
0.0107129
0.0106387
0.0106387
0.0106387
0.0106387
0.0106469
0.0109248
0.0111379
0.0122609
0.00976223
0.00867138
0.0092385
0.0083055
0.00830513
0.00968812
0.00968864
0.0102845
0.0102839
0.0107041
0.0107041
0.0101002
0.0101008
0.0084553
0.00992062
0.0110259
0.0149039
0.0136151
0.0133061
0.0115809
0.0150628
0.013945
0.0156409
0.0100305
0.0100311
0.0113124
0.0112
0.0156293
0.013873
0.0136617
0.0118213
0.0101
0.0100995
0.0116069
0.0123759
0.0107041
0.0107047
0.0120719
0.0115638
0.0106387
0.0106387
0.0114092
0.00868577
0.0111687
0.0106387
0.0107863
0.0141216
0.0124168
0.010918
0.0147138
0.0112256
0.0107503
0.00970675
0.0105483
0.0120795
0.0142646
0.0128895
0.0121792
0.0103663
0.0104843
0.00866195
0.0101304
0.0109316
0.0104277
0.0147793
0.0085697
0.00807103
0.00858562
0.00856911
0.00860754
0.00833701
0.00850431
0.00972159
0.0101782
0.00968918
0.00968864
0.00792005
0.00811899
0.00824469
0.0102767
0.0123511
0.00899769
0.00925061
0.0134229
0.0122697
0.0114009
0.0111544
0.013519
0.0131484
0.0129004
0.0106435
0.00861061
0.00760928
0.00876552
0.0113607
0.0105621
0.0106915
0.0106393
0.0106393
0.0106393
0.0106393
0.0106434
0.0108868
0.0107777
0.0103934
0.0106646
0.00886804
0.00935324
0.00833704
0.00850474
0.0100598
0.0105497
0.0107047
0.0107047
0.0101008
0.0101008
0.00972835
0.00889639
0.0100771
0.0092096
0.0115817
0.0173759
0.0158289
0.0100311
0.0100311
0.00900557
0.00957368
0.0123201
0.0150226
0.0109957
0.0109183
0.0154368
0.0120401
0.0165912
0.0101
0.0101
0.0109754
0.0115882
0.00980067
0.0101338
0.00830697
0.00898368
0.0105243
0.0101708
0.013688
0.0123328
0.0140801
0.0159374
0.0107047
0.0107047
0.0110647
0.0103101
0.011909
0.013668
0.0102045
0.0107236
0.0130669
0.0124893
0.0138133
0.0162404
0.0121092
0.0106393
0.0106393
0.008599
0.00887739
0.0149187
0.0145776
0.0136249
0.0117594
0.0126399
0.00906367
0.0107132
0.00975323
0.0111452
0.0106393
0.0106393
0.0100663
0.0133783
0.0123974
0.0132717
0.0112891
0.0109545
0.00824015
0.00893503
0.00904009
0.0131543
0.0162553
0.0175325
0.0107272
0.0107047
0.0139072
0.0145701
0.0114588
0.0100737
0.0117788
0.0121067
0.0100176
0.0106308
0.012383
0.0104955
0.0154462
0.0116508
0.0166337
0.00798734
0.00952641
0.0123252
0.0100784
0.015611
0.0138635
0.0152664
0.0125612
0.0143368
0.0152058
0.00777008
0.00926092
0.00947262
0.00724467
0.00767722
0.0076173
0.00933411
0.0093341
0.00933411
0.00933359
0.00830458
0.0083055
0.00927661
0.00886693
0.00998973
0.0117364
0.0113053
0.0111544
0.0108986
0.0115666
0.0110052
0.0106774
0.00976408
0.00905759
0.0129505
0.0112987
0.0109709
0.0106434
0.0106392
0.0106392
0.0106392
0.0107129
0.0108225
0.0115225
0.0106004
0.0112728
0.00924512
0.0120233
0.0109375
0.0109474
0.0107047
0.0107047
0.0101008
0.0101008
0.0116278
0.0142706
0.0129905
0.0125001
0.0155819
0.0152331
0.0100311
0.0100311
0.0126202
0.0097854
0.0132632
0.0135301
0.0136755
0.0136896
0.0124934
0.0101
0.0101
0.0117416
0.0119164
0.0137801
0.0120095
0.0147632
0.0150117
0.0126738
0.0107047
0.0107047
0.0113257
0.0112628
0.0137801
0.0122819
0.0112301
0.00842486
0.00972219
0.0106392
0.0106392
0.012243
0.0110657
0.0141884
0.0141492
0.00865484
0.0109215
0.013812
0.0106392
0.0106392
0.0117167
0.0126418
0.0142208
0.0147115
0.0153991
0.0132976
0.0107047
0.0107047
0.0128684
0.0128737
0.0174522
0.0157928
0.0116849
0.0146804
0.0131654
0.0095054
0.0101
0.0126655
0.0110066
0.0172423
0.0189638
0.0133408
0.0132525
0.00986864
0.00996361
0.0100468
0.00964209
0.0101019
0.00925476
0.010254
0.00971991
0.00880634
0.00833751
0.00940742
0.00943331
0.0115062
0.0112813
0.010921
0.0106925
0.0106433
0.0107047
0.0107047
0.0101008
0.0101993
0.0114633
0.0116113
0.0107902
0.0106475
0.0106392
0.0106392
0.0106475
0.0106802
0.011423
0.0113798
0.0129197
0.010528
0.0112031
0.0107047
0.0107047
0.0107047
0.0101008
0.0101002
0.0111017
0.0142968
0.014628
0.0146734
0.0134251
0.0124479
0.0100311
0.0100305
0.00938655
0.0121108
0.0163494
0.0123937
0.0103248
0.00834825
0.0100995
0.0101
0.0117052
0.0114694
0.0137414
0.0135197
0.012925
0.00972627
0.0107047
0.0107042
0.0116572
0.0121198
0.0133569
0.0130687
0.0130048
0.0130473
0.0106392
0.0106392
0.0121135
0.0138532
0.0140443
0.0129612
0.0121509
0.0114811
0.0106392
0.0106392
0.0114457
0.00636002
0.0156258
0.0148472
0.0120538
0.0113189
0.0107047
0.0107047
0.00614201
0.0117293
0.0164898
0.0165533
0.0109945
0.0101715
0.0101002
0.0101005
0.00894025
0.0069838
0.00916372
0.017535
0.0182875
0.0106424
0.0107721
0.0100309
0.0100306
0.00819454
0.00964369
0.0105581
0.0106078
0.0108748
0.0107427
0.0119714
0.0100655
0.0120483
0.0106014
0.0105707
0.0107088
0.0106761
0.0107047
0.0107047
0.0101008
0.0101008
0.0117116
0.0111371
0.0108023
0.0107042
0.0106393
0.0111688
0.0109079
0.0112715
0.0110192
0.0104027
0.0105279
0.0101002
0.0107047
0.0107047
0.0107047
0.0107047
0.0101008
0.0101008
0.0108252
0.0126332
0.0106971
0.0121063
0.0103054
0.00998147
0.0100311
0.0100311
0.0122671
0.0100611
0.0147666
0.010314
0.0080234
0.00753321
0.0101
0.0101
0.0112605
0.0117729
0.0137196
0.0135219
0.00959495
0.0121676
0.0107047
0.0107047
0.012861
0.0121846
0.0119308
0.0127437
0.0133688
0.0112869
0.0106393
0.0106393
0.0145631
0.0143777
0.0105992
0.00991799
0.0113126
0.0106761
0.0106393
0.0106393
0.0139764
0.00769666
0.0165038
0.0122414
0.0108067
0.010445
0.0107047
0.0107047
0.00725847
0.00846485
0.0169458
0.0181723
0.00972134
0.00920275
0.0101006
0.0101006
0.00804134
0.00817848
0.00777861
0.00896536
0.0125108
0.00936676
0.0112919
0.0112661
0.0093494
0.011248
0.0120679
0.0114426
0.0171134
0.00989908
0.0101086
0.0100307
0.0100307
0.0101967
0.0101967
0.0108022
0.0107047
0.0107047
0.0107047
0.0101008
0.0101008
0.0116351
0.011213
0.0107519
0.0107273
0.0109182
0.0121785
0.0123703
0.0101035
0.00832065
0.0101002
0.0100997
0.0107042
0.0107042
0.0107042
0.0107042
0.0101002
0.0101008
0.00921802
0.0131825
0.0116042
0.00932079
0.00938235
0.00953378
0.0100311
0.0100305
0.0100311
0.00838757
0.010653
0.00994881
0.00996581
0.00952495
0.0098545
0.0101
0.0100995
0.010363
0.0103944
0.0129183
0.01245
0.0109123
0.0109381
0.0107042
0.0107047
0.0118091
0.0119116
0.0126742
0.0126168
0.0111509
0.0106387
0.0106387
0.0106387
0.0123143
0.0123881
0.00978662
0.0124566
0.0106387
0.0106387
0.0106387
0.0106387
0.01206
0.013564
0.0157555
0.0119329
0.0104106
0.0101273
0.0107047
0.0107042
0.0128575
0.00796138
0.0146426
0.0169459
0.00930631
0.0079522
0.0101
0.0101005
0.0079904
0.00798337
0.00960729
0.0114197
0.0122906
0.0125537
0.0106588
0.0113773
0.0119398
0.0105668
0.0117408
0.00962176
0.00739952
0.0108885
0.0100301
0.0100306
0.010201
0.0109343
0.0107894
0.0106797
0.0107042
0.0101002
0.0101008
0.0113026
0.0109242
0.0102779
0.00836831
0.00960548
0.0103445
0.00989574
0.0103483
0.00978045
0.0103479
0.0103522
0.0101008
0.0101008
0.0082635
0.0118666
0.0133285
0.0131632
0.00884999
0.0129984
0.0119472
0.0113253
0.0103106
0.0106165
0.0100311
0.0100311
0.00813936
0.00966145
0.0150462
0.0113145
0.0104419
0.0104412
0.0101
0.0101
0.0105033
0.00986123
0.0130774
0.0125883
0.0110475
0.0107247
0.0107047
0.0107047
0.0118103
0.0113504
0.0133574
0.0128431
0.0106392
0.0106392
0.0106392
0.0106392
0.0123294
0.0123288
0.0150302
0.0149104
0.0106392
0.0111693
0.0106392
0.0106392
0.0125496
0.0117729
0.0155189
0.0116896
0.0102619
0.0124069
0.0110475
0.0107247
0.0136202
0.0129231
0.0125301
0.011747
0.00966503
0.0113155
0.0104424
0.0104419
0.0122251
0.00949791
0.0101478
0.00986748
0.00992744
0.0105931
0.00815989
0.00902623
0.00832954
0.0120727
0.00793395
0.0112842
0.0109672
0.01031
0.0106159
0.0107064
0.0105931
0.00978039
0.0103205
0.00989607
0.010345
0.00981149
0.00782182
0.00814798
0.00811186
0.0101259
0.0105597
0.0101008
0.0101008
0.0133718
0.0115494
0.0127101
0.0101118
0.0113781
0.0113479
0.00992118
0.012857
0.00883896
0.0112051
0.0110701
0.0122789
0.0112932
0.0100311
0.0100311
0.0100401
0.0114011
0.0161918
0.0159366
0.0121917
0.0116767
0.0101
0.0101
0.00888868
0.00926059
0.0138021
0.0144064
0.0108667
0.00950908
0.0107047
0.0107047
0.0109292
0.0116547
0.012213
0.0129398
0.0102845
0.0102845
0.0106392
0.0106392
0.0117489
0.0117489
0.0124411
0.0102502
0.0109046
0.0115672
0.0102845
0.0102845
0.0117447
0.0125494
0.0133015
0.0132744
0.0120021
0.0124496
0.0108667
0.00950956
0.0123603
0.0127024
0.0140447
0.0115055
0.0133762
0.0127432
0.0125092
0.0117398
0.00995304
0.00939627
0.0114476
0.0108068
0.0100808
0.00850478
0.00833711
0.00925203
0.00885815
0.00931518
0.0114387
0.0109886
0.0109667
0.0125426
0.011973
0.0101578
0.00814704
0.00811927
0.00774835
0.0101414
0.00942016
0.00915211
0.0120281
0.0105375
0.00994978
0.00972779
0.00986721
0.0105597
0.00870513
0.008394
0.0100049
0.0107562
0.0112352
0.0128386
0.0141006
0.0139122
0.0108991
0.00963032
0.0105425
0.00986861
0.00996361
0.0117522
0.0140057
0.0155704
0.0160562
0.0117759
0.00768714
0.0101
0.00950536
0.0128865
0.00960414
0.0159825
0.0124451
0.00773544
0.00741285
0.0107047
0.0107047
0.0121467
0.0121466
0.0121601
0.0124328
0.00971759
0.0102887
0.0106392
0.0106392
0.0123286
0.0123294
0.010423
0.0122492
0.010948
0.0110722
0.00971759
0.0102887
0.0125487
0.0117448
0.0154852
0.0124451
0.0104916
0.010492
0.00773583
0.00741334
0.0136703
0.0132233
0.0153461
0.0170201
0.0105287
0.0113544
0.0118743
0.00716017
0.0121589
0.00835259
0.00819812
0.00777811
0.00943794
0.0103852
0.0114128
0.00958428
0.0115355
0.0111032
0.0105059
0.00934085
0.00909261
0.012562
0.0133927
0.0113898
0.00932531
0.0091671
0.00924637
0.0133246
0.00913167
0.00847969
0.00798055
0.0092027
0.00889447
0.0109817
0.0107494
0.010384
0.0101239
0.0106761
0.011043
0.0113084
0.0121956
0.011526
0.0109556
0.0139617
0.0182154
0.00799968
0.00937231
0.0113458
0.013964
0.011048
0.0133734
0.00772149
0.0127051
0.00952606
0.00820274
0.00951992
0.0122405
0.0132076
0.010077
0.00711484
0.00956858
0.0107047
0.0107261
0.0116547
0.0116547
0.0106722
0.0104806
0.0101086
0.0106761
0.0106392
0.0106392
0.011749
0.0117491
0.0160573
0.0128292
0.0107047
0.0107042
0.0101086
0.0106761
0.0117448
0.0125487
0.0176265
0.0136984
0.0101002
0.0101008
0.00693992
0.00888357
0.0123597
0.0129433
0.0129831
0.0116961
0.0100311
0.0101726
0.00929854
0.00708688
0.0100006
0.00906226
0.0109852
0.00950741
0.0090512
0.00761994
0.00816684
0.0080077
0.011839
0.0106265
0.0111626
0.011269
0.0126392
0.0156051
0.0119199
0.0135219
0.0105174
0.0100084
0.010708
0.00907635
0.00905333
0.00733067
0.0116968
0.011109
0.0108062
0.0106428
0.0106387
0.0107124
0.0108219
0.011522
0.010811
0.0200809
0.014131
0.0172273
0.00845032
0.00809237
0.0110497
0.0128843
0.0124253
0.0101087
0.0134101
0.0123486
0.010723
0.0101308
0.0128321
0.0102621
0.00976986
0.0106872
0.0100109
0.0103725
0.0109175
0.013107
0.0121463
0.0121459
0.0124374
0.00948779
0.010683
0.0107042
0.0102845
0.0107958
0.012329
0.012329
0.013915
0.0121684
0.0107042
0.0107047
0.0106089
0.0100968
0.0125494
0.0117447
0.0155317
0.0149652
0.0101008
0.0101002
0.0093269
0.0100288
0.0136702
0.0132232
0.014471
0.0122959
0.0100305
0.0100311
0.0098221
0.0105143
0.0121584
0.00835273
0.00832414
0.00762181
0.00801164
0.00816948
0.00925207
0.00885809
0.00931472
0.0101
0.0108359
0.0109309
0.0135069
0.0122206
0.0139344
0.0110895
0.0108349
0.0102929
0.0111427
0.0114496
0.0107454
0.0106474
0.0106474
0.0106802
0.0114232
0.0113798
0.0101426
0.0097438
0.0186492
0.0118511
0.0160157
0.0133526
0.00923184
0.0111705
0.0141863
0.0146278
0.0141379
0.00908553
0.00856708
0.0118838
0.0141841
0.00952024
0.01205
0.0153819
0.0117737
0.0102085
0.00986884
0.012555
0.00973412
0.0116549
0.0116541
0.014921
0.0140761
0.0107041
0.0107047
0.0100288
0.010861
0.0117483
0.0117489
0.0125708
0.00982069
0.0107047
0.0107047
0.00843553
0.00816895
0.0117444
0.0125496
0.0127426
0.0100541
0.0101008
0.0101008
0.0115834
0.00914236
0.0123608
0.0129439
0.0151142
0.0165129
0.0100311
0.0100311
0.0121094
0.0122898
0.0100007
0.00906319
0.0109847
0.00981106
0.00981106
0.0109819
0.00928557
0.0115355
0.0101
0.0101
0.0105597
0.0107106
0.0083035
0.0089192
0.0085136
0.0108983
0.0116963
0.011109
0.0108062
0.0106433
0.0106433
0.0108869
0.0110677
0.0112111
0.00814929
0.00794726
0.00966082
0.00974531
0.0159365
0.0115577
0.0160678
0.0115097
0.0110501
0.0128837
0.011047
0.0125799
0.00953419
0.0092005
0.0105094
0.0100178
0.0128327
0.010263
0.0140691
0.0100765
0.00961262
0.0101002
0.00958117
0.00862519
0.0125316
0.0121463
0.0130977
0.01125
0.0107047
0.0107047
0.010777
0.0106426
0.0117414
0.0124314
0.0151097
0.0151642
0.0107047
0.0107047
0.00824522
0.0107024
0.0118504
0.0119048
0.0140351
0.0130401
0.0101008
0.0101008
0.0128883
0.00979022
0.0141252
0.0132238
0.0125723
0.0116966
0.0100311
0.0100311
0.0118995
0.0129627
0.0116756
0.00808906
0.00755379
0.00718354
0.00742656
0.00827581
0.00800782
0.0118389
0.0101
0.0101
0.0108931
0.0109462
0.0115283
0.00917478
0.00955649
0.0111433
0.0114502
0.0107454
0.0106474
0.0107129
0.0108225
0.0115225
0.0108121
0.00935561
0.00917824
0.00845276
0.00858494
0.00942292
0.0114646
0.0104865
0.0111702
0.0141859
0.0124251
0.0101081
0.00978343
0.00961626
0.011528
0.00996615
0.0098167
0.01205
0.00976956
0.0106873
0.0101002
0.0101002
0.0109003
0.0128012
0.0120458
0.013572
0.0124371
0.0101687
0.0107047
0.0107047
0.0117868
0.0117834
0.0118236
0.00699328
0.0142554
0.0128753
0.0107047
0.0107047
0.0131894
0.0137976
0.00678198
0.0118078
0.0155022
0.0151678
0.0101008
0.0101008
0.0133355
0.00993033
0.0125268
0.0128409
0.0152852
0.0125299
0.0100311
0.0100311
0.0108222
0.0102616
0.00946198
0.00847415
0.010283
0.007997
0.0076119
0.0089131
0.00860497
0.00960588
0.0101
0.0101
0.0106392
0.011147
0.0103003
0.0118464
0.0116969
0.011109
0.0108057
0.0106433
0.0106802
0.0114226
0.0113792
0.00976886
0.00972727
0.0101087
0.0105772
0.0100036
0.0105739
0.0110495
0.0128843
0.0149889
0.0139545
0.0100311
0.0100311
0.0123688
0.0121115
0.0132296
0.0104932
0.0150434
0.0116682
0.0101002
0.0101002
0.012328
0.0124633
0.0137162
0.0142193
0.014922
0.0139018
0.0107047
0.0107047
0.0116491
0.0118581
0.0144748
0.00866876
0.0125716
0.0101621
0.0107047
0.0107042
0.013731
0.0113767
0.00839488
0.0108372
0.0145769
0.0104416
0.0101002
0.0101008
0.0099486
0.0121038
0.00988369
0.0112816
0.0176271
0.0197131
0.0100311
0.0100305
0.00862066
0.00998761
0.00876387
0.00744023
0.00609236
0.0059493
0.00868024
0.00936667
0.0115468
0.0100995
0.0101
0.0106392
0.0106392
0.0101006
0.0101094
0.0104207
0.0109886
0.00986598
0.0102893
0.0105256
0.0110671
0.0117405
0.0101002
0.0100997
0.0106428
0.0106428
0.0100895
0.0104213
0.010556
0.0135467
0.011039
0.0128487
0.0100305
0.0100311
0.010312
0.0104639
0.00871906
0.0112727
0.0138092
0.0100241
0.0100997
0.0101002
0.0105717
0.010491
0.0108862
0.00879528
0.0126849
0.0110937
0.0107048
0.0107042
0.0110491
0.0110751
0.0101906
0.0149412
0.0151736
0.0138435
0.0107042
0.0107047
0.0112354
0.0107521
0.0171917
0.0110475
0.014951
0.0101
0.0101008
0.0101002
0.0106046
0.0104513
0.008829
0.00979911
0.00816065
0.0145002
0.0152994
0.00793593
0.0100305
0.0100311
0.00997628
0.0100311
0.00746625
0.00894645
0.00835838
0.0103967
0.0101
0.0100995
0.0106387
0.0106387
0.0101
0.0101006
0.0106611
0.00812378
0.00821452
0.00805732
0.00998928
0.0105293
0.0108755
0.0100996
0.0101002
0.0106392
0.0106392
0.0101008
0.0101008
0.0108463
0.0130176
0.0119218
0.0100024
0.0100311
0.0100305
0.0100311
0.0100311
0.00964354
0.0106315
0.0106675
0.0093934
0.0101002
0.0100997
0.0101002
0.0101002
0.00803256
0.00753523
0.0102391
0.0116322
0.0107041
0.0107047
0.0107047
0.0107047
0.00906678
0.0113907
0.0126506
0.0118921
0.0107047
0.0107047
0.0107041
0.0107047
0.0113985
0.0133779
0.00964323
0.0122052
0.0101008
0.0101008
0.0101008
0.0101002
0.00880594
0.00865256
0.0106639
0.00972837
0.0112217
0.0126101
0.0115107
0.0115649
0.00943047
0.00740415
0.0100311
0.0100311
0.0100311
0.0100305
0.0101
0.0101
0.0106392
0.0106392
0.0101006
0.0101
0.00980315
0.00931301
0.0101158
0.00921591
0.0101002
0.0101002
0.0106392
0.0106392
0.0101008
0.0103956
0.0161679
0.0135271
0.0151894
0.010422
0.0121201
0.0100311
0.0100311
0.0101362
0.0102305
0.00777694
0.0114298
0.0136284
0.0133263
0.0101002
0.0101002
0.0101002
0.00982307
0.00799547
0.00751184
0.0148838
0.0155595
0.0107047
0.0107047
0.0103087
0.0103522
0.0104064
0.00981034
0.0116443
0.00852162
0.0107047
0.0107047
0.0106254
0.0100967
0.00999372
0.00940348
0.0121463
0.00823991
0.0101008
0.00973455
0.0103651
0.010269
0.00908125
0.00693075
0.00673677
0.00726006
0.00817375
0.0104375
0.0114835
0.0123333
0.0110797
0.0101085
0.00996348
0.0103739
0.0106858
0.00986719
0.00972713
0.0097128
0.0102845
0.00998436
0.0103634
0.0101002
0.0101002
0.0106392
0.0108954
0.0103955
0.0112855
0.0122014
0.010112
0.0153754
0.0102411
0.0134668
0.0159501
0.0123299
0.0100311
0.0100311
0.00844908
0.0108824
0.00840467
0.0105561
0.0163889
0.0147926
0.0101002
0.0101002
0.00964179
0.00757784
0.00789225
0.0119584
0.0162911
0.0153012
0.0107047
0.0107047
0.00977668
0.0103319
0.0113261
0.00938719
0.0108667
0.0142263
0.0107047
0.0104438
0.00841857
0.00814949
0.00850734
0.00978258
0.0146375
0.0112659
0.00964125
0.00920273
0.0116383
0.00906781
0.00940327
0.00888077
0.00765989
0.00702733
0.00894263
0.00896668
0.0112083
0.00989912
0.0101086
0.0122741
0.0123348
0.00991333
0.00967339
0.00813657
0.00808705
0.00830025
0.0102837
0.0101002
0.0101002
0.0106412
0.010327
0.0109219
0.00866395
0.00892683
0.00835753
0.00830279
0.0110147
0.0137069
0.0100311
0.0100311
0.00698508
0.00684973
0.0130443
0.0121801
0.0171143
0.0181392
0.0101002
0.0101002
0.00825792
0.00925419
0.0145203
0.0139997
0.0149827
0.0158954
0.0107047
0.0107048
0.0104571
0.0123339
0.0131717
0.00968509
0.0129917
0.0135333
0.0104112
0.0101267
0.00781022
0.0105882
0.0101688
0.00983763
0.0150173
0.0140411
0.00930579
0.00795218
0.0129979
0.009318
0.0106713
0.00957539
0.0117447
0.00878603
0.0113355
0.00914492
0.00706231
0.00958007
0.0132225
0.0135966
0.00985226
0.0117605
0.00973579
0.010417
0.0103445
0.00981603
0.00956346
0.0089809
0.00806023
0.0104784
0.0103761
0.0103903
0.010409
0.0112538
0.01031
0.0106165
0.0118404
0.0086152
0.0102458
0.0131658
0.00976451
0.0128362
0.0104414
0.0104412
0.0136997
0.0126869
0.00689638
0.0107909
0.0127904
0.00936754
0.0110475
0.0111764
0.0125124
0.0106288
0.00977767
0.0130641
0.0124162
0.0118723
0.0102614
0.0124072
0.0111739
0.0114194
0.0136064
0.0115163
0.0150006
0.0136269
0.00966491
0.0105643
0.0120181
0.013854
0.00845394
0.00659844
0.00874953
0.00815397
0.0121534
0.00737275
0.00813953
0.00804671
0.0158952
0.0138705
0.00841548
0.012135
0.0100381
0.00766193
0.00758111
0.00800922
0.0114423
0.0106006
0.0106474
0.0114296
0.0105697
0.0125428
0.0119729
0.0128029
0.0123504
0.00956347
0.0122428
0.0112532
0.00830867
0.0125086
0.0117398
0.0116373
0.012861
0.00729517
0.00827978
0.00678461
0.0071132
0.0110413
0.0102126
0.00926069
0.00946571
0.00938222
0.0119739
0.0132034
0.00979432
0.0115518
0.0120872
0.011555
0.0101547
0.0147375
0.0141416
0.0142124
0.0143075
0.0129674
0.0126172
0.012651
0.00955382
0.00941025
0.00635249
0.0070713
0.00641271
0.00898265
0.0100354
0.0120468
0.00959275
0.00978197
0.0105886
0.0077739
0.0090652
0.00884321
0.00898269
0.0102068
0.0109573
0.0111097
0.0112405
0.0133927
0.0113893
0.012516
0.00809009
0.00824432
0.00985359
0.0131026
0.01418
0.0134253
0.0118743
0.00716069
0.0100938
0.00908639
0.00889507
0.00981497
0.0139237
0.00834014
0.0077134
0.00770072
0.0105888
0.0106876
0.0113888
0.0112284
0.0146114
0.0102354
0.00958328
0.010063
0.00956494
0.00957519
0.011505
0.012119
0.0142487
0.0159823
0.0103125
0.0112459
0.00864607
0.00792608
0.00876017
0.0093504
0.0101147
0.010504
0.0109534
0.0130061
0.0130318
0.00988513
0.00713914
0.0108073
0.0104624
0.0107133
0.0110801
0.0100079
0.0134156
0.0105175
0.0104704
0.0148147
0.00891247
0.00814171
0.0103488
0.0119593
0.010545
0.0126237
0.00708734
0.00929934
0.00884761
0.00770936
0.00986801
0.0111189
0.0161702
0.0115264
0.00705331
0.00879026
0.0104261
0.0100532
0.0106916
0.0106915
0.0152986
0.0112333
0.00953204
0.0098245
0.00971904
0.0101915
0.011598
0.0114205
0.0115531
0.010408
0.0100311
0.0100311
0.0113002
0.0115852
0.00794855
0.00611479
0.00606078
0.00817559
0.00974799
0.0107922
0.0104222
0.0120817
0.00959537
0.0107179
0.0109483
0.0105007
0.0104427
0.0108507
0.0127953
0.0118525
0.00922063
0.00970477
0.0125974
0.0110159
0.00889521
0.00944113
0.00975442
0.0104031
0.00907945
0.00864023
0.0101562
0.00874334
0.00747206
0.00901361
0.0095965
0.0100905
0.0117502
0.00980765
0.0104585
0.0124521
0.0120123
0.00979332
0.00974866
0.010285
0.0104007
0.00875423
0.0100139
0.0140505
0.0109264
0.0100311
0.0100305
0.0103834
0.0102331
0.00587961
0.00649535
0.00862758
0.00842806
0.00974742
0.00974799
0.00974856
0.010183
0.00937606
0.0093231
0.0105457
0.0104267
0.0101151
0.0103962
0.0105567
0.00817735
0.00907531
0.0113826
0.0113847
0.00986114
0.0098776
0.0117405
0.0119489
0.00784354
0.00914362
0.0117382
0.00855344
0.00967209
0.00974756
0.0111915
0.0109072
0.0090097
0.00770179
0.0151216
0.010779
0.00974812
0.00974816
0.0104321
0.0108016
0.00648105
0.00648915
0.0135112
0.0163501
0.00978292
0.00961625
0.0103734
0.0106851
0.00677881
0.00585415
0.00677403
0.00883222
0.00932345
0.00961962
0.00999034
0.00754162
0.0098234
0.00996284
0.0100418
0.011484
0.00939284
0.00778127
0.00776787
0.010504
0.0100311
0.0100305
0.00805097
0.0113845
0.00892194
0.00701906
0.0116325
0.0129317
0.00974813
0.0097481
0.00705021
0.00559937
0.0060149
0.00393122
0.0122849
0.0138879
0.00974866
0.00974866
0.0115651
0.00859042
0.00505974
0.00608145
0.0102695
0.0130277
0.00960521
0.00949472
0.0121618
0.012003
0.00741934
0.00731166
0.00720354
0.00773837
0.00988928
0.00991825
0.00909408
0.00995412
0.00734306
0.00715792
0.00674337
0.0103105
0.0106171
0.00844444
0.00809393
0.00584794
0.00669553
0.00711429
0.0103062
0.0100772
0.0100772
0.00801402
0.00585824
0.00350879
0.00420831
0.0073921
0.0105434
0.0100414
0.00937177
0.0122514
0.00850545
0.00527174
0.00803231
0.00954482
0.00982746
0.0111309
0.0127867
0.0100801
0.00852855
0.00916962
0.00890954
0.0066243
0.00557037
0.0123541
0.0112469
0.00778462
0.0092443
0.0028245
0.00371052
0.0117242
0.0105079
0.0119409
0.0134701
0.00263684
0.00354603
0.00919955
0.00845059
0.0126901
0.00967158
0.00930468
0.00968285
0.00992564
0.00912218
0.00859055
0.0100998
0.00809165
0.012038
0.0089491
0.0105055
0.0117757
0.00974149
0.00902597
0.00679777
0.014243
0.0109514
0.00776037
0.00697266
0.00989913
0.0122295
0.00863345
0.00751923
0.00805351
0.00788554
0.00875711
0.0083302
0.00893727
0.0103279
0.0105774
0.00885423
0.0067023
0.00830283
0.00743329
0.00617176
0.00877705
0.00681551
0.00552588
0.00454253
0.011199
0.0102235
0.00585055
0.00724609
0.00663185
0.00651726
0.0100212
0.00780959
0.0111468
0.0091538
0.00948555
0.00810393
0.00618165
0.00763752
0.0103419
0.00498586
0.00441719
0.00515311
0.00669037
0.00933538
0.00551367
0.00674447
0.0069919
0.00764151
0.00850841
0.0089711
0.00810925
0.00595394
0.00700284
0.0076766
0.00620625
0.00568873
0.00428944
0.00643017
0.00884099
0.00798046
0.00570564
0.00667585
0.00813902
0.00926163
0.00300648
0.00143352
0.00464937
0.0024199
0.00576259
0.00294786
0.00447592
0.00282896
0.00682922
0.00320293
0.00171568
0.00393749
0.000937465
0.00176293
0.00194975
0.00125346
