0.0159364
0.0115694
0.0128269
0.0124538
0.011644
0.0125623
0.0133586
0.0124074
0.0116915
0.0147143
0.0142816
0.0149991
0.0115861
0.0150746
0.0120199
0.0130587
0.0119189
0.0142127
0.0102575
0.0127847
0.0135639
0.0134616
0.0148389
0.0152617
0.0136411
0.0143997
0.0153534
0.0119233
0.0104823
0.0131503
0.0116394
0.0140978
0.0121513
0.0133394
0.0135859
0.0104511
0.0111421
0.015667
0.013072
0.0104951
0.0120295
0.0108226
0.0111201
0.0116509
0.0114936
0.0114076
0.0124275
0.0129794
0.0111689
0.0125721
0.0109992
0.0130294
0.0122746
0.0118851
0.0123746
0.0130473
0.0122165
0.0155808
0.0184125
0.0135758
0.0110371
0.0112947
0.00983262
0.0115665
0.0128806
0.0158112
0.0128599
0.0124977
0.0116734
0.0104587
0.012132
0.0116462
0.0123249
0.0123649
0.0108386
0.00974088
0.0124871
0.0127309
0.0132485
0.0135315
0.0115141
0.0101631
0.0118877
0.01293
0.0117642
0.0105019
0.0120511
0.0101079
0.00964621
0.01137
0.0127085
0.0125934
0.0162526
0.013598
0.0141181
0.0121879
0.0126278
0.0132612
0.0134259
0.0133352
0.0121216
0.0122614
0.0130243
0.0160748
0.0131382
0.0112048
0.0129982
0.0116825
0.0124536
0.0117305
0.01031
0.0140472
0.0104613
0.00990434
0.013009
0.0120902
0.0127329
0.0115421
0.0142543
0.0126573
0.0111077
0.0105329
0.0123772
0.0126334
0.0119375
0.0162442
0.0113317
0.0160892
0.0126988
0.0129594
0.0138314
0.0147776
0.012989
0.0147577
0.0151591
0.0134453
0.0119963
0.0137718
0.0112137
0.0128322
0.0127505
0.0121536
0.012667
0.011234
0.0116993
0.012658
0.0134449
0.0150605
0.0133542
0.013003
0.0127283
0.0136195
0.0146497
0.0102032
0.0126669
0.0110958
0.0143332
0.0111403
0.0150649
0.00984985
0.0127833
0.0123321
0.0119797
0.0114606
0.0132934
0.0151104
0.0112888
0.0116456
0.0121094
0.0116563
0.014106
0.0107937
0.013744
0.0131973
0.0136793
0.0128182
0.0101996
0.015345
0.012781
0.0135959
0.0143515
0.0120204
0.0117675
0.0111481
0.0122837
0.011094
0.0114878
0.012358
0.0141884
0.0150978
0.0148353
0.0108045
0.0113388
0.0126594
0.0117264
0.0135669
0.0128104
0.0120832
0.0128815
0.0141098
0.0138247
0.011941
0.0116121
0.0105215
0.0137572
0.0144183
0.0173168
0.0119584
0.0153962
0.0126296
0.0137353
0.0140635
0.0121154
0.0155202
0.0139405
0.010195
0.0158595
0.0123655
0.00948943
0.0102838
0.0119392
0.013991
0.0122617
0.0149754
0.0124089
0.0129757
0.0118819
0.0127352
0.0120335
0.0118242
0.0108423
0.0102989
0.0137085
0.0119118
0.0151749
0.0120455
0.0128869
0.0149613
0.0129532
0.0127642
0.0135836
0.0119355
0.0117185
0.0104168
0.0154744
0.0122078
0.011575
0.0114381
0.0119756
0.01247
0.0112381
0.0105669
0.013534
0.0156054
0.0140119
0.015574
0.0124624
0.0119967
0.0125275
0.0127928
0.0118372
0.0118453
0.0104872
0.0116123
0.0111195
0.0129989
0.0102709
0.0123633
0.012152
0.0111195
0.0111921
0.0133088
0.0148415
0.013028
0.0121207
0.0104691
0.0118769
0.00990503
0.0129447
0.0148447
0.0123199
0.0107583
0.010049
0.0116726
0.013502
0.0150696
0.0130089
0.0121164
0.0138607
0.0114525
0.0106234
0.0147696
0.0139041
0.0124819
0.0103101
0.0117896
0.0112162
0.0119443
0.0119091
0.0106406
0.0106129
0.0106549
0.0136302
0.0132371
0.0107709
0.0118634
0.0125141
0.0101772
0.0136398
0.0138284
0.0116703
0.0122587
0.0118368
0.012652
0.0118113
0.0138681
0.0108175
0.0128784
0.0122598
0.0130878
0.0122334
0.0141629
0.0141122
0.0139764
0.0130199
0.0107076
0.0108899
0.0120397
0.0104753
0.0112604
0.00961203
0.0136145
0.0125857
0.0113661
0.0103652
0.0108066
0.0116332
0.0133889
0.0112443
0.0116182
0.0124132
0.0138529
0.0113471
0.0136332
0.0110406
0.014405
0.0113485
0.0118202
0.0128018
0.0129459
0.0156417
0.0115365
0.0118041
0.0114169
0.0156972
0.0137993
0.0138602
0.0108822
0.011469
0.0116408
0.0135526
0.0148043
0.0117774
0.0103771
0.0120852
0.0116808
0.0140999
0.011639
0.00961014
0.0130267
0.0107262
0.0124141
0.011196
0.0118782
0.0150843
0.0102292
0.0126496
0.010508
0.0133392
0.0112374
0.0111667
0.0129929
0.0113671
0.0140303
0.0112883
0.0122709
0.0114367
0.0121931
0.0113453
0.0131213
0.0103103
0.0138868
0.0116433
0.015909
0.0132797
0.0119936
0.0107302
0.012386
0.0127495
0.0125853
0.0144908
0.0106507
0.0130562
0.013933
0.0154688
0.0156103
0.0131571
0.0114413
0.0130115
0.0111735
0.01062
0.0139671
0.0112324
0.0114529
0.0105368
0.0127924
0.0109996
0.0108019
0.0103595
0.0106879
0.0102829
0.0108766
0.0103335
0.0102363
0.0133829
0.013428
0.0126177
0.0113584
0.0112304
0.0175369
0.0144983
0.0122216
0.013549
0.00966875
0.0109948
0.011093
0.00969751
0.0113864
0.015193
0.012148
0.0112314
0.0112795
0.0151607
0.013244
0.0132716
0.0130213
0.0143256
0.0118853
0.0124242
0.0105272
0.0115164
0.0123762
0.0128596
0.0126098
0.0135474
0.0106533
0.0109658
0.0151049
0.0112775
0.0145612
0.0142621
0.0149924
0.0167412
0.0145481
0.0109349
0.0110923
0.0122482
0.0140242
0.0133059
0.0140096
0.0119921
0.0116274
0.00991577
0.0116051
0.0130097
0.00991724
0.0126029
0.0110092
0.0096231
0.0173564
0.0137936
0.0134997
0.0107807
0.0119422
0.012211
0.0130485
0.0121785
0.0113736
0.0117756
0.0133924
0.0128714
0.0125552
0.0157705
0.010774
0.012988
0.0111982
0.0136165
0.0121056
0.0101889
0.0103175
0.0106798
0.0123834
0.0142258
0.012568
0.0133995
0.0118845
0.0108847
0.0135673
0.0125386
0.0124777
0.0126718
0.0122125
0.0126611
0.0133387
0.0112575
0.0116795
0.0109882
0.0148144
0.0116267
0.0112614
0.013727
0.0122132
0.0126258
0.01316
0.0144382
0.0125436
0.0103745
0.0119395
0.0164193
0.0158512
0.0121151
0.0115214
0.0128306
0.0128112
0.0112697
0.011899
0.0129313
0.0104541
0.0122305
0.0126273
0.013054
0.0134486
0.0133038
0.0109285
0.0111611
0.0130515
0.0121209
0.0104437
0.0123153
0.0121743
0.0109789
0.0137493
0.011633
0.0129714
0.0124114
0.0128074
0.012725
0.011311
0.0106326
0.011441
0.0110628
0.0110156
0.0099109
0.00998222
0.0132398
0.0108056
0.0109531
0.0102899
0.0100384
0.0120963
0.0116267
0.0130865
0.0112513
0.012064
0.0128095
0.0127629
0.0172933
0.0149831
0.0146207
0.0146892
0.0113886
0.0126416
0.0127705
0.0101045
0.0117416
0.01234
0.0142773
0.0124732
0.0126252
0.0126643
0.0132054
0.0104586
0.010739
0.0106599
0.0131367
0.0138119
0.0118991
0.0136762
0.0123703
0.0121839
0.0101682
0.0145046
0.00977055
0.0121772
0.0135659
0.0111059
0.0131212
0.0107807
0.0131168
0.0156945
0.0105208
0.011128
0.0116829
0.0105621
0.0104776
0.0134623
0.0117631
0.0105796
0.0114361
0.0140615
0.0117424
0.0148837
0.0119761
0.0116205
0.0115734
0.012614
0.0115376
0.0119014
0.0100052
0.0141513
0.0111351
0.0122804
0.0139734
0.0115356
0.0103185
0.0127398
0.0100825
0.0112361
0.0122885
0.0111132
0.0101443
0.0147109
0.0139844
0.0120921
0.0119909
0.0116693
0.0125283
0.0104949
0.0116938
0.0158455
0.0146454
0.0162338
0.0120785
0.0117596
0.0132964
0.0124681
0.0130119
0.0106992
0.0111368
0.0115537
0.0113056
0.0146805
0.0138891
0.0115733
0.0137751
0.0113276
0.0100366
0.0154365
0.0127964
0.0137636
0.0128995
0.0107728
0.0135838
0.0127464
0.0106644
0.0120332
0.0129478
0.0105035
0.011663
0.0119508
0.0112959
0.0116338
0.0121479
0.0105062
0.0124926
0.0115717
0.0140154
0.0117104
0.0122796
0.0109705
0.0119175
0.011232
0.0112101
0.012836
0.0139919
0.0144031
0.0104695
0.0155705
0.0133595
0.0134075
0.0106592
0.0158431
0.0110522
0.0125914
0.0105911
0.0134479
0.0105421
0.0158263
0.0114699
0.0120767
0.0103229
0.010781
0.00968534
0.00973583
0.0119448
0.0113923
0.010835
0.0123021
0.0128896
0.0145597
0.0117972
0.0133606
0.012897
0.0147461
0.0124738
0.0124557
0.0132616
0.0109663
0.010233
0.0143498
0.0138048
0.0127416
0.0143921
0.0137473
0.0113537
0.0110355
0.0133529
0.0122858
0.0122825
0.0132327
0.0159814
0.0150549
0.0101739
0.0100878
0.010445
0.0110844
0.0120458
0.0148405
0.0134102
0.0115934
0.0107495
0.0116321
0.0127451
0.0131482
0.0138656
0.0131308
0.0115503
0.0135937
0.0104192
0.011927
0.0124968
0.0139047
0.0143234
0.0115854
0.0107062
0.0120225
0.0110716
0.0112532
0.0123087
0.0146588
0.0108071
0.013092
0.0132846
0.0105014
0.0151012
0.0128337
0.0124861
0.0124865
0.0104566
0.0119196
0.0106834
0.0116285
0.0127387
0.01301
0.0111899
0.0143677
0.0116688
0.0145064
0.0115302
0.0139106
0.0104388
0.0116956
0.0112683
0.0106105
0.0110433
0.0117771
0.00974485
0.0130763
0.0141577
0.0118713
0.0146188
0.0124102
0.0115081
0.0153676
0.0123321
0.00977729
0.0105029
0.0110582
0.012332
0.0123181
0.0102525
0.0118539
0.0111899
0.0123564
0.0121073
0.0128279
0.0136774
0.0133185
0.0139471
0.0130187
0.0122499
0.0136317
0.0132298
0.0110914
0.0113471
0.0142229
0.0106124
0.0120094
0.0120662
0.0140458
0.0127549
0.011886
0.0123447
0.0121322
0.0149825
0.0101248
0.0128118
0.012611
0.0106321
0.00989524
0.0127763
0.013479
0.0126674
0.014207
0.0130925
0.0142202
0.0112063
0.0119244
0.0149242
0.0109311
0.013495
0.0143659
0.0133498
0.0138804
0.0147917
0.0127612
0.0103088
0.0146245
0.0131504
0.0118291
0.0130812
0.0147171
0.0129888
0.0122924
0.012611
0.0116014
0.011165
0.0117734
0.0129541
0.0132984
0.0116726
0.0128755
0.0106875
0.0113057
0.011293
0.0142474
0.0132311
0.0121278
0.0112678
0.0115818
0.0111163
0.0110453
0.0100454
0.0108654
0.0121616
0.0120311
0.0140119
0.0141854
0.0109069
0.0114484
0.0105919
0.0101908
0.0119704
0.0120411
0.012926
0.0115746
0.0121162
0.0101819
0.0100785
0.0101628
0.0121987
0.0114643
0.0100615
0.011971
0.0127018
0.0123001
0.0122131
0.0125816
0.0131923
0.0114227
0.012804
0.0109922
0.0112391
0.0126566
0.0125992
0.0103148
0.0116283
0.0128314
0.0131473
0.012937
0.0105926
0.0130335
0.014521
0.0109152
0.0113318
0.0131864
0.0122384
0.0127614
0.0138559
0.0130485
0.0131326
0.0114704
0.0105
0.0110565
0.013205
0.0110935
0.0155948
0.0121457
0.0116234
0.0128586
0.0131998
0.0107836
0.0129778
0.0107662
0.0143093
0.0108978
0.0138298
0.0124237
0.0108489
0.0108162
0.0109489
0.0113757
0.01177
0.013697
0.0120095
0.0109529
0.0108703
0.0107652
0.0108987
0.01033
0.0100923
0.010631
0.0120463
0.0108877
0.01366
0.011824
0.0110437
0.012354
0.0125265
0.0138268
0.0147102
0.0111512
0.0108502
0.0115484
0.0144863
0.0137381
0.0123037
0.012665
0.0133032
0.0132059
0.0114656
0.0149591
0.013145
0.0130304
0.0103778
0.0119162
0.0111495
0.0128271
0.0133145
0.0121537
0.0110568
0.0110936
0.0142768
0.0113519
0.0099854
0.0109576
0.0118659
0.0108357
0.0108483
0.0138409
0.0124522
0.0124553
0.0104878
0.0110719
0.0112779
0.0116642
0.0123695
0.0130039
0.0139156
0.0130996
0.0126401
0.0134692
0.0115096
0.0117875
0.0108318
0.0138655
0.0122026
0.0118768
0.011639
0.0106989
0.0122374
0.0124322
0.0119925
0.0154529
0.00989999
0.0121314
0.012358
0.0111382
0.0127119
0.0130494
0.0123843
0.0126793
0.0156153
0.0124521
0.0110929
0.0115269
0.0124546
0.0100498
0.00939952
0.0104781
0.0103044
0.0107966
0.013111
0.0130496
0.0112934
0.0132852
0.0117779
0.0111573
0.0137466
0.0129102
0.0125037
0.0111108
0.0112505
0.010098
0.011879
0.0118991
0.0134198
0.0111609
0.0116779
0.0144553
0.0115372
0.0106902
0.0111326
0.0129834
0.0126366
0.0128274
0.0132258
0.0129297
0.00948297
0.0156243
0.0111815
0.0105665
0.0124693
0.0127437
0.0128361
0.00981623
0.0129088
0.0119521
0.0124584
0.013917
0.0129301
0.0113705
0.0128724
0.0155581
0.0123471
0.0109336
0.0121694
0.0125209
0.0109273
0.0110016
0.0113762
0.0126507
0.0122958
0.0132666
0.0116993
0.00984947
0.0114136
0.0112742
0.0151142
0.0115278
0.0110464
0.0134163
0.0109967
0.0123028
0.0115205
0.0123706
0.0140882
0.0118542
0.00989639
0.0123996
0.0120567
0.0128811
0.0126873
0.0116712
0.010789
0.0114605
0.0121732
0.0126372
0.0148103
0.01175
0.0126792
0.0112582
0.0129162
0.0122595
0.0134935
0.013038
0.0120737
0.011371
0.0132779
0.0139236
0.0123256
0.0108422
0.0119557
0.0119034
0.0116848
0.015316
0.0120996
0.0127828
0.0111504
0.0126743
0.0124715
0.0122643
0.0139716
0.0153685
0.0107771
0.0131099
0.013277
0.0105187
0.0117986
0.011138
0.0127743
0.0143705
0.0126305
0.0133642
0.0116988
0.0118642
0.0123368
0.0127059
0.0123171
0.0119317
0.0114868
0.0157544
0.012156
0.0119267
0.0117073
0.0108405
0.0112334
0.0116572
0.010994
0.0116604
0.0114982
0.0107902
0.0116699
0.0112824
0.0124562
0.0132926
0.0115669
0.0114345
0.0113326
0.0113276
0.0106635
0.0128819
0.0114924
0.0116613
0.0112941
0.0134998
0.0109656
0.0117817
0.0136828
0.0109319
0.0120436
0.0123266
0.0130637
0.0117921
0.0111277
0.012237
0.0106527
0.0113675
0.011747
0.0110888
0.0134333
0.0109888
0.0116846
0.0119676
0.0127398
0.0109522
0.0112501
0.0149986
0.0108067
0.0105213
0.0105517
0.0113648
0.013302
0.0126069
0.0120344
0.0130382
0.0100191
0.0109562
0.0134931
0.0111677
0.0113385
0.0147392
0.0114934
0.0113934
0.0106057
0.0115709
0.0105893
0.0119558
0.0122181
0.011151
0.012648
0.0124527
0.0117069
0.0140988
0.013359
0.012182
0.0133031
0.0116223
0.0105597
0.0130266
0.0106169
0.0133908
0.0125719
0.0118808
0.0142625
0.0106215
0.0112566
0.0127102
0.0130989
0.0153362
0.0124782
0.0116009
0.0118938
0.0136968
0.0112988
0.0110494
0.0127566
0.0107968
0.0130512
0.0122942
0.0115787
0.0117314
0.0113299
0.0107655
0.0107381
0.0117856
0.0127472
0.0196001
0.013154
0.014052
0.014096
0.0135887
0.0127939
0.0108194
0.0114711
0.0130265
0.0126702
0.0107771
0.0129496
0.0141373
0.0128001
0.0125869
0.0137114
0.0129908
0.0108501
0.0109122
0.0135104
0.0110308
0.0134727
0.013219
0.00978433
0.00975324
0.0133828
0.0122288
0.0142685
0.01319
0.0113991
0.0128317
0.0115671
0.0119307
0.01207
0.0120827
0.0122653
0.0114738
0.0135034
0.0120282
0.0147836
0.0126648
0.0122393
0.0134486
0.0116838
0.0110221
0.0164472
0.0114302
0.0120971
0.0093887
0.0148134
0.0112894
0.0106113
0.012298
0.00870332
0.0105718
0.0114761
0.011323
0.0112318
0.0144385
0.0126046
0.0130466
0.0149646
0.0119221
0.0126369
0.0133842
0.012819
0.0121282
0.0140771
0.0124524
0.0125271
0.0113848
0.013963
0.0135366
0.012513
0.0123779
0.0119449
0.0136157
0.011274
0.0128947
0.0119945
0.0100526
0.0129697
0.0131815
0.0104507
0.0110533
0.0110251
0.0116389
0.0116344
0.012388
0.0120379
0.0132439
0.0140291
0.0102737
0.0109483
0.012304
0.0108923
0.0122701
0.0119428
0.0102125
0.0109848
0.0113433
0.0118442
0.0112581
0.0116212
0.0115664
0.0134891
0.0122938
0.0140007
0.012093
0.0115513
0.0110546
0.0110633
0.011285
0.0109093
0.0150009
0.0116876
0.0123747
0.014009
0.0133508
0.0127699
0.0124597
0.0113738
0.0135557
0.0151074
0.0113065
0.0127896
0.0115924
0.0108044
0.0106283
0.0113923
0.0124502
0.0124565
0.0137495
0.0144191
0.0100831
0.0105493
0.0123493
0.0185759
0.0129476
0.012367
0.0125469
0.0102923
0.0138302
0.01154
0.0178337
0.0141988
0.0125436
0.0108246
0.00999194
0.0118814
0.0133752
0.0116558
0.0101188
0.0104092
0.0111039
0.0108367
0.0110813
0.0133176
0.0118234
0.0112107
0.0141707
0.0144378
0.0148696
0.0126238
0.0118552
0.0120224
0.0127101
0.0124117
0.0116161
0.0121646
0.0106958
0.0120052
0.0141628
0.0119131
0.0115661
0.0140236
0.0099788
0.0112936
0.0108324
0.0105349
0.0142557
0.0119199
0.0132274
0.0135413
0.0129992
0.0105936
0.0124156
0.0111833
0.0133349
0.0108515
0.0114916
0.0123189
0.0117015
0.0134708
0.011118
0.0130676
0.00978823
0.01472
0.0108178
0.0095051
0.012766
0.0110974
0.0132273
0.0147971
0.0160031
0.00966004
0.0129349
0.0100469
0.0100565
0.0165273
0.0133031
0.0127879
0.0129337
0.0136113
0.0123228
0.0112907
0.0123201
0.012018
0.0133632
0.0118345
0.01479
0.0129215
0.0128057
0.01224
0.00958086
0.0115743
0.0125148
0.0112805
0.01223
0.0130917
0.012414
0.0125871
0.0101571
0.0116384
0.0137729
0.0105592
0.0112235
0.0117585
0.00950328
0.0101506
0.0125976
0.0138004
0.00964958
0.0103606
0.0121226
0.00842932
0.0168624
0.0125241
0.0119525
0.0132115
0.0106328
0.0139314
0.0115572
0.0108761
0.0113127
0.0114
0.0101722
0.0107893
0.0100372
0.0110214
0.0127013
0.0120014
0.013309
0.0120179
0.0139783
0.0114801
0.0140366
0.0134099
0.014745
0.0125454
0.0121201
0.0111734
0.0107138
0.010761
0.0124079
0.0115415
0.0112975
0.0124153
0.012365
0.0147783
0.0118091
0.0119196
0.0120388
0.0107501
0.0102321
0.0101557
0.010445
0.0124967
0.0100675
0.0111117
0.0111918
0.0134854
0.0118883
0.013976
0.0131691
0.0119828
0.0141042
0.0106069
0.0126548
0.0111179
0.0111132
0.00991776
0.0126343
0.0129282
0.0117329
0.011465
0.0127556
0.0104954
0.0154469
0.0122559
0.012199
0.0133022
0.0139394
0.0123119
0.0123876
0.0137418
0.0117137
0.0107057
0.0130596
0.0133407
0.0130273
0.011871
0.014425
0.0123768
0.012778
0.00992765
0.012942
0.0135571
0.0119362
0.0117662
0.0140704
0.0106003
0.00997641
0.012269
0.0111019
0.0108898
0.013277
0.0107963
0.0124241
0.0117523
0.0121656
0.0169055
0.0130593
0.0121556
0.015578
0.0100451
0.0124798
0.0105219
0.0134593
0.0111636
0.0129128
0.00985189
0.0112735
0.011883
0.0105691
0.013282
0.0103145
0.010844
0.0117111
0.0115483
0.0109021
0.0130838
0.0126987
0.0138218
0.0146965
0.0121023
0.0117435
0.0129472
0.0158095
0.0114083
0.0146551
0.0120368
0.0120264
0.0110468
0.0116419
0.0117296
0.0116367
0.011398
0.0129164
0.0124838
0.0141443
0.0102219
0.0109711
0.0110191
0.0103187
0.009901
0.0109245
0.0115415
0.0103107
0.0129026
0.0120066
0.0127191
0.0142935
0.0127378
0.0130721
0.0151011
0.0128923
0.0136992
0.012441
0.0128686
0.0151812
0.0138872
0.0125254
0.0110541
0.0113481
0.0107193
0.011344
0.0105481
0.0133551
0.0115944
0.0126973
0.0129798
0.0132361
0.0120073
0.0121981
0.0116698
0.0134365
0.0140933
0.0132379
0.0143823
0.012477
0.0125977
0.0129026
0.0135085
0.0131833
0.0139688
0.0141631
0.0122653
0.0117847
0.0140145
0.0100081
0.0118701
0.0132382
0.0164811
0.0124251
0.0103951
0.0105921
0.0118269
0.014215
0.0114505
0.0159182
0.0136387
0.0105452
0.012094
0.0129092
0.0134708
0.0121267
0.0122774
0.0106764
0.011818
0.0118351
0.0111331
0.010729
0.0108863
0.0109553
0.0112726
0.0145866
0.0116519
0.0104527
0.0106672
0.0112195
0.00975128
0.0101552
0.0105826
0.0124649
0.0125671
0.0151873
0.0155918
0.0132416
0.0112196
0.0119213
0.0121944
0.0102891
0.0110838
0.0135851
0.012271
0.0137671
0.0134081
0.0108911
0.0125339
0.0106819
0.0104271
0.0109365
0.0105364
0.0101964
0.0106204
0.0108947
0.0120547
0.0106031
0.0123645
0.0128539
0.0127512
0.0138867
0.0114137
0.0120172
0.0130692
0.0117123
0.0113491
0.0134748
0.0124964
0.0123012
0.0131046
0.0128996
0.010332
0.0122471
0.0114279
0.0119115
0.011811
0.0123937
0.0115975
0.0115793
0.0121793
0.0126604
0.0116888
0.011379
0.0142775
0.0136111
0.0115357
0.0120317
0.0130122
0.0121912
0.0115622
0.0134693
0.0133949
0.0123235
0.0138916
0.0147886
0.0131281
0.0117728
0.0106597
0.0112966
0.0145486
0.0150216
0.0112661
0.0112401
0.0117922
0.0119432
0.0114073
0.0132445
0.0151943
0.0133236
0.0116822
0.0118341
0.0123925
0.0132503
0.0120211
0.0109625
0.0113804
0.0107393
0.0121156
0.0121604
0.0126009
0.0105393
0.0139153
0.0126425
0.0119411
0.0124339
0.0104519
0.0125419
0.0119784
0.0162324
0.0118748
0.0113305
0.0125351
0.014783
0.0122698
0.0179461
0.0153147
0.0132764
0.0119785
0.0117668
0.0125451
0.0102533
0.0117242
0.0144293
0.00955181
0.0136408
0.0110123
0.0125552
0.0125631
0.0129108
0.00995975
0.0126809
0.0125839
0.0132148
0.0116624
0.0114309
0.0126436
0.0137753
0.0108138
0.011112
0.0105555
0.0105376
0.0107423
0.010521
0.0117059
0.0107628
0.012993
0.0114836
0.0133087
0.0128404
0.0154834
0.0145949
0.0115168
0.0121685
0.0133088
0.0113938
0.012825
0.0114259
0.0143974
0.0122389
0.0107008
0.0125757
0.0115639
0.0106802
0.0129925
0.0132247
0.011877
0.014212
0.0146035
0.0129937
0.013538
0.0122252
0.011717
0.0131634
0.0136379
0.0123087
0.0139364
0.0136995
0.0123381
0.0117846
0.0124364
0.0130467
0.0122379
0.013622
0.0145671
0.0128354
0.0130179
0.0131827
0.0124041
0.0126051
0.0125744
0.0116024
0.0136191
0.0164729
0.0138574
0.0146359
0.0125822
0.0128425
0.011928
0.0112199
0.0107043
0.0113515
0.0111803
0.0122781
0.012789
0.0142599
0.0116554
0.0107169
0.0132776
0.015631
0.0132248
0.013076
0.011063
0.0126189
0.0123517
0.0125207
0.0124645
0.0118416
0.0102115
0.0119144
0.0125321
0.0139657
0.0143575
0.0153289
0.0126159
0.0145169
0.0154616
0.0148284
0.0140308
0.0146075
0.0108558
0.0118563
0.011436
0.0123297
0.0121489
0.012565
0.0125331
0.0119486
0.0160138
0.0110182
0.0121589
0.0105909
0.0110829
0.0106542
0.0106442
0.011279
0.0107262
0.0124704
0.011396
0.0126368
0.0128921
0.0105619
0.0119952
0.0127606
0.015496
0.0127866
0.0118761
0.0121181
0.0120231
0.0127568
0.0127067
0.0114938
0.0125634
0.0139832
0.0102956
0.0129532
0.0124949
0.0105964
0.0126889
0.012516
0.0147698
0.0126568
0.0123448
0.0122826
0.0117065
0.0115044
0.0143075
0.0141008
0.0117655
0.0121458
0.0101693
0.0126373
0.012271
0.0110279
0.0150731
0.0115396
0.0186474
0.0139157
0.0119857
0.0109662
0.0128574
0.011646
0.0145505
0.0138359
0.0130718
0.0117554
0.0144103
0.0138796
0.0113875
0.0139197
0.0137935
0.0190772
0.0140367
0.0111048
0.0110315
0.0131361
0.0133907
0.0141312
0.013892
0.01317
0.0113029
0.011814
0.0115686
0.0133659
0.0181176
0.0131147
0.0104314
0.0113668
0.00995017
0.0124535
0.0124096
0.012691
0.012351
0.0115815
0.0116584
0.0142129
0.0131767
0.0123162
0.014223
0.0124584
0.0149033
0.0147257
0.0193531
0.0171438
0.0164181
0.0123068
0.013467
0.0124497
0.0125914
0.0121459
0.0113876
0.0110897
0.0110664
0.0118571
0.0127257
0.0120647
0.0154198
0.0141669
0.0165363
0.0106997
0.0112235
0.0106765
0.0106448
0.0111548
0.0106418
0.0121629
0.0111496
0.0139473
0.012049
0.0114739
0.0108791
0.010454
0.0140794
0.0156083
0.0193244
0.0161066
0.0114365
0.0125894
0.0137203
0.0127165
0.0156716
0.0128888
0.0121499
0.0141861
0.0115476
0.0126537
0.0111251
0.0122237
0.0171733
0.0187694
0.0129903
0.0119934
0.0156958
0.0102658
0.0110617
0.0112105
0.0171737
0.0124602
0.014635
0.0148709
0.0142131
0.0115006
0.0128901
0.0114334
0.019529
0.0119733
0.011753
0.0111837
0.0125465
0.0121961
0.0115882
0.0127422
0.0189113
0.0135399
0.0125223
0.0119975
0.0134019
0.0161228
0.0160835
0.0170289
0.0103578
0.0125299
0.0129528
0.013753
0.0121151
0.0121136
0.011922
0.0106684
0.0146126
0.0114258
0.0116059
0.0119528
0.0115812
0.0121585
0.0100129
0.0103914
0.0131266
0.0117525
0.0114172
0.0113807
0.0102219
0.00959834
0.0119719
0.0112221
0.0158518
0.012944
0.0127996
0.0127336
0.0131842
0.0172257
0.0153418
0.0144434
0.0144621
0.0130089
0.0122919
0.0121432
0.01204
0.0134212
0.012838
0.0112652
0.0104505
0.0107701
0.0153405
0.0151097
0.0124037
0.0109855
0.0112873
0.0106416
0.0107325
0.0107219
0.0106394
0.0112717
0.0109679
0.0115706
0.0118497
0.0114065
0.012313
0.0116421
0.0108497
0.0121209
0.0134411
0.0130722
0.0110881
0.00980772
0.0138449
0.0118769
0.0137777
0.0133974
0.0154232
0.0124045
0.0117118
0.0138653
0.0101977
0.0123868
0.0103573
0.0131484
0.0155176
0.018235
0.0106068
0.0102009
0.0105642
0.0108853
0.0119082
0.0135702
0.0147288
0.0192139
0.0111883
0.010779
0.0114382
0.0108155
0.011102
0.0112472
0.0118015
0.0163321
0.0106906
0.0125122
0.0100029
0.0118753
0.0119515
0.0116999
0.0118426
0.0125188
0.0121707
0.0128101
0.0121058
0.0115333
0.0119586
0.0118478
0.012382
0.0111169
0.0131392
0.0114669
0.0142643
0.014396
0.0126305
0.0154185
0.0137515
0.013421
0.010005
0.0115591
0.0170294
0.0130578
0.0123114
0.0119416
0.0127014
0.0144336
0.0120207
0.01191
0.013029
0.012969
0.0125492
0.0101168
0.0107352
0.0136106
0.0119425
0.0132475
0.0111988
0.0129855
0.0112053
0.0157721
0.0141508
0.0123633
0.0114916
0.012778
0.0116507
0.0120986
0.01191
0.013821
0.0134389
0.0132855
0.0111355
0.012187
0.0106376
0.0111814
0.0106591
0.0106907
0.0112131
0.0107113
0.0123937
0.0111619
0.0130275
0.0128214
0.0122835
0.0114732
0.0110364
0.0142485
0.0118668
0.00738686
0.0107814
0.0123549
0.0118339
0.0122458
0.0111962
0.0135816
0.0103871
0.0150362
0.0120585
0.0110411
0.0107394
0.0110746
0.0119892
0.0103684
0.0131604
0.012458
0.0120325
0.0106675
0.0114134
0.0127538
0.0123978
0.0148789
0.0160267
0.0125995
0.010371
0.0104664
0.0109662
0.0123094
0.0112584
0.0132323
0.011038
0.0118234
0.0130553
0.0156114
0.0131028
0.0122955
0.0106658
0.0132356
0.0110927
0.0118413
0.0112151
0.0119432
0.0124364
0.0134626
0.0118841
0.0118947
0.0134384
0.0124311
0.012457
0.0163517
0.0138353
0.0156707
0.0117108
0.0143827
0.0099699
0.0103425
0.0130256
0.0118668
0.0115674
0.0106605
0.0134912
0.0137989
0.0130189
0.0133352
0.0116069
0.0127061
0.0109306
0.011118
0.0118411
0.0124455
0.0146129
0.013573
0.0132169
0.0151793
0.0120649
0.0141356
0.0178487
0.0157133
0.0137304
0.0171367
0.0121648
0.0110102
0.0134145
0.0126503
0.013223
0.0129117
0.0123408
0.0131341
0.0106656
0.0134063
0.0129369
0.0129678
0.010657
0.0112961
0.0106382
0.0106847
0.0111385
0.0106279
0.0121691
0.0110675
0.0140581
0.0118252
0.0123134
0.0118392
0.0129473
0.0121159
0.0142913
0.0129361
0.0157371
0.0122696
0.0120186
0.0133953
0.012457
0.01189
0.0139065
0.0113809
0.0102307
0.0136362
0.0129874
0.0107644
0.0128314
0.0125865
0.012897
0.0127781
0.0158693
0.012033
0.0140373
0.0112578
0.0109634
0.0115919
0.012533
0.0124626
0.0164231
0.0114241
0.0112115
0.0118697
0.0113188
0.0146267
0.0132463
0.0127912
0.0146594
0.0115499
0.0102473
0.0126008
0.0127221
0.0116438
0.0113941
0.0151698
0.0122308
0.012582
0.0121837
0.0129965
0.012756
0.0113619
0.0139533
0.0116483
0.0109991
0.0121132
0.0120348
0.0116147
0.014699
0.0143346
0.0137722
0.0126461
0.0187438
0.0113118
0.0118561
0.0137693
0.0125743
0.0154959
0.0162197
0.0128394
0.0132877
0.0137047
0.0116473
0.0127365
0.0111941
0.0117032
0.013958
0.0115891
0.0122064
0.0130953
0.0157925
0.0147954
0.0188382
0.0175198
0.0129986
0.0126433
0.0126798
0.0155307
0.0120816
0.0118289
0.0150215
0.0116166
0.0120073
0.0116039
0.0129698
0.0126085
0.0141143
0.0134899
0.0128586
0.0168962
0.0134536
0.0106462
0.0113521
0.0104948
0.0106872
0.0106618
0.0105976
0.0112632
0.0109341
0.0116169
0.0118199
0.0114986
0.0113958
0.0105352
0.0130196
0.0120375
0.0137335
0.0132568
0.0130679
0.0114528
0.0117838
0.0139611
0.0127159
0.0119323
0.0118647
0.0142288
0.0196748
0.0144859
0.0129429
0.0125252
0.0122641
0.0120663
0.019204
0.0116259
0.0128544
0.0122799
0.013703
0.0100423
0.0137274
0.0118204
0.0155096
0.0141079
0.0146206
0.01177
0.0123449
0.0121551
0.0127245
0.0109471
0.0160345
0.0118507
0.0120904
0.0121156
0.0106323
0.0142383
0.0113686
0.0110763
0.0137465
0.0121287
0.0137047
0.0120913
0.0120743
0.0129079
0.0133725
0.0114186
0.0146591
0.0148854
0.0113009
0.00992575
0.0138748
0.0164554
0.0135233
0.0139969
0.0149328
0.0129422
0.0122034
0.0125222
0.0112317
0.013331
0.0132029
0.0161729
0.0131816
0.0131931
0.0124834
0.013005
0.0111732
0.0110555
0.0114462
0.0109889
0.0121156
0.0122658
0.0106653
0.0136496
0.013667
0.0143123
0.0139228
0.0179667
0.0145546
0.0141066
0.0157026
0.0136251
0.0119352
0.0124731
0.00975939
0.0112827
0.0109934
0.0104464
0.0125461
0.0117132
0.0139709
0.0114959
0.0137848
0.0106888
0.011114
0.0104774
0.0106363
0.0106048
0.0104486
0.0111606
0.0106356
0.0124599
0.011149
0.0131489
0.0109044
0.0135753
0.0117487
0.0115811
0.0135598
0.0126743
0.0119206
0.0150842
0.0118877
0.0114116
0.0113185
0.0116669
0.011484
0.0159692
0.0134528
0.0139813
0.0139665
0.0130486
0.0127282
0.01305
0.0119113
0.0136408
0.0110742
0.0128289
0.0123323
0.0145494
0.00963311
0.0130807
0.0108132
0.0109432
0.0131251
0.0128909
0.0120409
0.011137
0.0140848
0.0176175
0.011535
0.0127406
0.0118909
0.0128642
0.0119554
0.0122491
0.0101489
0.0108688
0.0127464
0.0118805
0.0126757
0.0111465
0.0125449
0.0123492
0.0129069
0.0100656
0.012988
0.0123864
0.012273
0.0139678
0.0136616
0.0121603
0.0123625
0.0107929
0.0145129
0.0124039
0.0128571
0.01151
0.0118774
0.0123597
0.0131464
0.0130084
0.0120293
0.0123264
0.0110401
0.0108743
0.0107421
0.0104506
0.0121674
0.0127074
0.0128605
0.0156019
0.0150924
0.016072
0.0119932
0.0146781
0.012134
0.0177916
0.0183536
0.013379
0.0163488
0.0126596
0.0133131
0.0121679
0.0129515
0.0118361
0.0121616
0.0117148
0.0109824
0.0121077
0.0130621
0.0139133
0.0139077
0.0111521
0.0107071
0.0104045
0.0106203
0.0106205
0.0102963
0.0109352
0.0105235
0.0121406
0.0110887
0.0142718
0.0118736
0.0122481
0.0137254
0.0170961
0.00992177
0.0145177
0.0145973
0.0135363
0.0113201
0.0162376
0.010574
0.0131958
0.0142971
0.0133747
0.0124125
0.0121699
0.0129061
0.013126
0.0153592
0.013353
0.0140008
0.0132214
0.0130372
0.0172866
0.0133512
0.0125637
0.0128536
0.0119344
0.0118273
0.0117257
0.0126828
0.0153688
0.0122062
0.0130341
0.0122385
0.0124963
0.0117358
0.0127186
0.0127323
0.0151869
0.0118204
0.0129123
0.0125288
0.0121566
0.0155731
0.0136947
0.0134388
0.0123628
0.0122313
0.0124778
0.0121934
0.0120239
0.0131147
0.013123
0.0134522
0.0137258
0.011045
0.0107836
0.0124266
0.0128957
0.0132332
0.0129295
0.0121515
0.012255
0.01085
0.0114007
0.0154531
0.0126396
0.0145323
0.0127435
0.011609
0.0127238
0.0127281
0.0123082
0.0142832
0.0108317
0.0107238
0.0107463
0.0097826
0.0144303
0.0119009
0.0140004
0.0127196
0.0142845
0.0121338
0.0134532
0.011693
0.0130314
0.0122978
0.0106009
0.0125894
0.00982036
0.0124909
0.0110634
0.0124257
0.0122025
0.0104163
0.0134313
0.0125718
0.0124788
0.0158287
0.0171948
0.0157775
0.0110023
0.0116511
0.0127603
0.0111305
0.0122028
0.0109492
0.0115853
0.0118275
0.0116421
0.0118113
0.011205
0.0147524
0.0135838
0.0123664
0.0132007
0.0112019
0.0132628
0.0105727
0.0156
0.0120488
0.0127072
0.0143833
0.0126207
0.0144764
0.0132754
0.0114994
0.0112236
0.0143199
0.0120624
0.014816
0.0115312
0.0123044
0.0107048
0.010641
0.0132053
0.012397
0.0148373
0.0151868
0.0119919
0.0137557
0.0106768
0.012381
0.0135455
0.0129833
0.0135956
0.0126168
0.0147247
0.0149077
0.0123618
0.0125816
0.0111664
0.0133262
0.0139245
0.0138586
0.0166095
0.0147317
0.0140393
0.0116396
0.012684
0.0115263
0.0120673
0.0138987
0.0161944
0.015455
0.0132595
0.0158433
0.0117051
0.0128899
0.0106094
0.0133948
0.0184346
0.0130115
0.0137585
0.0118885
0.0114084
0.0118745
0.0122671
0.0120669
0.0141051
0.0143219
0.0144927
0.0118715
0.0120657
0.0126925
0.0127902
0.0129845
0.013589
0.0131309
0.0107629
0.0107189
0.00987672
0.0128508
0.0147941
0.0127234
0.0126751
0.0127375
0.0121855
0.0127933
0.0138945
0.0135553
0.0139207
0.0161659
0.0139403
0.0119396
0.0114047
0.0123399
0.0124108
0.0120905
0.0144434
0.0121621
0.0149921
0.0154352
0.0120424
0.0143729
0.0147879
0.0125158
0.0172454
0.0139809
0.0146033
0.0122706
0.0115275
0.011314
0.0121636
0.0099492
0.00985474
0.0129923
0.0105944
0.0125697
0.0138623
0.011983
0.0130312
0.0127327
0.0128304
0.0118101
0.0121633
0.0124025
0.0121969
0.0135208
0.0107401
0.0112895
0.0129488
0.011339
0.0156348
0.0127753
0.0142026
0.0132518
0.0154364
0.0140895
0.0168284
0.0165547
0.0132581
0.0119495
0.0127128
0.0106638
0.0143161
0.0128947
0.0120189
0.0152611
0.0135784
0.0134207
0.0125895
0.0107526
0.0106123
0.0117792
0.0167572
0.0152831
0.0140526
0.0111337
0.0107056
0.0118223
0.0117441
0.0119726
0.0138418
0.0137962
0.0148979
0.0128445
0.0147616
0.0120385
0.0133632
0.0141922
0.0136302
0.0154376
0.0185423
0.0127966
0.0115539
0.0130529
0.0117728
0.0134526
0.0136017
0.0131206
0.0126493
0.0121386
0.0123686
0.014801
0.0134475
0.0157502
0.0132186
0.0129367
0.0127741
0.013152
0.0109955
0.0141298
0.0125572
0.0117535
0.0117867
0.0107805
0.0105728
0.0115112
0.011854
0.0116577
0.0118402
0.0132979
0.0137617
0.013657
0.0169966
0.012771
0.0105413
0.014285
0.01549
0.017292
0.00997214
0.0117659
0.0129928
0.012158
0.0120025
0.0133387
0.0166799
0.0161897
0.0125458
0.0105255
0.0101125
0.0110006
0.0104376
0.0107064
0.0110084
0.0116562
0.011852
0.0121317
0.0122378
0.013051
0.0123244
0.012666
0.0120192
0.013213
0.0132423
0.0121493
0.0132167
0.0120703
0.00892965
0.0114418
0.015914
0.011502
0.0164281
0.0125186
0.0152211
0.0126512
0.0142428
0.0107793
0.0106522
0.0121546
0.0141453
0.0132903
0.0137006
0.0133938
0.0116491
0.0121855
0.013858
0.0132608
0.0137356
0.0125647
0.0119968
0.0122697
0.015425
0.0114754
0.0114672
0.0135759
0.0140329
0.0116142
0.0126119
0.010829
0.0109885
0.0118597
0.0126682
0.0141608
0.0146547
0.0118505
0.0102798
0.00985343
0.0139983
0.0132585
0.0127161
0.016135
0.0133252
0.0102728
0.0118309
0.0125249
0.0160396
0.01538
0.0134043
0.0136026
0.0142483
0.0170244
0.0140862
0.0158271
0.013118
0.0156748
0.0152541
0.0104882
0.0131925
0.0129279
0.011008
0.0126784
0.0129986
0.0117424
0.0125853
0.0112347
0.0106996
0.00984449
0.0134362
0.0129589
0.0136743
0.0140499
0.0131168
0.0127099
0.0142797
0.0116861
0.0143248
0.0126025
0.0175595
0.0129279
0.0151179
0.0140457
0.0118299
0.00987725
0.0119012
0.0113226
0.0108805
0.0114652
0.0137405
0.0141625
0.0176605
0.0161781
0.014908
0.0121716
0.013363
0.0112895
0.0103191
0.0101569
0.0102436
0.0111494
0.011122
0.0122585
0.0112734
0.01304
0.0138401
0.0120917
0.0120323
0.0113195
0.0129073
0.013096
0.0121958
0.0135828
0.0122111
0.0155437
0.0111498
0.0109483
0.0131499
0.0134868
0.0131126
0.0128197
0.0137426
0.0143523
0.0121859
0.010719
0.0130897
0.0130203
0.0118776
0.0110932
0.0133756
0.0138262
0.0131908
0.0135782
0.010813
0.0106646
0.0128735
0.0130133
0.0129217
0.0132815
0.01366
0.0138545
0.0133275
0.0121848
0.0133944
0.0109135
0.0118113
0.0131335
0.01307
0.0153594
0.0137603
0.0139743
0.0129476
0.0134685
0.010999
0.0111845
0.0122879
0.0133223
0.0135308
0.0128004
0.0142318
0.0144741
0.0124451
0.0149028
0.0122395
0.0125111
0.0143715
0.0144286
0.0131714
0.0134794
0.0155336
0.0131961
0.0118379
0.014176
0.0145893
0.0123086
0.0136718
0.0124853
0.0112581
0.0114822
0.00790662
0.0120964
0.0131849
0.0145752
0.0154976
0.015265
0.012752
0.0142963
0.0134906
0.0131462
0.0128074
0.0121033
0.0115561
0.0130837
0.0109256
0.0105606
0.00999445
0.00944474
0.0135405
0.0120578
0.0120967
0.0154534
0.0148531
0.0145989
0.0127528
0.0118348
0.0120049
0.0117431
0.0118351
0.0130914
0.0135741
0.0114958
0.010792
0.0133101
0.0146273
0.0131589
0.00938998
0.0119308
0.0101473
0.0146876
0.0142975
0.011018
0.0112982
0.0110591
0.0106556
0.0118555
0.0123293
0.0110996
0.0130771
0.0108036
0.0133406
0.012217
0.0108217
0.0140141
0.0137518
0.012027
0.0135999
0.0114586
0.0136158
0.0115055
0.0136893
0.0110425
0.012219
0.0129366
0.0126849
0.0106606
0.0114029
0.0113548
0.0119533
0.0115003
0.0122075
0.013777
0.0138289
0.0109529
0.0110845
0.0114042
0.0134649
0.013801
0.0126621
0.0138162
0.0138487
0.0110528
0.0116765
0.0112236
0.0135102
0.0128773
0.0120056
0.0139163
0.0139001
0.0125036
0.0147955
0.012073
0.0111678
0.0122999
0.0169185
0.0142828
0.0142932
0.0127659
0.0124263
0.0121959
0.0133636
0.0131728
0.0116945
0.0138665
0.0139126
0.0135919
0.0113749
0.0124964
0.013075
0.013225
0.0131475
0.0118985
0.0142596
0.0118365
0.0117498
0.0116651
0.0120818
0.0120752
0.0122997
0.0128894
0.0130265
0.0153281
0.0152403
0.0117569
0.013098
0.0121582
0.0130157
0.0126481
0.0120326
0.0150022
0.0123475
0.0123158
0.0102799
0.00967233
0.0110994
0.0131603
0.0148248
0.0134055
0.017083
0.0130472
0.0119435
0.0124088
0.0116225
0.012141
0.0128596
0.0145686
0.0134938
0.0118641
0.0117507
0.0117928
0.0142366
0.0106874
0.0119988
0.0143558
0.0121406
0.00966075
0.0118097
0.0155223
0.0176076
0.0134739
0.0130819
0.0116973
0.0118293
0.0116396
0.0110171
0.0113152
0.00958474
0.00978383
0.0107721
0.0104625
0.0113789
0.012191
0.0111172
0.0116827
0.0128584
0.0127294
0.0131182
0.012315
0.0117686
0.0114954
0.0118218
0.0131894
0.0121728
0.0131607
0.0121625
0.013017
0.0112028
0.0111503
0.0136246
0.0101738
0.0128292
0.0128167
0.0150161
0.0121792
0.012025
0.0106437
0.0130305
0.0113561
0.0136667
0.013211
0.0140331
0.0136804
0.0109291
0.0119849
0.0138079
0.0119912
0.0123574
0.0117094
0.0155799
0.0117844
0.0139986
0.0137703
0.0111962
0.0129581
0.0132155
0.0125219
0.0122477
0.013869
0.0163841
0.0127852
0.0139962
0.0138058
0.0119293
0.0117341
0.0117703
0.0124944
0.0123037
0.0109873
0.0129515
0.0131797
0.0143154
0.0140707
0.0127592
0.0136385
0.0133337
0.011691
0.0136663
0.0131652
0.0128598
0.0139997
0.0126783
0.0120982
0.0118187
0.0116981
0.0141927
0.012141
0.0146231
0.0140787
0.0114949
0.0118794
0.0134078
0.0116875
0.0129615
0.0131453
0.0152878
0.0152701
0.0109832
0.0108521
0.0116613
0.0118034
0.0136721
0.0144347
0.0135994
0.0117724
0.0109968
0.0115551
0.00970289
0.0115605
0.0128551
0.0142011
0.0111205
0.0122932
0.0136997
0.0150233
0.0159571
0.0132945
0.0145692
0.0118856
0.0126245
0.0126797
0.0118764
0.0107695
0.0107825
0.0106624
0.0106759
0.0127636
0.0136301
0.0138223
0.0110547
0.0106428
0.010706
0.0101286
0.0101601
0.0114591
0.0109338
0.0107164
0.00994194
0.0119796
0.012107
0.0114831
0.0125988
0.0109809
0.011582
0.011981
0.0131892
0.0111523
0.0131544
0.0132685
0.0126205
0.0118512
0.0129133
0.0113722
0.0107975
0.0129014
0.0116987
0.0132945
0.0116316
0.0140436
0.011887
0.0123849
0.00854429
0.0114974
0.0125076
0.0128979
0.0141052
0.0132564
0.011307
0.0157925
0.0130053
0.0125941
0.0141589
0.0136233
0.0110864
0.0121904
0.0174373
0.0127707
0.0125807
0.0137281
0.0140376
0.0135493
0.013951
0.0127161
0.0117927
0.0120391
0.0125908
0.0131478
0.0142855
0.012216
0.0116707
0.0111384
0.012857
0.0135972
0.0131002
0.0132794
0.0127952
0.0127417
0.0159823
0.0111348
0.0113975
0.014045
0.0131525
0.0124218
0.0142826
0.0185379
0.0157587
0.0132689
0.0122324
0.0118046
0.0136798
0.0155244
0.0118649
0.0122526
0.0150803
0.0159621
0.0125021
0.0132098
0.0128512
0.0121282
0.0149394
0.01463
0.0140325
0.0108184
0.0107963
0.0130795
0.0117296
0.0112199
0.0128726
0.0160941
0.0159144
0.015064
0.0126075
0.0149904
0.0172134
0.0134754
0.0137703
0.0134273
0.0141857
0.0178776
0.0118115
0.0119216
0.0122819
0.0106919
0.0118101
0.0116521
0.010828
0.012258
0.0144081
0.0142108
0.01288
0.0128568
0.0115072
0.0121267
0.0102347
0.0119528
0.0113307
0.0123271
0.0102908
0.011453
0.0107179
0.0101914
0.0123393
0.0106297
0.0122019
0.0127412
0.0136177
0.0116022
0.0114884
0.0115216
0.0113669
0.0116457
0.0122287
0.0121648
0.0117118
0.0106742
0.0107265
0.0136718
0.00993598
0.0131721
0.0158414
0.0126274
0.0120752
0.0119956
0.0134072
0.0135814
0.0113929
0.0162071
0.0137681
0.0133556
0.0128482
0.0131682
0.0118832
0.0155245
0.0132785
0.0129821
0.014305
0.0137997
0.0123364
0.0124098
0.0163015
0.0143064
0.012681
0.0132602
0.0139668
0.0176964
0.0121584
0.0130164
0.0102687
0.0152701
0.012466
0.013009
0.0134717
0.0120232
0.0128066
0.013163
0.0130732
0.00878591
0.0134122
0.0166584
0.0151877
0.0149073
0.0196945
0.0112639
0.0112819
0.0143288
0.0130238
0.0150232
0.0133542
0.0126536
0.0110569
0.0115138
0.0148806
0.0113476
0.0129622
0.0182982
0.0143448
0.0136795
0.0168736
0.0210385
0.0144188
0.0129546
0.0127037
0.012584
0.0128944
0.0148404
0.0117727
0.0105983
0.010005
0.0138393
0.0115296
0.0135131
0.0171473
0.0154881
0.0133371
0.0126003
0.0140848
0.0149168
0.0150731
0.0141957
0.0122621
0.0133616
0.0144202
0.0117843
0.0106631
0.0109351
0.0122948
0.0102136
0.0133891
0.0107668
0.0139579
0.0134443
0.0103378
0.0135595
0.0129425
0.0113373
0.0112305
0.0105187
0.011433
0.01126
0.0100799
0.0100806
0.0107107
0.0111699
0.012007
0.0119911
0.0117406
0.0129619
0.0129845
0.0118686
0.0118313
0.0118753
0.0146791
0.0126405
0.0119808
0.0115556
0.0127452
0.0163509
0.013124
0.010889
0.0134062
0.0129121
0.0136723
0.0132311
0.0150879
0.0138431
0.0132292
0.0119519
0.0130251
0.0133608
0.0127366
0.0140099
0.0123736
0.0144377
0.0116083
0.0180564
0.0116827
0.0110878
0.0135189
0.0126772
0.0135894
0.0131603
0.013204
0.0109502
0.0130283
0.0138898
0.0141876
0.0149936
0.0122546
0.0123158
0.012888
0.0124836
0.0131734
0.0131434
0.013524
0.0102836
0.0136973
0.0139416
0.0127663
0.0145803
0.0105508
0.0118645
0.0126157
0.0122806
0.0128386
0.012668
0.0120295
0.0119203
0.0138409
0.015432
0.015242
0.0135507
0.0129231
0.0141566
0.0126369
0.0123964
0.00956521
0.0132684
0.0101096
0.0155654
0.0131166
0.012005
0.0123877
0.0109389
0.0139109
0.0121767
0.0129213
0.014441
0.0129854
0.0133342
0.0123078
0.0129805
0.0148693
0.0152561
0.0112196
0.0133765
0.0132079
0.0128707
0.0136963
0.0174595
0.0121975
0.0108746
0.012855
0.0125545
0.0143833
0.0118681
0.0128033
0.0123711
0.0104993
0.0112469
0.0131727
0.0126266
0.0132974
0.0151753
0.017446
0.012519
0.0161847
0.013358
0.0137326
0.0142846
0.0174007
0.0137783
0.0150119
0.0109831
0.01085
0.0132604
0.0124398
0.011915
0.0111188
0.0130486
0.0146749
0.0102292
0.0122308
0.0112385
0.0122622
0.0110328
0.0110328
0.0113458
0.0108232
0.0102475
0.0122809
0.0127605
0.0115117
0.0140265
0.0119301
0.0107557
0.0138577
0.014048
0.0129803
0.0127772
0.0121389
0.0131229
0.0113361
0.0116746
0.0107923
0.0132395
0.0144272
0.0122828
0.0130266
0.0119513
0.0119257
0.0159404
0.0123179
0.0129711
0.0121197
0.0133593
0.0128446
0.0130242
0.0106399
0.0106343
0.013725
0.012496
0.0133902
0.0128794
0.00991035
0.0141277
0.0106756
0.010859
0.0129871
0.0162373
0.0128342
0.0130063
0.0133375
0.0109399
0.011409
0.0115164
0.0126336
0.0145156
0.0149299
0.0135317
0.0138606
0.015825
0.0115242
0.0115262
0.0122623
0.014607
0.0111088
0.0146501
0.015553
0.0148678
0.01131
0.0115966
0.0146901
0.0122378
0.0139664
0.0118447
0.0137812
0.0144586
0.0150684
0.0144739
0.0188855
0.012555
0.0125453
0.0129261
0.0118912
0.0121699
0.0152246
0.0129955
0.0140311
0.0138685
0.0130951
0.0152902
0.012306
0.0105044
0.0105282
0.0133634
0.0129412
0.0118128
0.0127915
0.0142268
0.0132562
0.0119274
0.0130872
0.013316
0.0125604
0.0132113
0.014677
0.0131766
0.0119127
0.0171366
0.015805
0.0144646
0.0138346
0.0153477
0.0135371
0.0146638
0.0135293
0.0142496
0.0169888
0.0104414
0.0123725
0.0193963
0.0148961
0.0112176
0.0132975
0.0112987
0.0117194
0.0118701
0.0120068
0.0110912
0.0113131
0.0100571
0.0100795
0.0108148
0.0105265
0.0114364
0.0122988
0.0112466
0.0120696
0.0130012
0.0132754
0.0108592
0.0126422
0.0137511
0.0118989
0.0118841
0.0127085
0.0142139
0.0127151
0.0108778
0.01408
0.0107185
0.0121768
0.013302
0.013959
0.0140898
0.0138235
0.0119593
0.0119815
0.0141849
0.0122986
0.0121917
0.0127847
0.0135638
0.0134595
0.0150522
0.0116737
0.0105401
0.0106253
0.0116225
0.0119973
0.0127496
0.0114414
0.0139013
0.013147
0.0127949
0.0148994
0.0130136
0.010746
0.0106145
0.0133301
0.0133182
0.0161019
0.014548
0.0128028
0.0131304
0.0109352
0.0143296
0.011868
0.0108213
0.0129155
0.0147097
0.0153732
0.0128534
0.0132117
0.0136364
0.014726
0.0120942
0.0112201
0.011808
0.0131352
0.0130067
0.0151352
0.0160533
0.0159074
0.0109974
0.0139377
0.0136654
0.0155138
0.0152821
0.0150878
0.0135875
0.0115812
0.0123173
0.0144733
0.0158856
0.0147754
0.0139882
0.0129058
0.0126183
0.0133922
0.0101185
0.00954999
0.012763
0.0127388
0.0112642
0.0119017
0.0126983
0.0128439
0.0124481
0.0145007
0.0173147
0.0140626
0.010966
0.0113352
0.0121067
0.013867
0.0151879
0.0130658
0.0173481
0.0113144
0.0113173
0.0169105
0.0107157
0.0107387
0.0118399
0.0139445
0.0169304
0.0114821
0.0134538
0.0135104
0.0100897
0.0107975
0.0103736
0.0124095
0.0102661
0.0114214
0.011114
0.0106975
0.0102376
0.0119694
0.0121443
0.0115209
0.0129273
0.0111428
0.0117167
0.0107237
0.0111067
0.0117142
0.0130327
0.0127033
0.0119109
0.011039
0.0162761
0.0125218
0.0114236
0.0127849
0.0141585
0.0110614
0.0132648
0.0123765
0.0111129
0.0119499
0.0121366
0.0145925
0.0158297
0.0122473
0.0116188
0.0109444
0.0136074
0.0140161
0.0111691
0.0127219
0.0115281
0.0120371
0.0126209
0.0132156
0.0131604
0.0143064
0.0134227
0.0131308
0.0113346
0.0134441
0.0137055
0.0126439
0.0126152
0.0123331
0.0125554
0.013319
0.0126435
0.0127252
0.011335
0.0131847
0.0132869
0.0129894
0.0129103
0.0129479
0.0139897
0.0140804
0.0130126
0.014827
0.0146773
0.0133032
0.0133058
0.011526
0.01483
0.012554
0.0114305
0.0130706
0.012154
0.014766
0.0127469
0.0117702
0.0114978
0.0132358
0.0144921
0.0119577
0.0161892
0.0104151
0.0138804
0.015223
0.0136492
0.0117624
0.0141514
0.0149888
0.0132828
0.0137396
0.0117162
0.0135151
0.0127826
0.0100283
0.0117368
0.0135733
0.0130707
0.0147144
0.012344
0.0139598
0.0122347
0.0131068
0.0128584
0.0120762
0.0150447
0.0141124
0.0130686
0.0120289
0.0128187
0.0127506
0.0126733
0.0168363
0.0114275
0.0170968
0.0120586
0.0131908
0.0127977
0.0141606
0.0132806
0.0150981
0.010547
0.0125372
0.0126402
0.0124674
0.0120539
0.0119805
0.0104982
0.0112892
0.0120627
0.0107008
0.0103485
0.0123736
0.0105794
0.012188
0.0127768
0.013629
0.0112636
0.0111365
0.0165382
0.0135346
0.0110371
0.013567
0.0122429
0.0122825
0.0133616
0.0131435
0.0130377
0.0118203
0.013583
0.013331
0.0139049
0.0106114
0.0140141
0.0127076
0.0121245
0.0124528
0.0109655
0.0115304
0.0133078
0.0127145
0.0119628
0.0127802
0.0122575
0.0119787
0.012674
0.0119489
0.0108788
0.0113823
0.0137037
0.014083
0.0129068
0.0117987
0.0131484
0.0108191
0.0102092
0.0115566
0.00983489
0.014635
0.015337
0.0121778
0.0130424
0.0130539
0.0124824
0.0132681
0.0139862
0.0112669
0.012792
0.0132503
0.0146451
0.0144845
0.0145024
0.0152157
0.0116603
0.0136574
0.0157445
0.0128732
0.0106858
0.0149132
0.013137
0.0131853
0.0124403
0.0146511
0.0132564
0.0149174
0.011926
0.0128087
0.0112546
0.0121209
0.0129608
0.0115433
0.0154082
0.0142286
0.0172669
0.0161039
0.0132785
0.0118299
0.0110451
0.0140708
0.0160141
0.012817
0.0133099
0.0163375
0.0119358
0.0126936
0.0137964
0.013427
0.0131004
0.0124104
0.0132425
0.0111832
0.0114744
0.0120537
0.0126654
0.0122941
0.0119487
0.011778
0.0120976
0.0126441
0.0112558
0.0108719
0.0170654
0.0148937
0.0125736
0.0169025
0.0129565
0.0106906
0.0146443
0.0137177
0.013596
0.0131446
0.0121421
0.0162577
0.0122757
0.0155513
0.0143825
0.0117764
0.0134196
0.0112689
0.0121749
0.0101823
0.0115967
0.0108685
0.0120378
0.0120171
0.010463
0.012012
0.0116428
0.0128357
0.0118211
0.0117706
0.010907
0.0130666
0.0136092
0.0123119
0.0137078
0.0167345
0.012696
0.0125396
0.012451
0.012925
0.0112999
0.0186688
0.0112914
0.0147364
0.0182026
0.019329
0.0152076
0.0131688
0.0127775
0.0125996
0.0140565
0.0130356
0.0124555
0.0111991
0.0136874
0.0141263
0.0113497
0.0176921
0.0138166
0.0160952
0.0119857
0.013914
0.0150644
0.0145826
0.0124229
0.0142864
0.015753
0.0140923
0.0143885
0.0125946
0.0141085
0.0139552
0.0189454
0.0136351
0.014058
0.0122908
0.0127523
0.014588
0.012366
0.0146587
0.0131738
0.0128081
0.0130452
0.0143674
0.0110073
0.0107316
0.0129532
0.0119825
0.0142513
0.0136111
0.0121118
0.0137694
0.0158353
0.0120046
0.0166525
0.0142787
0.0127001
0.0141869
0.0119041
0.0157884
0.012579
0.0127786
0.0134482
0.0130252
0.0122081
0.0131154
0.0135191
0.0140309
0.0138486
0.0140418
0.0143086
0.0113524
0.0154242
0.0148883
0.0135781
0.0129744
0.0165181
0.0153585
0.0151156
0.0134233
0.0123799
0.015453
0.0138712
0.0126656
0.0107136
0.0107373
0.0144532
0.0156753
0.0133877
0.0133591
0.0138212
0.0126755
0.0157066
0.0137815
0.0120013
0.0109085
0.014392
0.0168676
0.0115897
0.015316
0.0136677
0.0126424
0.0181174
0.0124951
0.0142989
0.0147449
0.0134009
0.0111464
0.0108584
0.0124257
0.0109582
0.0129379
0.0122035
0.0121024
0.0108634
0.016557
0.0105256
0.015747
0.0157767
0.0130279
0.013911
0.0139677
0.014483
0.0128317
0.0145069
0.0129996
0.015088
0.014518
0.0132682
0.0132862
0.0125526
0.0123704
0.0123014
0.012732
0.0158639
0.0120603
0.0130705
0.0137597
0.013245
0.0120471
0.012722
0.0113545
0.0125913
0.0112078
0.0120167
0.0123569
0.0110824
0.0124347
0.00994411
0.0103135
0.0103644
0.0124222
0.0127315
0.0132491
0.012006
0.0173778
0.0131342
0.0115518
0.0124721
0.0113039
0.010906
0.0166829
0.0121643
0.0127153
0.0123156
0.0123755
0.0105146
0.0125574
0.0125923
0.0115587
0.013291
0.0125817
0.0168501
0.0136037
0.0140662
0.012866
0.0124137
0.0122942
0.0128134
0.0127423
0.0156021
0.0133404
0.0140042
0.0129909
0.0167073
0.0131273
0.0177598
0.0132353
0.0129359
0.0146186
0.0130502
0.0132268
0.0151691
0.0137095
0.0119986
0.0150399
0.0130551
0.0135135
0.01292
0.0156317
0.0153559
0.0149132
0.014809
0.0141092
0.0151871
0.0127121
0.0139195
0.0106972
0.0130935
0.0123287
0.0109948
0.0109998
0.0127172
0.013268
0.0118195
0.0116862
0.010758
0.0170456
0.0165263
0.0140724
0.0137465
0.0121476
0.0121748
0.012688
0.0120927
0.0137728
0.0147464
0.0149172
0.0123506
0.0121883
0.0118862
0.017552
0.0146018
0.015102
0.0144918
0.0113363
0.0132828
0.0140891
0.0130844
0.0121328
0.0125469
0.0135327
0.0121288
0.0127681
0.0120321
0.0111235
0.0114684
0.0119487
0.0111252
0.0132124
0.0118708
0.0129938
0.0134719
0.0112876
0.00963759
0.0147765
0.0137291
0.0149445
0.0136194
0.0130394
0.00990021
0.0139796
0.0150376
0.0130924
0.0100611
0.0134146
0.0158978
0.0128306
0.0158144
0.0141756
0.012115
0.0116687
0.0133868
0.0129964
0.0173049
0.0124391
0.0118156
0.0129115
0.0116952
0.0137048
0.0127347
0.0149374
0.0122197
0.013757
0.0134647
0.0119424
0.0141133
0.0142541
0.0155959
0.0149858
0.0137361
0.0130252
0.0152001
0.0146499
0.0134565
0.0142387
0.0147651
0.0120561
0.0124912
0.0140674
0.0145195
0.0128305
0.0108064
0.0109066
0.012082
0.0131104
0.010853
0.0105515
0.0127361
0.0128425
0.011803
0.0114953
0.0156904
0.0180458
0.0132958
0.0137572
0.0107384
0.0149226
0.0122392
0.0144434
0.0137322
0.0152612
0.0186059
0.014348
0.0152214
0.0170804
0.0105304
0.0118637
0.0113439
0.0153638
0.0126964
0.0143154
0.0114079
0.0132169
0.013405
0.0132248
0.013627
0.0143976
0.0128485
0.0156904
0.0118493
0.0133914
0.0160224
0.0123412
0.0147143
0.0131177
0.0118482
0.0109746
0.0132371
0.0115342
0.0103258
0.0118763
0.0117646
0.0107731
0.0123857
0.011821
0.0138368
0.0115855
0.013249
0.0143886
0.0185676
0.0130805
0.0123608
0.0155438
0.0144317
0.0117667
0.0125265
0.0180629
0.00961974
0.0132111
0.0126816
0.0176841
0.0105492
0.0129316
0.0145408
0.0118473
0.0143861
0.0128081
0.0138445
0.0133154
0.0177312
0.0129445
0.0138695
0.0128269
0.0146966
0.0156935
0.0129399
0.0134469
0.0134119
0.0151284
0.0110495
0.0135447
0.0110965
0.0120291
0.0143189
0.0116041
0.0143359
0.014043
0.0108384
0.0119782
0.0132519
0.0111547
0.0128766
0.0117997
0.0125523
0.0121754
0.011387
0.0111529
0.013616
0.0176466
0.0140332
0.0139651
0.0119355
0.0107809
0.0136994
0.0131863
0.0128931
0.0109181
0.0145343
0.0131776
0.0165126
0.0140267
0.0149217
0.0162044
0.0139767
0.0147026
0.012317
0.0123831
0.0124342
0.0118608
0.011391
0.011374
0.0131821
0.0105289
0.0109256
0.0114881
0.0123719
0.012799
0.0168751
0.0127313
0.00992864
0.0175019
0.0145679
0.014095
0.0119057
0.0133962
0.0142844
0.0162694
0.010899
0.0126539
0.0124034
0.0130215
0.0147211
0.0153567
0.0131297
0.0157494
0.0123469
0.0115507
0.0119795
0.0126617
0.0103734
0.0109538
0.0141378
0.0151883
0.013033
0.0159772
0.0122039
0.0112842
0.0123678
0.0127448
0.0127331
0.0194384
0.0135903
0.0142813
0.0137892
0.0150623
0.0119157
0.0125228
0.0161187
0.0104104
0.0118357
0.0136751
0.0148385
0.0120368
0.0134165
0.0121334
0.0152528
0.0130488
0.013406
0.0136535
0.0115665
0.0112488
0.0113171
0.0109225
0.0120665
0.0110858
0.010952
0.0107416
0.0126659
0.0121001
0.0123185
0.0117589
0.0111498
0.0115472
0.0111855
0.0130102
0.0143487
0.0124481
0.0112715
0.0122932
0.0111466
0.0101228
0.0128546
0.0135397
0.0124886
0.0152332
0.0129009
0.0123655
0.0102484
0.0125753
0.0111343
0.0112602
0.0115967
0.00968158
0.0104081
0.0104486
0.011197
0.0125195
0.0128397
0.0118174
0.0138088
0.0125777
0.0126867
0.0114774
0.0117544
0.0131147
0.0121016
0.0117425
0.0138996
0.011949
0.0135393
0.0154909
0.0165133
0.0139952
0.0129188
0.0135872
0.0152552
0.0120753
0.0112632
0.0149344
0.0124595
0.0145727
0.0133223
0.0128164
0.0139779
0.0142274
0.0143633
0.0146115
0.0129449
0.0121836
0.0132572
0.0139239
0.012298
0.0133592
0.0131411
0.0123602
0.0128777
0.0167033
0.0146543
0.0139026
0.013125
0.0131774
0.0147393
0.0152811
0.0134319
0.0130948
0.0137919
0.0122393
0.0151455
0.0143798
0.0109787
0.0131506
0.0112121
0.0110299
0.0140397
0.0121735
0.0106728
0.0109295
0.0107323
0.0106798
0.0139109
0.0110484
0.0117782
0.014472
0.0127609
0.0133086
0.0138006
0.0165436
0.0139707
0.00976036
0.00987981
0.00974294
0.0132924
0.0138213
0.0123443
0.0126121
0.016714
0.00946498
0.0105105
0.0114147
0.0136295
0.0125768
0.0113355
0.0116248
0.0130278
0.0116425
0.0121336
0.0149477
0.0122009
0.0130827
0.0130997
0.0122251
0.011896
0.0121601
0.0134679
0.0134303
0.0130522
0.0126715
0.0117021
0.0138203
0.0141314
0.0126202
0.0127578
0.0149997
0.0114019
0.0126448
0.0126015
0.0138117
0.0122817
0.0131972
0.0125816
0.0135076
0.0133479
0.0123882
0.0135589
0.0128189
0.0123682
0.0155061
0.0145408
0.0111905
0.0134006
0.0150435
0.0135535
0.0105627
0.0124742
0.011726
0.0111179
0.0107807
0.0122265
0.0116701
0.0110702
0.0110757
0.0106855
0.0106954
0.0120282
0.0117971
0.0123515
0.0106086
0.0112157
0.0121992
0.0121194
0.0135635
0.01509
0.0146533
0.013204
0.0146503
0.0128004
0.0155412
0.0127536
0.0158527
0.0148898
0.0116106
0.0140545
0.0146191
0.0131654
0.0132553
0.0129315
0.0101264
0.0125375
0.0126953
0.0153836
0.0122304
0.013062
0.0135412
0.0141364
0.0115046
0.0119778
0.0118587
0.0106625
0.0155605
0.0133624
0.013073
0.0120166
0.0131611
0.012078
0.0144691
0.0148942
0.0142695
0.0149952
0.0120687
0.0160443
0.0166973
0.012825
0.0128863
0.0133542
0.0118274
0.0155496
0.0113132
0.0125263
0.0123829
0.0144296
0.015644
0.0148524
0.0147005
0.0121159
0.0145217
0.0148451
0.0134275
0.0134031
0.0152302
0.0136934
0.0157539
0.00986426
0.0102577
0.011992
0.0118369
0.00992166
0.0112934
0.012265
0.0117471
0.0108455
0.0119059
0.0122033
0.010668
0.0107586
0.00995734
0.0111217
0.0126705
0.0124952
0.0137366
0.0162185
0.0135607
0.0134618
0.0127996
0.0122935
0.0143228
0.0118606
0.0153537
0.0125831
0.0146348
0.0130072
0.0132868
0.011633
0.0127317
0.0132578
0.0130179
0.0129355
0.0112254
0.0113371
0.0114295
0.0115837
0.0148358
0.0131334
0.0133675
0.016365
0.0134111
0.015191
0.0126137
0.0112373
0.0134642
0.0135509
0.0158862
0.0138891
0.0124075
0.0124045
0.0136491
0.0129015
0.0148123
0.0124452
0.0133002
0.0133742
0.0119743
0.0173723
0.0144564
0.0168776
0.0128464
0.0120753
0.0129809
0.0121907
0.0108759
0.011017
0.0108345
0.012292
0.0109424
0.0105883
0.0119279
0.0108984
0.011602
0.0130698
0.0111236
0.0100863
0.0134707
0.0121492
0.013709
0.0118567
0.0110611
0.0109685
0.0136988
0.0112887
0.0119214
0.0106601
0.0134418
0.013351
0.0104894
0.0130248
0.0123049
0.0138828
0.0157477
0.0127971
0.0155125
0.0141335
0.0128389
0.0123749
0.0137319
0.0122894
0.0120385
0.0119629
0.0132648
0.0109778
0.0128037
0.0139442
0.0141276
0.0121638
0.0157369
0.0152103
0.0133868
0.0153721
0.017
0.0140916
0.0160493
0.015303
0.0135697
0.0177755
0.014807
0.0143851
0.010343
0.0117547
0.0118595
0.0126778
0.0127035
0.0118419
0.0100466
0.0127182
0.0118003
0.0140192
0.0111394
0.0113091
0.00950184
0.0108595
0.0137661
0.0105763
0.0103878
0.0120333
0.0108971
0.0149581
0.0114294
0.0140396
0.00961122
0.0113148
0.0116886
0.0110755
0.0105588
0.0115392
0.0114184
0.0141408
0.013269
0.0122022
0.0111969
0.0109641
0.01288
0.013341
0.0123057
0.0102494
0.0130549
0.0123511
0.0133161
0.0145842
0.0151881
0.0116689
0.0132338
0.0131541
0.0100934
0.0125437
0.0134283
0.0116933
0.0154262
0.0130291
0.0143261
0.0120062
0.0143152
0.0131274
0.0170585
0.0117821
0.0114032
0.013363
0.0123878
0.0150634
0.0170243
0.0151418
0.0132069
0.0159429
0.0155357
0.0162938
0.0138371
0.0120512
0.0117335
0.0124032
0.0127091
0.0134496
0.0120298
0.0144556
0.0112858
0.0111965
0.00881658
0.013062
0.0122718
0.0109623
0.0105679
0.00987833
0.0117152
0.0116854
0.0101857
0.0111237
0.0107115
0.0113941
0.0143448
0.011772
0.0112921
0.0107121
0.0112642
0.0131601
0.011204
0.0111506
0.0142543
0.0112515
0.0118851
0.0136939
0.0111996
0.0146789
0.0131795
0.0153281
0.0102695
0.0154199
0.0123279
0.012631
0.0137903
0.0150101
0.013717
0.0109139
0.0125433
0.0157307
0.0139677
0.0182761
0.0130206
0.0135686
0.0123243
0.0138941
0.0163155
0.0135174
0.0167761
0.0161507
0.0136228
0.0123006
0.0124609
0.0120801
0.0132915
0.0146599
0.0155911
0.0143507
0.0128153
0.0129493
0.0144047
0.0109
0.0122757
0.0109586
0.00978249
0.010627
0.0111914
0.0109563
0.0105491
0.0117507
0.0107863
0.0112169
0.0107253
0.0137721
0.0116352
0.0122022
0.0107395
0.0110771
0.0129893
0.010955
0.0112239
0.010806
0.0118959
0.0132595
0.00981645
0.0108384
0.0133317
0.0118479
0.0091192
0.0112566
0.00963985
0.0119501
0.0110525
0.0119138
0.0117049
0.0105043
0.0133562
0.0109677
0.0154325
0.0124436
0.0128784
0.0120936
0.0121358
0.0112796
0.0146044
0.0129465
0.0138184
0.0139678
0.0129464
0.0146091
0.0122737
0.0130904
0.0117569
0.0167072
0.0130122
0.0167548
0.0116252
0.0138076
0.0116954
0.0129709
0.0148101
0.0146456
0.0112978
0.0109667
0.014714
0.0111484
0.0141959
0.010976
0.0128677
0.0137718
0.0128346
0.0118877
0.0110229
0.0128371
0.0132574
0.0120952
0.0116959
0.0128858
0.0105426
0.0157403
0.0107651
0.0119896
0.0153391
0.0138648
0.0126093
0.0141243
0.011294
0.011336
0.0136783
0.0116774
0.0109527
0.0145387
0.0108631
0.0134768
0.0110195
0.0120354
0.0108403
0.010611
0.0153994
0.012133
0.0124636
0.0110414
0.00894588
0.0112455
0.0106727
0.00933605
0.0123991
0.0106767
0.0131615
0.0150572
0.0143904
0.0130765
0.0149664
0.0113724
0.0152718
0.0106717
0.0146081
0.0139857
0.0116196
0.0113737
0.0136616
0.011376
0.0110395
0.0127956
0.0118487
0.0108698
0.0122267
0.0132919
0.0128704
0.0123028
0.013539
0.0155906
0.0134995
0.0124021
0.0118898
0.0156102
0.0172743
0.0126296
0.013259
0.0124472
0.0119847
0.0134443
0.0135314
0.0114898
0.0160252
0.0141345
0.0133887
0.0110033
0.0139278
0.014467
0.0129416
0.0126156
0.012247
0.0106503
0.0139414
0.0127137
0.0124417
0.0125898
0.0119805
0.0123577
0.0102172
0.0110183
0.0151261
0.0148308
0.0122695
0.0148714
0.012222
0.0113981
0.0109626
0.0130055
0.0141762
0.011139
0.0146336
0.0111606
0.0153018
0.013471
0.0110109
0.0146357
0.0119536
0.0117211
0.0116058
0.0135557
0.0124971
0.013618
0.0102624
0.0134265
0.0104341
0.01125
0.0122233
0.012298
0.0118071
0.0124507
0.0126285
0.0116313
0.0135782
0.0145443
0.012296
0.011224
0.0128613
0.0148631
0.0145298
0.0110382
0.012949
0.0119832
0.0136597
0.0172833
0.0126554
0.010718
0.0137683
0.0126838
0.0116579
0.010431
0.0140876
0.0117218
0.0112076
0.0117033
0.012992
0.0138316
0.0125937
0.0123686
0.0182569
0.0130354
0.0124389
0.0118068
0.0120497
0.0163626
0.0141685
0.0117275
0.0104242
0.0121024
0.0154072
0.0129238
0.0122485
0.0123857
0.0149888
0.0116304
0.0131396
0.0130968
0.0142038
0.0144849
0.013469
0.0131444
0.01311
0.0124525
0.0101874
0.0140548
0.0123487
0.0129597
0.0115635
0.0101129
0.0118755
0.0136875
0.0108088
0.0107664
0.0123171
0.0134932
0.0141878
0.0164932
0.0170262
0.0157202
0.012793
0.0135003
0.0134931
0.0125205
0.0136374
0.0160006
0.0115894
0.0128005
0.0132151
0.0117835
0.0142449
0.0119908
0.0133921
0.0125815
0.0117584
0.0112407
0.0110042
0.0128939
0.0129465
0.0106719
0.0111006
0.0106982
0.0115721
0.0109518
0.0107664
0.0145829
0.0109836
0.0104754
0.0126352
0.0114672
0.0128224
0.0129132
0.016478
0.0107669
0.0146287
0.0129388
0.018062
0.0130435
0.0119623
0.0128424
0.0117613
0.0133905
0.0131805
0.0178515
0.0147024
0.0126448
0.0124883
0.0126545
0.0132705
0.0146065
0.0122691
0.0165386
0.0136547
0.0115876
0.0138062
0.0183983
0.0114063
0.0126917
0.0136638
0.0150892
0.0112468
0.0133928
0.0110105
0.0127076
0.014061
0.0135631
0.0138014
0.0146983
0.0122627
0.0109775
0.0113462
0.0115842
0.0122541
0.0155632
0.0136889
0.0117368
0.0147257
0.00988271
0.0116262
0.015723
0.0137131
0.0119689
0.0123118
0.0136563
0.0143964
0.0170076
0.0150925
0.0150606
0.0127013
0.0126397
0.0129643
0.0159996
0.0143921
0.011756
0.0166249
0.0129597
0.0119076
0.0109641
0.0130973
0.012336
0.0137059
0.0110623
0.0113099
0.0107422
0.0109458
0.0147271
0.0116441
0.0151895
0.0131355
0.0150392
0.0146729
0.0124774
0.0111059
0.0117099
0.0141388
0.0112872
0.0130302
0.0140591
0.0146655
0.0115419
0.0118941
0.0123476
0.0127369
0.0126661
0.012061
0.0118285
0.0149524
0.0124436
0.0126206
0.0117737
0.0123981
0.0123046
0.0123151
0.0130168
0.014413
0.0109896
0.0126143
0.0119347
0.0158047
0.0114875
0.0110344
0.0142855
0.0155116
0.0107375
0.0168402
0.0117082
0.0145081
0.0100594
0.0128388
0.0117486
0.0116208
0.0175887
0.0130065
0.0149569
0.0168982
0.014476
0.0126937
0.0135312
0.0109734
0.0129774
0.0118399
0.0152576
0.0147834
0.0149376
0.0124002
0.0111151
0.0133046
0.011832
0.0191177
0.0123383
0.0136875
0.0151473
0.0135448
0.0154637
0.0110377
0.0161741
0.01225
0.0125679
0.0134962
0.0158253
0.0126477
0.0116648
0.0114988
0.0134755
0.0136825
0.0159734
0.012386
0.0148028
0.0134797
0.0118264
0.0109042
0.0116074
0.013938
0.0122321
0.0106785
0.0121884
0.0131694
0.0140984
0.0132616
0.0117784
0.0166567
0.0122948
0.0138959
0.0154947
0.012052
0.011517
0.0145525
0.0137479
0.0130162
0.0132286
0.0111473
0.0151973
0.0121093
0.0129206
0.0116969
0.0120536
0.0127568
0.0110204
0.0116266
0.0162984
0.0139369
0.0116099
0.0116572
0.0130247
0.0128029
0.0134118
0.0135299
0.0106023
0.0144762
0.0115962
0.0131788
0.0183973
0.0122135
0.0124355
0.0153726
0.0115433
0.0117642
0.0125808
0.0146334
0.0121273
0.0125437
0.0149133
0.0176171
0.0143845
0.0138536
0.0147465
0.013542
0.0144296
0.0130923
0.0126393
0.0126349
0.015806
0.0128565
0.0131884
0.0139939
0.0120999
0.0136166
0.010595
0.011821
0.0122468
0.010277
0.0105506
0.0117006
0.0128686
0.0124107
0.00992728
0.0128955
0.0128701
0.0127548
0.0102124
0.0107284
0.0112734
0.0146672
0.0164818
0.0127145
0.0125933
0.0130138
0.0141631
0.0124149
0.0108894
0.0119663
0.0110952
0.0136975
0.0132523
0.011048
0.0116371
0.0144418
0.0123486
0.0132173
0.0121149
0.012922
0.0121006
0.0117202
0.0122953
0.0129864
0.0115017
0.0121284
0.0121153
0.012407
0.0131244
0.0133381
0.0101225
0.0140239
0.0118964
0.0164852
0.0139031
0.0111347
0.0119594
0.0104136
0.0113026
0.0123046
0.0161006
0.0133622
0.0140903
0.0115816
0.0112036
0.0107923
0.0123219
0.011441
0.0122107
0.00933345
0.0128795
0.0184887
0.0126851
0.0130356
0.0148692
0.0160073
0.0121196
0.0110118
0.0168564
0.0151981
0.0132443
0.0132634
0.0143606
0.0117017
0.0129935
0.0142665
0.0131731
0.015161
0.0165467
0.0138019
0.0150305
0.0124276
0.0135801
0.0118095
0.0127941
0.0191573
0.0104428
0.0110445
0.0111726
0.0121964
0.0120388
0.0126933
0.0128663
0.0115155
0.0117882
0.0104435
0.0116951
0.0118083
0.0120874
0.012236
0.0112803
0.0126714
0.0114693
0.0125824
0.0119335
0.0100197
0.0105848
0.0112301
0.0117605
0.0149716
0.0108051
0.0130071
0.0106638
0.0110118
0.0110443
0.0122814
0.0115869
0.0133371
0.0113213
0.0162541
0.0183695
0.0136983
0.0116744
0.0143368
0.0144824
0.0121729
0.0109327
0.0148965
0.0124507
0.0131965
0.0133168
0.014271
0.0135213
0.0109694
0.0116579
0.0127772
0.0117634
0.0123125
0.0132502
0.0106875
0.0116347
0.0128688
0.0129757
0.0144284
0.0129049
0.0144038
0.0116001
0.0135467
0.0127144
0.0133896
0.013286
0.0120283
0.0126372
0.0102317
0.0102677
0.0140656
0.0136151
0.011804
0.0115333
0.0124965
0.012272
0.0118711
0.0114726
0.0143223
0.0139884
0.0163276
0.0120299
0.0121914
0.0115176
0.0155013
0.0143816
0.012384
0.0153782
0.0114599
0.0109061
0.0131605
0.01852
0.0150462
0.0144819
0.0151333
0.0142456
0.0134676
0.0126935
0.0152064
0.0150792
0.0113748
0.0133277
0.0166048
0.0132387
0.0128569
0.0138433
0.0115802
0.0136456
0.0159295
0.0137592
0.0154834
0.0112725
0.0133839
0.0143152
0.0118556
0.0113568
0.0133026
0.0174163
0.0133384
0.0120545
0.0158844
0.0127611
0.011986
0.0135146
0.0141742
0.0121228
0.0130301
0.0162779
0.0107926
0.0142712
0.0136774
0.0137038
0.0126401
0.0130665
0.014306
0.0159383
0.012182
0.0118072
0.0109282
0.0127528
0.0132928
0.0111633
0.00995125
0.0125002
0.0119697
0.0129601
0.0123036
0.0122473
0.0128417
0.0162973
0.012032
0.0119
0.00925215
0.0119498
0.0109162
0.0110412
0.0123511
0.0111236
0.0129147
0.0132982
0.0135646
0.0118619
0.0105171
0.0115269
0.013814
0.0165471
0.0104037
0.0130635
0.0141181
0.0129477
0.0126712
0.0117924
0.0154827
0.0126647
0.0147097
0.0122609
0.0118795
0.012415
0.0179816
0.0120623
0.0126569
0.0127213
0.0114676
0.0138138
0.0149571
0.0122441
0.0122471
0.0141107
0.0150237
0.0140378
0.0129866
0.0129627
0.0131457
0.0134848
0.0126943
0.0150663
0.0125951
0.0130379
0.0128338
0.0125884
0.0119561
0.0128784
0.0114169
0.0119996
0.0138455
0.0136145
0.010465
0.0135907
0.0123534
0.014012
0.0137499
0.0113483
0.0130056
0.0114524
0.0133713
0.0123915
0.0146131
0.0118246
0.0122933
0.0131246
0.015017
0.0134156
0.0124998
0.011468
0.011302
0.0136407
0.0132204
0.0109054
0.0129007
0.0120061
0.0130162
0.0127214
0.0119717
0.0126906
0.0131298
0.0113328
0.0114422
0.0134904
0.0113033
0.0117931
0.012573
0.012961
0.010333
0.0124926
0.0172323
0.0156653
0.0136491
0.0117865
0.0112609
0.0105652
0.0108804
0.0119567
0.0125849
0.0138086
0.0117677
0.0129669
0.0114965
0.0121317
0.0119224
0.0129983
0.0127342
0.0115452
0.0145086
0.0113057
0.0131833
0.0171065
0.0156217
0.0154224
0.0127138
0.012477
0.0119918
0.0128806
0.00966051
0.0112326
0.0132014
0.0128262
0.0149809
0.0138435
0.0155908
0.0154697
0.0141097
0.011975
0.012623
0.0117145
0.0122375
0.0115691
0.0146777
0.0148323
0.0142201
0.0122728
0.011911
0.0133499
0.0131233
0.0149503
0.0107793
0.0117784
0.0117714
0.0111975
0.0126569
0.0142508
0.0140528
0.0106058
0.0103369
0.011589
0.0128786
0.0122211
0.0113056
0.0112065
0.0155274
0.0117182
0.0108601
0.0144421
0.0112712
0.0125051
0.0149778
0.0130193
0.0126553
0.011319
0.0156253
0.0149043
0.0125735
0.0115404
0.0141681
0.0132735
0.0122422
0.0115258
0.012204
0.0121074
0.0120649
0.0116178
0.0156935
0.0126642
0.0113936
0.0114992
0.012347
0.0113798
0.0121963
0.00964991
0.00999758
0.0102804
0.0112903
0.0121142
0.014496
0.0124893
0.0137413
0.0133146
0.0119981
0.0115014
0.013446
0.0129297
0.0123805
0.0129201
0.0150583
0.0133543
0.00973165
0.0128648
0.0167728
0.0114771
0.0158226
0.01089
0.0122509
0.0132977
0.0163136
0.0116222
0.0130545
0.0120787
0.0126718
0.0113669
0.0106522
0.0137272
0.0136925
0.0129358
0.0111683
0.0131354
0.0122967
0.0149762
0.0154056
0.0128444
0.0115739
0.0126522
0.0145371
0.0139379
0.013213
0.0120981
0.0125329
0.015612
0.012014
0.0118486
0.0129049
0.013509
0.0146462
0.0115911
0.012431
0.0137881
0.0112128
0.012485
0.0119159
0.0112236
0.0124341
0.0136514
0.0134217
0.0126572
0.012699
0.0119702
0.0126987
0.0129055
0.0135639
0.011969
0.0126547
0.0121448
0.0133079
0.0136457
0.0133781
0.0122724
0.0110957
0.0106302
0.012542
0.0149178
0.0124707
0.0125672
0.0137369
0.0123609
0.0137631
0.0132738
0.0133298
0.0133085
0.0119836
0.0112124
0.0130294
0.0114418
0.0135018
0.0116954
0.0121123
0.0101018
0.00958017
0.012805
0.0107788
0.0121464
0.0120247
0.0130649
0.0126956
0.0117391
0.0114588
0.0118221
0.013548
0.0110175
0.0121285
0.0111944
0.0141298
0.011213
0.0125299
0.0128175
0.0123979
0.0123949
0.0111294
0.0142086
0.0130835
0.0124141
0.0127588
0.0108628
0.0156757
0.0151188
0.0141993
0.0158073
0.011689
0.01477
0.0119396
0.0136624
0.0145967
0.0150245
0.0101117
0.0143585
0.0166853
0.0126579
0.0120754
0.0135071
0.0111159
0.0129821
0.0127897
0.0108489
0.0118531
0.0125737
0.0141935
0.0115341
0.0124356
0.0151236
0.0133174
0.0120451
0.0104442
0.0152894
0.012342
0.0111135
0.0146675
0.0162202
0.0126015
0.0158007
0.017902
0.0127059
0.0110057
0.0119952
0.0125752
0.0113537
0.0121236
0.0123116
0.0110469
0.012482
0.0110697
0.0116353
0.0137413
0.0115469
0.0117601
0.0117485
0.0118818
0.0116518
0.0128527
0.0158935
0.0137557
0.0127876
0.0136422
0.0126598
0.0146358
0.010426
0.0125844
0.013487
0.0145944
0.0142392
0.0133131
0.0131399
0.0141179
0.0178619
0.0122559
0.0119683
0.0143439
0.0157131
0.0139413
0.0101135
0.01576
0.0134833
0.0124431
0.0131313
0.0113961
0.0119434
0.0133691
0.0119717
0.0119269
0.0108891
0.0118254
0.0130491
0.0147299
0.0111954
0.0122932
0.0190695
0.0117928
0.0110851
0.0136481
0.0118007
0.0137485
0.0111593
0.0117512
0.0136464
0.0127698
0.0119393
0.0145227
0.0128456
0.0139222
0.014747
0.0109208
0.0124798
0.0148135
0.0120569
0.0116872
0.0115501
0.0135132
0.012732
0.0135021
0.0142514
0.0122851
0.013506
0.0119975
0.0150575
0.0155773
0.0094858
0.0138111
0.0128047
0.0164598
0.0108615
0.0126945
0.0115724
0.0125076
0.0121638
0.0112839
0.0122449
0.0157482
0.0153778
0.0118521
0.0138913
0.0120997
0.0188616
0.0131783
0.0119123
0.0173753
0.00958456
0.0124785
0.0116357
0.0146724
0.0179105
0.0146727
0.0143383
0.01396
0.0112106
0.0161941
0.0133762
0.0145713
0.0117253
0.0127792
0.0152137
0.0132697
0.0176228
0.0147208
0.0141039
0.0141424
0.0136842
0.0117933
0.0113235
0.0102532
0.0109915
0.0115739
0.0126852
0.0135208
0.0139641
0.0130461
0.0119769
0.0121269
0.0163396
0.0114409
0.0132558
0.0107741
0.0104496
0.0121762
0.0125913
0.011573
0.0123513
0.013106
0.0127745
0.0159719
0.0132985
0.0132888
0.0114285
0.0109764
0.0149506
0.0154765
0.0144274
0.0125216
0.0153214
0.0127277
0.0139748
0.0138634
0.0159757
0.0168084
0.0168542
0.0137214
0.0135216
0.0170003
0.0153671
0.0109142
0.0128485
0.0113409
0.0118759
0.0163873
0.0146282
0.0142075
0.0121927
0.0135723
0.0128977
0.0117688
0.0141717
0.0186326
0.0185709
0.0156964
0.0152213
0.0158524
0.0126026
0.0140054
0.0112107
0.0104041
0.0132492
0.0153688
0.0108694
0.0127105
0.0133818
0.0101789
0.0128514
0.0136632
0.0111898
0.0160573
0.0155784
0.0112168
0.0132435
0.0145362
0.0128126
0.0137854
0.0152702
0.0140002
0.013312
0.0113305
0.0155068
0.0113582
0.0118831
0.014326
0.0117162
0.0121363
0.0116989
0.0114344
0.0121275
0.0121066
0.0123053
0.0134338
0.0152231
0.0122737
0.0125298
0.0126386
0.0130987
0.0152907
0.0115087
0.011679
0.0121634
0.0101919
0.0162819
0.012478
0.0149096
0.0145613
0.0125894
0.0139247
0.011998
0.0154781
0.0115886
0.0121052
0.0113213
0.0126691
0.0108864
0.0162662
0.0129691
0.0145089
0.0124877
0.0162454
0.0142534
0.0130756
0.0145164
0.0125755
0.0116995
0.0136259
0.0131042
0.0128707
0.0131815
0.0137684
0.013714
0.0133069
0.0114122
0.010995
0.0156964
0.0126651
0.0132787
0.0104458
0.0136513
0.0148647
0.0120883
0.0116927
0.0115944
0.0140815
0.0147502
0.0117355
0.0137742
0.00996894
0.0133206
0.0141912
0.0190907
0.0119242
0.0153543
0.0120542
0.0117989
0.0119189
0.0102418
0.0117028
0.0131352
0.0126919
0.0133642
0.0120434
0.0120407
0.0162057
0.0127191
0.0123195
0.0116557
0.0122978
0.0119202
0.0117702
0.0149083
0.0145046
0.0126316
0.0114557
0.0111924
0.0113332
0.0132955
0.0127275
0.0123078
0.0119324
0.0154369
0.0152937
0.0128476
0.0136485
0.0116218
0.0166821
0.0123807
0.0123638
0.011814
0.0104401
0.012635
0.011866
0.0128733
0.0150255
0.0132958
0.0134204
0.0123278
0.0129071
0.0124885
0.0154269
0.0104336
0.0143968
0.0151214
0.0132514
0.0117991
0.0127175
0.0129288
0.0171503
0.0114782
0.0133713
0.0114241
0.0131696
0.0120552
0.0108192
0.0159668
0.0124514
0.0188878
0.0118928
0.0153031
0.0165214
0.0118856
0.0119331
0.0125889
0.0151475
0.0112391
0.011549
0.0140399
0.0117759
0.0103572
0.0151366
0.0129398
0.0123534
0.0144064
0.012328
0.0119884
0.0119846
0.0113308
0.00993125
0.0152093
0.0139605
0.0133824
0.0122746
0.0109475
0.0110538
0.0135867
0.0131534
0.0116607
0.01038
0.0117508
0.0100413
0.0153563
0.0123506
0.0138478
0.0112727
0.0129296
0.0123556
0.0111974
0.0135797
0.0119984
0.0158313
0.011057
0.013412
0.0121071
0.012586
0.0143932
0.0159592
0.0127158
0.0120893
0.0123689
0.0154464
0.0109768
0.0137689
0.0140072
0.0136521
0.0103624
0.0116479
0.0104028
0.0144692
0.0126404
0.0138277
0.0129563
0.0102924
0.0125697
0.014694
0.0164989
0.0148198
0.0122696
0.0141897
0.0143705
0.0148701
0.0129276
0.0186817
0.0136611
0.0117039
0.0129948
0.0107457
0.0159837
0.0164836
0.0130507
0.0159405
0.0120492
0.0142316
0.0154858
0.0133757
0.0157134
0.0144538
0.0118337
0.0121112
0.010843
0.0114696
0.0117688
0.0130959
0.0104909
0.0120277
0.0137583
0.0131396
0.0130302
0.0160728
0.0132453
0.012745
0.0117074
0.0111631
0.0118234
0.0119068
0.0134479
0.0116792
0.0108483
0.0160424
0.0118713
0.0106686
0.0111964
0.01298
0.0118391
0.0158276
0.0149872
0.0119764
0.0139835
0.0130434
0.0137012
0.0133579
0.00993308
0.0122365
0.00979819
0.0144197
0.0129133
0.0128139
0.0145239
0.0144915
0.0115587
0.0123489
0.0134057
0.0130093
0.0117205
0.01624
0.0126855
0.0127516
0.0158801
0.0115939
0.0141375
0.0163004
0.0124465
0.0140368
0.0118981
0.0118773
0.0127216
0.0130034
0.0153756
0.0158357
0.0136384
0.0121488
0.0127307
0.0153867
0.0126506
0.0152828
0.0135253
0.0118561
0.0139778
0.011903
0.0117647
0.011665
0.0112427
0.0122739
0.0116963
0.0113006
0.0123066
0.0118214
0.0138032
0.0111401
0.0110262
0.0116151
0.0117973
0.00972953
0.0111948
0.0146355
0.0126663
0.0166895
0.0117327
0.0116562
0.0143461
0.0100655
0.0130272
0.0114263
0.0117999
0.0125315
0.0147841
0.0141694
0.0150528
0.0129621
0.0158253
0.0120299
0.0128102
0.0155792
0.0110696
0.0123906
0.0129213
0.0154944
0.0119107
0.014305
0.011195
0.0128865
0.0121685
0.0136004
0.0141374
0.0135797
0.0119262
0.0105778
0.012262
0.0117493
0.0140834
0.0143794
0.0156095
0.0113882
0.0120422
0.013493
0.0141255
0.0143999
0.0137471
0.0122916
0.0112645
0.0136569
0.0134284
0.017336
0.012271
0.0150069
0.0175479
0.0118782
0.0112824
0.0142077
0.0124904
0.0114302
0.0124015
0.0117659
0.0115964
0.0124952
0.0121522
0.0112602
0.0126041
0.0125421
0.0108524
0.0116584
0.0120495
0.0114874
0.0120294
0.0126951
0.0135812
0.0143426
0.0114451
0.0187582
0.0131237
0.0127943
0.0134623
0.0118667
0.0119999
0.0142266
0.0155943
0.0129057
0.0130063
0.0128444
0.0153764
0.0126684
0.0132227
0.0109901
0.0139908
0.0143813
0.0130637
0.0140592
0.0126798
0.0139339
0.0123314
0.0140222
0.014958
0.0114126
0.0142411
0.0149198
0.0124905
0.0122023
0.0166617
0.014078
0.0116752
0.0134566
0.01305
0.0132162
0.0167252
0.0166468
0.012999
0.0181518
0.0156604
0.0207344
0.0111806
0.0145275
0.0135901
0.0121735
0.0113388
0.0120137
0.0117644
0.012429
0.0121344
0.0127217
0.0147383
0.012709
0.014548
0.016078
0.0146006
0.0122891
0.0122558
0.011582
0.0135906
0.0112096
0.0110937
0.012686
0.0138211
0.0135645
0.0165846
0.0150906
0.0136154
0.0149375
0.013507
0.0172555
0.0125612
0.0140263
0.0162766
0.0136983
0.0121752
0.0135984
0.0126308
0.0128277
0.0113073
0.0129058
0.0111937
0.0131509
0.0116904
0.0133097
0.011171
0.0134894
0.0114335
0.0171715
0.0155883
0.0121084
0.014127
0.0166148
0.0157056
0.0146155
0.0154336
0.0128267
0.0145434
0.012798
0.0132014
0.0152908
0.0132559
0.0115959
0.0162392
0.0142907
0.0121623
0.0147562
0.0135202
0.010888
0.0153097
0.0110611
0.0122454
0.0138108
0.0124414
0.0125471
0.012315
0.0124142
0.0117769
0.0152968
0.0144271
0.0131584
0.0125738
0.0123213
0.0113406
0.0151595
0.014866
0.0123615
0.0116731
0.0178777
0.0139013
0.0139334
0.0125172
0.0137396
0.0139507
0.0131929
0.0127357
0.0128971
0.0116473
0.0146536
0.0144816
0.0115293
0.0140116
0.0141345
0.0141257
0.013645
0.0166343
0.0144713
0.0132867
0.0118988
0.0136557
0.0163997
0.0122508
0.0129819
0.013303
0.013604
0.0148697
0.015976
0.0133545
0.0138382
0.0130961
0.0116148
0.0111471
0.0136795
0.0118716
0.0118149
0.0131649
0.0121551
0.0121894
0.0143066
0.0133191
0.0109563
0.0101374
0.0132106
0.0136392
0.0138458
0.0134285
0.0133184
0.011247
0.0137256
0.0132447
0.015135
0.0123207
0.0122421
0.0117202
0.014448
0.0138254
0.0194894
0.0128504
0.013102
0.0113146
0.0123877
0.0126815
0.0105294
0.0121185
0.01414
0.0124999
0.0129115
0.014246
0.018019
0.0149702
0.0148617
0.0145667
0.0126302
0.0157868
0.0146037
0.014205
0.0121284
0.012578
0.0144284
0.0124308
0.0123265
0.0117414
0.0132474
0.0124317
0.0155183
0.014319
0.0131478
0.0128896
0.0124206
0.0148817
0.0131335
0.0121415
0.0107064
0.0125048
0.0117898
0.0101856
0.0162925
0.012148
0.0113802
0.0135095
0.0121248
0.0129
0.0139898
0.0116817
0.0133843
0.0122361
0.0132543
0.0116857
0.015999
0.0112167
0.008962
0.0146004
0.011138
0.0169419
0.0137639
0.0117704
0.021083
0.00949189
0.0115859
0.0152836
0.0154247
0.0133774
0.0129473
0.0142469
0.011674
0.0113789
0.0138922
0.0140569
0.0171516
0.0116064
0.0117911
0.0154651
0.0113762
0.0141223
0.0142119
0.0123689
0.011381
0.0147152
0.0132315
0.0127005
0.0133681
0.0109454
0.0147542
0.0118432
0.0124098
0.0141364
0.012909
0.0128739
0.0143102
0.0110953
0.0132683
0.0141437
0.0107293
0.0133316
0.0146733
0.0108941
0.0114808
0.0151008
0.0134277
0.012967
0.0126803
0.0128661
0.0126362
0.0121893
0.0125797
0.0125398
0.018684
0.0146926
0.0121431
0.0123432
0.0144255
0.0152409
0.0118375
0.0142921
0.0104264
0.00936312
0.0118686
0.0147356
0.0132758
0.012787
0.0101667
0.0102363
0.0141666
0.0132852
0.0112655
0.0133087
0.0155451
0.0171854
0.0131713
0.0157715
0.0171028
0.0111231
0.0110741
0.0113759
0.012566
0.0125182
0.0124498
0.0114512
0.0116212
0.0109366
0.0146612
0.0117158
0.0134247
0.0122611
0.0185516
0.0132905
0.0131961
0.0121321
0.0167445
0.0123033
0.012598
0.0116852
0.0145336
0.0141277
0.0141014
0.0106786
0.0158364
0.0114899
0.00894755
0.0117602
0.0115046
0.0116045
0.0131252
0.0113626
0.013343
0.0114073
0.0117495
0.0143282
0.0160233
0.0109119
0.0138116
0.0126084
0.0117988
0.0121451
0.013412
0.015748
0.0163012
0.0133598
0.0136753
0.0115305
0.0158949
0.0102736
0.0102167
0.015367
0.0149979
0.0131416
0.0142499
0.011781
0.0183147
0.0128562
0.0132954
0.0120764
0.0122511
0.0121417
0.0120547
0.0174635
0.0128713
0.014472
0.0126646
0.0150136
0.0157537
0.0196135
0.0117987
0.0117497
0.0129086
0.0124786
0.0149999
0.0144845
0.0146017
0.0134899
0.0111234
0.0163796
0.0158144
0.0131785
0.0121734
0.0172615
0.0145189
0.0148656
0.0119256
0.0119769
0.0133981
0.0124385
0.0115325
0.0136456
0.0113318
0.0169572
0.0142914
0.0153481
0.014104
0.0137531
0.0136859
0.0133202
0.0127222
0.0124045
0.0139388
0.0170486
0.0124844
0.0151525
0.0115021
0.0115636
0.0123015
0.0163266
0.0162266
0.0122209
0.0131413
0.0129586
0.0131065
0.0160858
0.015778
0.0148609
0.0110172
0.0112599
0.0130164
0.0117472
0.0109434
0.0136467
0.0164694
0.0193767
0.0130503
0.0138167
0.0132311
0.0112912
0.0121398
0.0147236
0.0154196
0.0128461
0.0132492
0.0121948
0.0135756
0.0181172
0.012786
0.0145046
0.0122185
0.0121412
0.01261
0.0136328
0.0131314
0.0161053
0.0146869
0.0129692
0.0131928
0.014126
0.0179016
0.013858
0.0154998
0.0138386
0.0133552
0.0138922
0.0128398
0.0113272
0.0161945
0.0142562
0.0152572
0.0118088
0.0146569
0.0141144
0.0163456
0.0128384
0.0127506
0.0144151
0.0131199
0.0149262
0.0133231
0.0119909
0.0162466
0.0144856
0.0141068
0.0137503
0.0125944
0.0136272
0.0117965
0.0131778
0.0187849
0.0114735
0.0128382
0.0133137
0.0140347
0.0157753
0.0160991
0.0159714
0.0108593
0.0133713
0.0161551
0.0152401
0.0157116
0.0139683
0.0189476
0.0142318
0.0133909
0.0109236
0.0127613
0.0157262
0.0130152
0.0128759
0.0132256
0.0167656
0.012435
0.01259
0.01265
0.0122373
0.0127679
0.0124798
0.0118915
0.0132567
0.0134228
0.0177038
0.0119936
0.014674
0.0130458
0.0155467
0.0171321
0.0150601
0.019658
0.0172445
0.0128974
0.0151679
0.013595
0.0137909
0.0137618
0.0134211
0.0120284
0.0114789
0.0165357
0.0131505
0.0164047
0.0154897
0.0129626
0.0123489
0.0156222
0.012578
0.0150141
0.0123518
0.0126764
0.0173114
0.011759
0.0135336
0.0126857
0.012651
0.0140517
0.0152413
0.0157148
0.0151862
0.0123829
0.0139197
0.0134297
0.0128697
0.0127873
0.0138811
0.0186384
0.0150934
0.0162118
0.0169987
0.0148837
0.0128873
0.0149477
0.0178889
0.0161298
0.0158731
0.013967
0.0143433
0.0177465
0.0136953
0.0157889
0.0141425
0.0173934
0.0121341
0.0120353
0.0179829
0.0136411
0.0132265
0.0157932
0.0121711
0.0142978
0.0170595
0.0149142
0.0176926
0.0162092
0.0120406
0.0165325
0.0138464
0.0136218
0.0139572
0.0174918
0.0169318
0.0159407
0.0187895
0.0125656
0.0155485
0.012813
0.0156973
0.0150559
0.0154361
0.0152333
0.0151091
0.0143162
0.0211608
0.0129782
0.0152648
0.0134026
0.0152248
0.0125528
0.0112566
0.012692
0.0193481
0.0139487
0.0124727
0.0154549
0.0173677
0.0143586
0.0110435
0.0153137
0.0108893
0.010644
0.0150441
0.0134426
0.0128803
0.011423
0.0139574
0.0131183
0.0151494
0.0112786
0.0151011
0.0166168
