0.0102483
0.010797
0.0114472
0.0126099
0.0103557
0.0110793
0.00846202
0.0106862
0.0128486
0.0112864
0.0115463
0.0103311
0.0128136
0.0079594
0.0079776
0.0102991
0.00909366
0.0104518
0.0124662
0.0101132
0.0102081
0.0108164
0.0108456
0.0106615
0.011448
0.0150835
0.0123757
0.00997844
0.0122055
0.00851686
0.0101229
0.0105075
0.0125835
0.0108502
0.0117104
0.0113204
0.0107153
0.0112316
0.0116379
0.00854102
0.00676118
0.0111004
0.0113086
0.0123916
0.00674192
0.0110405
0.0108952
0.00970906
0.0114862
0.0109012
0.0106004
0.0113992
0.00834384
0.0108918
0.0120252
0.0108466
0.0122552
0.0135407
0.00680129
0.00853289
0.0100971
0.0110865
0.0123055
0.0111475
0.0102397
0.0110477
0.0106225
0.0115404
0.0103937
0.011806
0.0110164
0.0104701
0.0119215
0.0132356
0.0114489
0.0083393
0.0122164
0.0113402
0.0118565
0.00819864
0.0116755
0.00964453
0.00835034
0.0106716
0.0105567
0.0105363
0.0081595
0.0109793
0.0116494
0.0111913
0.0116273
0.00839902
0.0129752
0.00797741
0.0103366
0.00942588
0.0108964
0.0086126
0.0111938
0.011922
0.00812314
0.0130039
0.0112828
0.00860083
0.0107681
0.0105237
0.00835686
0.0113826
0.0102454
0.0114444
0.0109367
0.0124108
0.0114191
0.0102666
0.00909287
0.0139755
0.0143019
0.0100202
0.0118709
0.0142047
0.00983411
0.0050869
0.0107977
0.0121373
0.00997861
0.0120001
0.00838903
0.0108856
0.0103108
0.00883621
0.0145328
0.00832995
0.0125461
0.0124279
0.0128977
0.013498
0.0114865
0.00978952
0.0108866
0.0112716
0.0115238
0.00995735
0.00607774
0.0110417
0.0106918
0.0116344
0.0114906
0.00933641
0.0109461
0.0119817
0.00828242
0.01101
0.013213
0.00830943
0.00871648
0.00939002
0.0101403
0.0128244
0.00992172
0.00997799
0.0113543
0.00852553
0.00965384
0.0104465
0.0104811
0.0119575
0.0102816
0.0087362
0.0106643
0.0129227
0.00616951
0.0107848
0.0141658
0.0101916
0.0104268
0.0105321
0.00901944
0.0118442
0.0112807
0.0114997
0.0141524
0.00957635
0.0133964
0.0132913
0.0116496
0.0100575
0.00879005
0.0110069
0.0108362
0.00979133
0.0106469
0.00736618
0.0105412
0.0154069
0.00950637
0.0134103
0.0114814
0.0101406
0.0103908
0.0132585
0.00833211
0.00847637
0.00976989
0.0100528
0.0157596
0.0127992
0.01084
0.0124991
0.0115898
0.0110411
0.0152062
0.00952002
0.0110338
0.00819867
0.0113305
0.0109196
0.00819196
0.0112359
0.0105699
0.00832136
0.0123983
0.0112717
0.00865001
0.00830398
0.00793873
0.00813984
0.0111834
0.0113091
0.0111033
0.00797424
0.0128985
0.0107403
0.0137813
0.0110162
0.0117305
0.010214
0.014539
0.0104341
0.00793491
0.00780491
0.0108944
0.0134642
0.0107873
0.00946177
0.0122409
0.0165093
0.0106563
0.0123323
0.0131768
0.0105287
0.00840317
0.00977932
0.00851213
0.0116124
0.0108602
0.0101416
0.0130561
0.0105745
0.0130498
0.0120228
0.00845092
0.0116569
0.0126269
0.0145092
0.0120712
0.0111001
0.0110743
0.00807387
0.0124941
0.00832272
0.0106733
0.0113234
0.0101373
0.0122861
0.0106596
0.0105511
0.0108805
0.0108377
0.0104303
0.00770374
0.00806737
0.011002
0.0113344
0.0115433
0.0117734
0.0130189
0.00957332
0.0114748
0.00935917
0.0104402
0.0135614
0.0100345
0.0107471
0.0113577
0.0144915
0.00781574
0.00763455
0.0118508
0.0127621
0.0108839
0.01043
0.00813107
0.01001
0.0126609
0.0103396
0.0145006
0.00989178
0.00945533
0.0136286
0.0113874
0.0109671
0.0105648
0.0108212
0.0124284
0.0112697
0.0121771
0.0110612
0.00967629
0.0151448
0.0083553
0.00781923
0.0113295
0.00899663
0.0106578
0.0130831
0.0101119
0.0104646
0.011666
0.0107422
0.0128122
0.0108675
0.0111034
0.0107576
0.00835023
0.0099647
0.0110831
0.0127779
0.00752252
0.0101567
0.0125439
0.0121329
0.00806445
0.0127883
0.00989046
0.0128481
0.0124731
0.00822474
0.0106307
0.0126338
0.0109708
0.00854992
0.0086315
0.0151444
0.013919
0.0140027
0.0156806
0.0130613
0.0120802
0.00903529
0.00960212
0.0100612
0.0119573
0.0122061
0.0111161
0.00900318
0.00881981
0.00976603
0.0100899
0.0121623
0.0103062
0.0145379
0.00862443
0.0117038
0.00837558
0.0103913
0.0130025
0.0117466
0.0110992
0.00973194
0.012476
0.0123905
0.0112325
0.0105034
0.010333
0.010859
0.00830967
0.0105067
0.0118474
0.00814777
0.0132349
0.0126771
0.0118828
0.00953447
0.014592
0.00867468
0.0139479
0.0133248
0.00952419
0.0121043
0.0127147
0.0120089
0.0137978
0.0109534
0.00664263
0.0104722
0.0128055
0.0132118
0.0143357
0.0110096
0.0111254
0.0144204
0.0112048
0.0113566
0.0102598
0.00860222
0.0103055
0.00783888
0.0104925
0.0101619
0.0122646
0.0125673
0.011408
0.013605
0.0116792
0.00824511
0.0116706
0.0154956
0.008416
0.0116082
0.00966895
0.00804132
0.00798099
0.0109173
0.0115276
0.00830342
0.0107278
0.0104242
0.0110154
0.0080255
0.00828923
0.00839834
0.0106694
0.0105679
0.0124296
0.0108263
0.0126402
0.0132388
0.00894768
0.013187
0.0126045
0.0126119
0.00890173
0.00874665
0.0102073
0.0109739
0.0121832
0.0115188
0.0113327
0.0124729
0.0120148
0.00912219
0.0104841
0.0153092
0.013099
0.0124073
0.0108268
0.0132265
0.0131871
0.0154263
0.0107129
0.0106704
0.0121817
0.0127943
0.00998017
0.00972661
0.0122268
0.010408
0.0137098
0.011949
0.0111817
0.0109766
0.00850355
0.00841849
0.0110358
0.00886169
0.00822763
0.0108024
0.011537
0.01296
0.0107265
0.0141233
0.0111585
0.0112745
0.0103114
0.0107416
0.0105463
0.00805223
0.0102526
0.0111076
0.0126025
0.0108549
0.0102218
0.0123519
0.0108019
0.0100241
0.0141481
0.0143431
0.0115947
0.00980437
0.0142104
0.0120702
0.00997656
0.0111432
0.01187
0.0138502
0.0137589
0.0138942
0.0104043
0.0130834
0.00892046
0.012117
0.0141317
0.0174615
0.0125551
0.0162897
0.0107716
0.00931799
0.00863196
0.0108922
0.0119172
0.00831262
0.0127915
0.0085306
0.011517
0.0118152
0.0100738
0.00872019
0.0130992
0.0118475
0.00994291
0.010624
0.0111245
0.0105858
0.0113106
0.0103095
0.0108928
0.0109069
0.0111737
0.0113193
0.0109818
0.0109518
0.0101719
0.0110256
0.0108724
0.010888
0.0106264
0.0117307
0.0110537
0.0128081
0.0118702
0.0125781
0.0133866
0.0136569
0.0126432
0.0146156
0.0163261
0.0141081
0.0126905
0.0113303
0.0141068
0.012127
0.0115927
0.00914821
0.0116465
0.0111082
0.0125275
0.011664
0.0108964
0.0109951
0.0109914
0.0134278
0.00882739
0.00813281
0.00839002
0.0102246
0.0079023
0.0108922
0.0107601
0.0129706
0.0131523
0.0113284
0.013286
0.0129119
0.015423
0.011224
0.0112086
0.00942
0.0127122
0.0123579
0.0109555
0.0110646
0.0102797
0.00868944
0.0111434
0.0116412
0.0111339
0.0132413
0.0109736
0.0134979
0.0114324
0.008919
0.010895
0.0135462
0.0126006
0.0134092
0.0135956
0.013531
0.0135147
0.0145859
0.0131616
0.0132197
0.0120511
0.0102909
0.0148288
0.0159668
0.00965196
0.01211
0.01246
0.01241
0.0120661
0.00895863
0.0116079
0.0132447
0.0121272
0.0134331
0.0108888
0.0111692
0.0107863
0.010359
0.010238
0.0104874
0.0103515
0.0108848
0.0107141
0.0112841
0.011106
0.0137261
0.0157696
0.00865067
0.0112828
0.00992051
0.0106821
0.0100379
0.00988945
0.0105169
0.0120275
0.00848272
0.0109228
0.0109732
0.0097
0.0135822
0.00869537
0.0109556
0.0128163
0.00877981
0.00889063
0.0111249
0.0104865
0.0118598
0.013023
0.0108829
0.00853121
0.0101248
0.012811
0.0117164
0.0141933
0.0108162
0.0143993
0.00883008
0.0108216
0.0113033
0.0155395
0.00877261
0.0103542
0.016662
0.0125486
0.0124971
0.00944433
0.0132707
0.0103669
0.01352
0.0125708
0.0134214
0.0153416
0.0117649
0.0104434
0.0107995
0.010367
0.010504
0.0105651
0.0104488
0.0109538
0.0106282
0.0112952
0.0109209
0.0136707
0.0130012
0.00999114
0.0122545
0.0112863
0.0165092
0.0101075
0.0110051
0.0106072
0.0129845
0.0108121
0.011334
0.0110612
0.0107648
0.00884682
0.012309
0.0108015
0.010567
0.00862293
0.00909408
0.0107353
0.00804738
0.0115603
0.00941402
0.0122435
0.0122874
0.00989968
0.0113618
0.0114185
0.00878344
0.0113684
0.00928266
0.00924309
0.0105477
0.0118513
0.0117946
0.0126136
0.0149255
0.0130448
0.0089228
0.00899229
0.00882997
0.0103837
0.00856479
0.0110368
0.0160773
0.0106115
0.0108995
0.0104358
0.0106269
0.0104621
0.01046
0.0106779
0.0105121
0.0109615
0.0107223
0.0133258
0.0132737
0.0102078
0.0110259
0.0113286
0.0109618
0.0138764
0.0111424
0.0117806
0.0102241
0.0111326
0.0113736
0.0119277
0.0104626
0.0108523
0.0128009
0.0121289
0.0101121
0.014814
0.0117122
0.0154926
0.0084817
0.00778882
0.00871473
0.0120625
0.0106457
0.0125464
0.0122427
0.0125298
0.0155571
0.0153723
0.0100826
0.0121837
0.0112127
0.0128798
0.0143282
0.0115793
0.0100299
0.0130331
0.0110688
0.0165965
0.0172535
0.0118688
0.0133801
0.0103999
0.0103518
0.0128791
0.0104269
0.0145578
0.0153547
0.0134903
0.0152872
0.0105342
0.0107504
0.0104588
0.0105219
0.0106143
0.0104704
0.0108885
0.0105856
0.011244
0.0106952
0.0084578
0.0139177
0.00979283
0.012583
0.01027
0.0143618
0.0107168
0.00892869
0.00815711
0.0127983
0.0113615
0.0111088
0.0104114
0.0128062
0.0126637
0.0140824
0.0104823
0.0127783
0.0102092
0.0138073
0.0108794
0.00980635
0.0120294
0.0135779
0.0141765
0.0137043
0.0131037
0.0131808
0.0132605
0.0119868
0.010894
0.0122306
0.0139579
0.0114623
0.0114337
0.0156995
0.013644
0.00821575
0.0129055
0.0155955
0.0113257
0.015683
0.0159026
0.0125945
0.0104851
0.0122066
0.0120604
0.010755
0.0171333
0.0130365
0.016235
0.0106223
0.0109262
0.0104979
0.0106038
0.0105925
0.0104738
0.0108959
0.0105496
0.0112382
0.0107395
0.0113932
0.00789455
0.0170737
0.0109288
0.0112441
0.011636
0.0113773
0.0109544
0.0111495
0.0104779
0.0106359
0.0112519
0.0119397
0.0104931
0.0106322
0.0139701
0.0126666
0.0107073
0.0107501
0.0128735
0.0140401
0.0108787
0.0110392
0.0126932
0.0132929
0.0129003
0.0139775
0.0100232
0.0108449
0.0139463
0.013848
0.00966829
0.0134885
0.0120129
0.0127364
0.0117042
0.0156383
0.0134689
0.0109678
0.0131697
0.0142227
0.0126726
0.0101689
0.0124446
0.0128667
0.0141439
0.0136369
0.0107611
0.0109798
0.0105592
0.0106905
0.0105704
0.0105059
0.0107757
0.0105485
0.0111096
0.0107181
0.0140522
0.0110595
0.0138688
0.0109646
0.0118168
0.0118028
0.0153467
0.0113777
0.011728
0.00779481
0.0129637
0.00901465
0.0120728
0.0106705
0.0102355
0.0133919
0.0121861
0.0107999
0.0142308
0.0136786
0.0123884
0.0109792
0.0135911
0.0144921
0.0129147
0.0129013
0.013978
0.0125134
0.0126982
0.0148666
0.00907798
0.0128857
0.0107635
0.00898949
0.0127762
0.0150608
0.0108
0.0145402
0.015356
0.0172002
0.0104116
0.0138471
0.0123612
0.0128336
0.010258
0.0131064
0.0133391
0.0133471
0.0140893
0.0116466
0.0141208
0.0140037
0.0106394
0.0108478
0.0105547
0.0105888
0.0107087
0.0105427
0.0109475
0.0106967
0.011357
0.0108447
0.0135703
0.0138764
0.0100646
0.011688
0.0127186
0.0138826
0.011546
0.0127008
0.00763731
0.0142872
0.0120057
0.01254
0.0108038
0.0108741
0.0120677
0.0101463
0.0109911
0.0132538
0.0122687
0.0131248
0.0109456
0.0146478
0.0139756
0.00845439
0.0139739
0.0146183
0.0113639
0.0117303
0.0137337
0.0119613
0.0147026
0.0139065
0.0115424
0.0127128
0.0122375
0.0126582
0.0128335
0.0109185
0.010452
0.0119801
0.0162734
0.0107848
0.0125562
0.00885857
0.0113473
0.0111998
0.014337
0.0114416
0.0111276
0.0113623
0.011872
0.0107011
0.0111086
0.0105463
0.0106998
0.010689
0.0105426
0.010972
0.0106557
0.0112941
0.0108793
0.0113141
0.0142779
0.0117916
0.0110903
0.0114784
0.0111414
0.0131399
0.0120082
0.0114872
0.0100425
0.0118225
0.0124382
0.0127651
0.011193
0.0122644
0.0100191
0.0129536
0.0111918
0.0124255
0.013291
0.0124842
0.0113052
0.0142615
0.0113307
0.0105076
0.0137976
0.012538
0.0130802
0.014278
0.0128513
0.0139886
0.0126944
0.00969092
0.0140716
0.0130007
0.0147251
0.0126368
0.0142952
0.0113937
0.0111583
0.0150417
0.0105359
0.0105441
0.0113274
0.0120371
0.0110696
0.0124932
0.0139496
0.0140049
0.0107669
0.011138
0.0105587
0.0107702
0.010654
0.0105551
0.0110261
0.0106191
0.0115092
0.0108581
0.0123693
0.0142752
0.0138418
0.0111581
0.0124734
0.0109058
0.0142883
0.0115254
0.0129865
0.0104676
0.0140348
0.0115475
0.0125891
0.0113145
0.0140884
0.0123259
0.0126783
0.0112253
0.0143221
0.0130223
0.0127406
0.011261
0.0143473
0.00945756
0.00895321
0.0136015
0.0116705
0.0137898
0.0127396
0.012532
0.0131463
0.0138267
0.0139681
0.0129341
0.0117596
0.0133813
0.0118162
0.011275
0.013312
0.0117285
0.0149311
0.0124555
0.0117772
0.0101096
0.0124907
0.0109896
0.0133053
0.0144415
0.0145191
0.0107882
0.0110671
0.0105383
0.0107626
0.0105642
0.0105786
0.0108202
0.0106183
0.0112515
0.0108495
0.0143935
0.0140626
0.0144566
0.0112453
0.013767
0.0104774
0.012771
0.0124401
0.0154035
0.00997998
0.0157443
0.0124231
0.0127878
0.0113154
0.012009
0.012529
0.0130335
0.0111561
0.0137493
0.0126763
0.0131595
0.0112162
0.0133437
0.0127973
0.0148355
0.0131022
0.0126394
0.0110534
0.0138601
0.0119776
0.0128234
0.011502
0.0151073
0.0128192
0.0127058
0.0144441
0.0125891
0.0105481
0.0127434
0.015343
0.0131015
0.0116704
0.0160877
0.009932
0.011694
0.0104892
0.0167736
0.0108042
0.00915501
0.0159627
0.011816
0.014911
0.0104968
0.0110832
0.010442
0.0105856
0.01045
0.0105337
0.0106921
0.0105796
0.0109956
0.0107841
0.0115294
0.0110182
0.0131419
0.0116422
0.0103993
0.0086908
0.00884844
0.0129183
0.0129532
0.0131391
0.00983154
0.0125437
0.0127442
0.0149389
0.0116169
0.0124117
0.0127704
0.0144745
0.0113094
0.0123926
0.0129154
0.0135568
0.0111867
0.0142043
0.0136598
0.012064
0.0101354
0.0128935
0.0115857
0.0142317
0.00855373
0.0116828
0.0116957
0.0111319
0.0119941
0.018464
0.0112658
0.0141504
0.0116546
0.0138871
0.0137683
0.0141802
0.0152303
0.0129653
0.009718
0.00982505
0.0133853
0.0132123
0.0147807
0.0119261
0.0149221
0.0130922
0.0111675
0.012603
0.00971232
0.00835185
0.0132612
0.0104388
0.010134
0.0106437
0.0104933
0.010973
0.0107208
0.0113674
0.0109833
0.0115049
0.0130542
0.0117086
0.0112526
0.00877251
0.012445
0.0139945
0.0133288
0.0106194
0.0127398
0.0129842
0.0132665
0.0129963
0.0112841
0.0128506
0.0116649
0.0124744
0.0111852
0.0129071
0.0128916
0.0159392
0.0110796
0.0124848
0.0122018
0.0139224
0.0144373
0.0128691
0.0123162
0.0121119
0.0111626
0.00992947
0.0116424
0.0150281
0.0115135
0.0119377
0.0124866
0.0123165
0.0141807
0.0117593
0.0140333
0.0164551
0.0139034
0.0141361
0.0121021
0.0126755
0.0132818
0.0132292
0.0131521
0.00899323
0.0129242
0.0139725
0.014258
0.0135242
0.0132859
0.00820883
0.0122829
0.00796608
0.00951413
0.0107583
0.0104566
0.0110585
0.010701
0.011536
0.0109607
0.0122202
0.0127956
0.0138499
0.0112589
0.0125821
0.0130823
0.0140799
0.0116982
0.013227
0.0139694
0.0133599
0.0131845
0.0131005
0.0111867
0.0131218
0.0128546
0.0134733
0.0113026
0.0130487
0.0155049
0.0140883
0.0116735
0.0100277
0.0163213
0.0114502
0.0142723
0.0120456
0.0121735
0.0130223
0.0131195
0.0120708
0.0130556
0.00994254
0.0131386
0.0118925
0.0128226
0.0120929
0.00876654
0.0140825
0.0138264
0.00964179
0.0162336
0.0107017
0.0136544
0.0120953
0.0139285
0.0129051
0.0107518
0.0127326
0.0139075
0.0139127
0.0110927
0.0114409
0.0109899
0.0111871
0.013527
0.011245
0.0111594
0.0103997
0.0112291
0.0109995
0.0116307
0.011048
0.0123727
0.0135079
0.0142238
0.0113978
0.0129608
0.0110621
0.0147919
0.0138423
0.012101
0.0135772
0.00942574
0.0141359
0.0115677
0.0128633
0.0133492
0.0113707
0.0169339
0.0110432
0.0123846
0.0132873
0.0136274
0.0114497
0.00921281
0.00941785
0.0123715
0.0137458
0.0139378
0.0117432
0.0116121
0.0122478
0.0125575
0.0150854
0.0142128
0.0113828
0.0107145
0.0114712
0.0148123
0.0133622
0.0104869
0.0104394
0.0103642
0.0123519
0.0157778
0.0125877
0.0125116
0.013351
0.0126179
0.0128938
0.0132736
0.0133668
0.0148896
0.0159829
0.0121275
0.0150474
0.0122789
0.0122634
0.0104422
0.0113245
0.00750232
0.0116962
0.0119754
0.0117412
0.011033
0.0114104
0.010329
0.0109181
0.0109496
0.0103766
0.0115135
0.0110593
0.0110661
0.0109476
0.0115601
0.0115206
0.0122911
0.0135486
0.0129585
0.011436
0.0130253
0.0114178
0.0117613
0.0154922
0.0121883
0.0158121
0.0114631
0.011295
0.0114831
0.0111519
0.0144818
0.0132297
0.0133689
0.00939333
0.0109488
0.0113786
0.0152422
0.0112974
0.0104594
0.0135206
0.0136147
0.00837423
0.010519
0.0103727
0.0129989
0.011487
0.0100908
0.0114785
0.0107344
0.0138051
0.013806
0.00945571
0.0131959
0.0117914
0.0112509
0.011103
0.0119583
0.0100431
0.014301
0.0140149
0.0120137
0.0110396
0.0136503
0.0130429
0.011017
0.0135318
0.0125395
0.0108898
0.0104322
0.0127538
0.0123253
0.0124158
0.0107325
0.0121552
0.0127678
0.0158292
0.0154241
0.0129805
0.013135
0.0128921
0.0123593
0.0134548
0.0129711
0.0138543
0.0111559
0.0149579
0.0101896
0.0133603
0.0134673
0.0106786
0.0133048
0.00886924
0.0133695
0.013331
0.0112505
0.0119806
0.0134729
0.0114766
0.0114025
0.00982789
0.00839917
0.00823877
0.00831672
0.0103986
0.011026
0.00941256
0.0119017
0.011208
0.0115506
0.0106791
0.0137936
0.0114719
0.0127331
0.0135082
0.0119146
0.0108822
0.0149767
0.0142635
0.012246
0.0144266
0.00900807
0.0127507
0.0105662
0.0158844
0.0119586
0.0136791
0.0107464
0.00888028
0.0109555
0.0123645
0.0115058
0.0137731
0.0117214
0.0118574
0.0111894
0.0111972
0.0134473
0.013273
0.0116864
0.00750505
0.0114047
0.0153797
0.0160606
0.011495
0.0114309
0.011784
0.011053
0.0102751
0.0136734
0.0135064
0.0109352
0.0111782
0.0116759
0.0109454
0.00958059
0.0156479
0.0117507
0.0101006
0.0120977
0.0144882
0.0138269
0.0136664
0.0111619
0.0119855
0.0115744
0.0117421
0.0112313
0.00913267
0.0122203
0.0137763
0.011095
0.0129532
0.0140999
0.0138347
0.00895752
0.0114949
0.0119312
0.010708
0.00897779
0.0113697
0.0137553
0.0149935
0.0127659
0.0124455
0.0119705
0.00923848
0.0119506
0.0135118
0.0105556
0.0127581
0.0111252
0.0100122
0.0137542
0.0127586
0.0108124
0.0125302
0.0129285
0.0113694
0.0127769
0.0134335
0.0148522
0.012823
0.0148591
0.0103201
0.0159889
0.0129441
0.0127022
0.0148276
0.0103344
0.0154537
0.00962397
0.00961679
0.0134809
0.0144191
0.013229
0.00691038
0.00882299
0.0108693
0.0115665
0.0104042
0.00896428
0.00884058
0.0102447
0.0122991
0.0115711
0.0125252
0.0100489
0.0125344
0.00881774
0.00881722
0.0138397
0.00941004
0.0100891
0.00862807
0.012752
0.0140484
0.0114859
0.0146991
0.0115512
0.0129808
0.0117335
0.0151818
0.0089668
0.0117661
0.0130172
0.00988261
0.0112202
0.0100303
0.0125311
0.00822426
0.0123002
0.0127143
0.0117142
0.00926947
0.0101294
0.0125216
0.0125196
0.0152208
0.0156008
0.0115183
0.0113883
0.0111963
0.0125362
0.0134579
0.0130923
0.00762631
0.00907436
0.0127936
0.0124253
0.0115875
0.0102061
0.0137422
0.0134381
0.014686
0.0112867
0.0123762
0.0123162
0.0118061
0.0147488
0.0138232
0.0134647
0.0146789
0.0140654
0.0125385
0.00805558
0.0122158
0.0130971
0.0140143
0.0128434
0.0108904
0.0113466
0.0100132
0.0149904
0.00964518
0.0126242
0.0126727
0.0124245
0.0181231
0.0137403
0.0095082
0.0111303
0.0160569
0.011529
0.0129893
0.0127367
0.0107401
0.0110779
0.00944837
0.0115688
0.0132441
0.0120234
0.0112881
0.00952434
0.00978084
0.015656
0.0136591
0.0108358
0.0119233
0.0149907
0.012459
0.0105136
0.0123543
0.0137911
0.0129983
0.0128958
0.0128646
0.012448
0.0128281
0.0127461
0.0130931
0.013036
0.0132029
0.0111227
0.0103339
0.0103467
0.0128651
0.0128552
0.0107932
0.0126138
0.00967858
0.00783344
0.00911604
0.0100366
0.011348
0.0116101
0.0103035
0.0128302
0.0113388
0.0132536
0.0101576
0.0122641
0.00893185
0.00885303
0.0132235
0.0103461
0.0118664
0.0140991
0.0119882
0.0141084
0.0110893
0.017196
0.0143792
0.0115814
0.0112232
0.0130909
0.00933624
0.0145274
0.0124879
0.00890412
0.014561
0.0134848
0.0116355
0.0123814
0.0109712
0.0101564
0.0129215
0.00936912
0.00981283
0.011199
0.0126789
0.0129108
0.00799184
0.00886762
0.0130396
0.0126138
0.0117961
0.00963278
0.0153912
0.0130101
0.0138623
0.0135961
0.00965641
0.00891831
0.0127874
0.0121793
0.0121086
0.013245
0.0159375
0.0128353
0.0137773
0.0127311
0.0115196
0.0137452
0.012503
0.0127688
0.0125439
0.0127561
0.0114801
0.0127562
0.013184
0.0130054
0.0109083
0.0110139
0.0130486
0.0100131
0.0128949
0.0165074
0.0127992
0.0119453
0.0134337
0.0140903
0.00925531
0.00894985
0.0108476
0.00974498
0.0163319
0.00898247
0.0110666
0.0152882
0.0130823
0.0132158
0.0125161
0.00947886
0.00954203
0.0111331
0.00943515
0.0150488
0.0161186
0.0131434
0.0105271
0.0147339
0.0111098
0.0112032
0.010607
0.0114441
0.0185432
0.00971946
0.00984511
0.00969811
0.0137608
0.0152002
0.0147967
0.0117062
0.0156744
0.00947812
0.00905082
0.0103623
0.0128083
0.0146597
0.0130807
0.0161208
0.0131674
0.0111949
0.00829899
0.00969922
0.00800124
0.0109812
0.012816
0.0131817
0.0134281
0.0118105
0.0121413
0.00738475
0.00943142
0.0117157
0.0104698
0.0090243
0.0106654
0.0113862
0.00809231
0.0081108
0.00989693
0.0114377
0.0132459
0.0119466
0.0111673
0.0145161
0.0129216
0.013485
0.0142478
0.0112348
0.0111445
0.0145985
0.0112227
0.0116102
0.0111292
0.00946002
0.0123575
0.0127522
0.0143359
0.0107958
0.0122169
0.0121969
0.0101059
0.0120514
0.0117723
0.0118309
0.014241
0.0133626
0.0130918
0.0112861
0.0111594
0.0149152
0.0130167
0.0126958
0.00928032
0.0110989
0.0132646
0.0128597
0.0120044
0.0120429
0.0119678
0.0129758
0.0133423
0.0140177
0.0106864
0.0104189
0.0130611
0.00989073
0.0124036
0.0117763
0.0122605
0.0134871
0.012992
0.0163358
0.0140516
0.0116672
0.0123359
0.00954101
0.0129273
0.0101201
0.0117063
0.0170702
0.0165203
0.0129088
0.00934069
0.0105507
0.00952027
0.00840749
0.0136621
0.0151016
0.0126357
0.0109066
0.0129706
0.0117245
0.0109101
0.01102
0.00806229
0.00966287
0.00973612
0.0136371
0.0117002
0.0136397
0.00915007
0.00911517
0.00920303
0.0109712
0.0109251
0.0128797
0.0136123
0.0115877
0.014619
0.0113406
0.0118995
0.0146965
0.0108584
0.0110885
0.0109741
0.016504
0.0138522
0.0152466
0.0117325
0.0154238
0.0115485
0.0112753
0.0108717
0.0116619
0.0119227
0.0125127
0.0122411
0.0110733
0.0114027
0.00897497
0.0113553
0.0104755
0.0130382
0.0158325
0.0148685
0.0133289
0.0132294
0.00664862
0.0079095
0.0106864
0.0132725
0.0129833
0.0148629
0.0134949
0.0100691
0.0129351
0.0103687
0.0118085
0.0160412
0.0110847
0.0114125
0.0101099
0.0126942
0.0113103
0.0130253
0.0119018
0.0118584
0.0117337
0.00968489
0.0103206
0.012947
0.0118075
0.0116475
0.0128689
0.0112853
0.00836301
0.0130031
0.0131214
0.0121196
0.0121465
0.0119123
0.0145692
0.0118878
0.0124319
0.013224
0.0116969
0.00906204
0.0140639
0.0137759
0.0111993
0.00989733
0.0136224
0.0128226
0.0107598
0.0132876
0.0115376
0.0113116
0.0137751
0.0131731
0.0117741
0.0110726
0.0109606
0.0108852
0.0109674
0.00868059
0.012952
0.012123
0.0137636
0.0132606
0.0129505
0.0142255
0.0120346
0.00853804
0.0137345
0.00983441
0.0109646
0.0127117
0.0137701
0.0132623
0.0129692
0.00970857
0.00938478
0.0127712
0.010567
0.0106787
0.0122245
0.0134755
0.0169749
0.0100936
0.0135108
0.0131216
0.00755519
0.0102121
0.00947961
0.0100412
0.0152635
0.011964
0.0145066
0.00989618
0.0154584
0.0112762
0.0106697
0.0124377
0.0122237
0.0132588
0.0113485
0.0149955
0.0138798
0.0138471
0.00857119
0.0125681
0.0100301
0.0113027
0.0118808
0.0159522
0.0137253
0.0103876
0.0144539
0.00964689
0.0092038
0.0127362
0.0113963
0.0112234
0.010425
0.0120709
0.0125442
0.00902488
0.0100329
0.010945
0.0106155
0.0126038
0.0105203
0.0103171
0.0122556
0.0127023
0.0112364
0.0116359
0.0109927
0.0118085
0.0114047
0.0113204
0.0140758
0.00877633
0.0158376
0.0155845
0.0126263
0.0131473
0.0111587
0.0116272
0.00829176
0.00637391
0.0145665
0.0149167
0.0130991
0.0135009
0.0130679
0.00699099
0.0132579
0.0119927
0.011649
0.0181779
0.0132548
0.0125989
0.0100296
0.0113586
0.00802746
0.00806328
0.00960909
0.00897925
0.0106503
0.0129167
0.0104986
0.0117468
0.0138922
0.0119839
0.00672717
0.00957977
0.0133458
0.0120009
0.0156556
0.00950713
0.0129713
0.0115825
0.0117971
0.0156529
0.0123296
0.00850651
0.013651
0.0115997
0.0135524
0.0137417
0.0129054
0.0129328
0.0127354
0.0128656
0.0171893
0.0100686
0.00955112
0.0125819
0.012538
0.0127809
0.0130078
0.0116905
0.0117578
0.0134462
0.013305
0.0114829
0.0116409
0.0126261
0.0121703
0.0127674
0.0133225
0.0109939
0.0108825
0.0125937
0.0136667
0.0132085
0.0109381
0.0121041
0.012651
0.0127365
0.0125996
0.0131468
0.0101826
0.010413
0.00820354
0.0129903
0.0127298
0.0130686
0.0090055
0.00930245
0.0129845
0.00969923
0.0131899
0.011623
0.0111684
0.0125883
0.0118458
0.012811
0.0129282
0.0116096
0.0122528
0.0117916
0.00866201
0.0132206
0.0114055
0.0117609
0.0116668
0.0113045
0.00972651
0.0117105
0.0108227
0.0109897
0.0110135
0.0095568
0.0129218
0.00875055
0.012485
0.0136328
0.0137873
0.0112443
0.0112912
0.00934622
0.012058
0.0125887
0.0096377
0.0148258
0.013064
0.0149062
0.0117752
0.0142225
0.0120995
0.00835008
0.0111777
0.0110823
0.0123191
0.0120305
0.00882399
0.0118287
0.0105395
0.0108295
0.0132215
0.00837294
0.0170827
0.00897595
0.0125957
0.0128193
0.013087
0.0111395
0.0114875
0.012359
0.0123177
0.0127151
0.0131084
0.012933
0.00971681
0.0142036
0.0112371
0.010782
0.0111195
0.0129285
0.00838732
0.0131139
0.0132866
0.0145113
0.0092675
0.0086091
0.0129393
0.0115679
0.0101608
0.0132718
0.0123642
0.0124476
0.0124971
0.0100327
0.0137544
0.0129649
0.0133798
0.0134771
0.0115913
0.00953372
0.0101687
0.0127463
0.0115324
0.0112951
0.0113818
0.00956529
0.0115403
0.00836363
0.0143584
0.0116778
0.0127105
0.0120822
0.0129228
0.0118334
0.0102883
0.0122864
0.0107427
0.0100638
0.00836999
0.0112641
0.00950977
0.01139
0.00901651
0.00967418
0.00664864
0.0101427
0.0101948
0.010316
0.0127177
0.0131986
0.0132059
0.0117433
0.0129836
0.0137398
0.0115551
0.011089
0.0109864
0.0124057
0.0108577
0.012733
0.0131917
0.0124166
0.010337
0.0101029
0.0124026
0.0111021
0.00863295
0.0117691
0.0100641
0.011687
0.00993101
0.0129712
0.00953368
0.0126462
0.0126594
0.0117061
0.0123622
0.0108175
0.00798674
0.0106755
0.0103081
0.0138288
0.00942968
0.0129131
0.0158729
0.0164002
0.0134757
0.0123572
0.0103599
0.0101626
0.00803684
0.00917482
0.00856257
0.0124449
0.0110693
0.0140951
0.0102048
0.0104075
0.0101723
0.0121602
0.011974
0.0124236
0.0137293
0.0105625
0.00846802
0.0150489
0.0138011
0.00799512
0.0129668
0.00979208
0.00992795
0.0106348
0.0108749
0.0107017
0.00975652
0.0117085
0.0124649
0.0132383
0.0133698
0.012982
0.00819774
0.0081828
0.0111475
0.010882
0.0125341
0.0126317
0.0115645
0.00980935
0.0113821
0.0131328
0.00882745
0.0103028
0.0114677
0.0117273
0.00838208
0.0141575
0.011666
0.00921792
0.0108958
0.00900884
0.0114856
0.0121045
0.0147656
0.012216
0.0125168
0.0127798
0.0125072
0.0127472
0.0120387
0.0105095
0.0113219
0.0108054
0.00916215
0.0137328
0.0116763
0.0108037
0.0113755
0.0147587
0.0088318
0.00993514
0.0112814
0.00992455
0.0132647
0.0103486
0.0134934
0.0108899
0.0115472
0.010521
0.00881139
0.0101205
0.0100066
0.00960801
0.00852998
0.00890027
0.0103578
0.013115
0.0104778
0.0119123
0.0141132
0.0119553
0.0109804
0.0105648
0.0111963
0.00924708
0.0120258
0.0114007
0.0088761
0.00991462
0.0116657
0.0114986
0.0108178
0.0134285
0.0101133
0.0110285
0.0158458
0.0131956
0.0086923
0.0125949
0.00900632
0.0130688
0.0137676
0.0117318
0.0101498
0.011613
0.0118617
0.0113035
0.011764
0.0114939
0.0119535
0.0103762
0.0110527
0.0139777
0.0135069
0.00766398
0.0108773
0.010359
0.0110112
0.0098391
0.00872137
0.0115707
0.0125159
0.0110417
0.00973272
0.0142064
0.0102132
0.0131635
0.00744272
0.0138281
0.0128652
0.00989742
0.0124846
0.0101772
0.0130298
0.0112476
0.00932802
0.0143964
0.0122071
0.0147633
0.0139417
0.0119289
0.0146124
0.0142387
0.0138242
0.00871975
0.013657
0.0131883
0.0134575
0.0143523
0.0131488
0.0129985
0.0115775
0.0111971
0.0145394
0.00998986
0.0136519
0.0116543
0.0154055
0.010684
0.0103785
0.013936
0.0138837
0.0151836
0.014934
0.0156164
0.0124341
0.0151457
0.00975987
0.00955944
0.00980136
0.012657
0.0089603
0.00985866
0.0138785
0.0150608
0.0123884
0.0130876
0.0147058
0.00971987
0.0115397
0.00931974
0.0150843
0.014017
0.0134505
0.00822039
0.0156802
0.0130542
0.0101915
0.0143631
0.0166727
0.00972679
0.013126
0.0101297
0.010362
0.0109415
0.0112217
0.0120619
0.00955936
0.0122141
0.0109299
0.00959044
0.0107336
0.014387
0.0115217
0.0120266
0.0105825
0.0100639
0.0111427
0.0152408
0.0111531
0.0107088
0.0119584
0.0113855
0.011159
0.0121971
0.0136987
0.0131447
0.0148864
0.0114154
0.012161
0.0140788
0.0137769
0.00834618
0.0116521
0.0131198
0.0103895
0.0154405
0.0119866
0.0103132
0.00906157
0.0138646
0.00939257
0.00869851
0.00824506
0.00999702
0.0109106
0.0134
0.0112633
0.0116983
0.00931783
0.0115268
0.010353
0.00868397
0.00892168
0.0133074
0.012273
0.0132489
0.0125511
0.0127637
0.0126736
0.0117029
0.0108967
0.0145854
0.0146824
0.0135243
0.0105447
0.0124456
0.0113773
0.00942239
0.0136711
0.0111831
0.0109346
0.0131887
0.00867939
0.0139357
0.0111738
0.00951323
0.0131482
0.0153252
0.00995482
0.0123662
0.0102517
0.01149
0.0109848
0.0101962
0.0101106
0.0136147
0.00890386
0.0120376
0.0129812
0.0101447
0.0130025
0.0155325
0.00977399
0.0130484
0.0103762
0.0131381
0.00803211
0.00823638
0.0110048
0.0121916
0.0129564
0.0135094
0.0113577
0.00995203
0.0104849
0.0133287
0.0086151
0.0122527
0.0104413
0.0148243
0.011301
0.0133933
0.0135704
0.010178
0.0125164
0.0127503
0.0129555
0.0123193
0.011329
0.0134843
0.0157368
0.0136098
0.0117365
0.00895635
0.0131378
0.00880129
0.0128432
0.0131283
0.0131128
0.0159101
0.0130175
0.00985523
0.0151779
0.0162047
0.0107095
0.0131005
0.0129009
0.0117913
0.0118982
0.0115724
0.0110108
0.0100321
0.0111159
0.0125242
0.0125377
0.0101497
0.0135255
0.0130002
0.012839
0.0135444
0.0136398
0.0149376
0.0130832
0.0128904
0.0111177
0.0119659
0.0127886
0.0105651
0.0126121
0.0113683
0.0109396
0.0125892
0.00932022
0.0132925
0.00994618
0.0100371
0.0113547
0.0100629
0.0135993
0.00979228
0.0113024
0.011643
0.0128052
0.0111844
0.0103371
0.0114964
0.0145439
0.0132267
0.0105457
0.0101001
0.0133603
0.0128491
0.00947679
0.00897683
0.0100443
0.0144447
0.012492
0.00990309
0.0125914
0.013216
0.0139147
0.0122741
0.0119626
0.0104997
0.0118397
0.0140869
0.00855855
0.010691
0.00984645
0.00852353
0.0113281
0.0112249
0.0112943
0.0109062
0.0127488
0.00915628
0.013115
0.0130193
0.0122715
0.0119863
0.0106008
0.015773
0.0119396
0.0125352
0.00910617
0.0121246
0.0128982
0.0126411
0.0130316
0.0110796
0.0112966
0.011588
0.0113435
0.010833
0.00902847
0.0106954
0.0125924
0.0108656
0.0151136
0.0125295
0.0124132
0.013748
0.01184
0.0123245
0.00735191
0.00801045
0.00682888
0.0131813
0.0118213
0.0116449
0.015301
0.0102527
0.0105202
0.0106168
0.0150569
0.00848261
0.00971079
0.010047
0.0128094
0.0109295
0.00834265
0.0093266
0.00905273
0.010628
0.0104974
0.0132147
0.0117372
0.0127666
0.0102519
0.0123677
0.0111668
0.0111637
0.010275
0.00822359
0.011491
0.00923186
0.0127624
0.0129679
0.0106333
0.0130897
0.011571
0.0117502
0.0136714
0.0164869
0.0132532
0.0113674
0.00999572
0.0144522
0.00845896
0.0117895
0.014913
0.00996712
0.0101876
0.0105547
0.0106264
0.00991407
0.0111436
0.0139537
0.012672
0.0139653
0.0126081
0.0155996
0.0112554
0.0147759
0.016007
0.0141869
0.0105818
0.0106231
0.0107521
0.0127808
0.0121297
0.0119209
0.011877
0.0115102
0.0125038
0.0150274
0.0118701
0.0113307
0.01477
0.0125327
0.0107981
0.00912503
0.0128453
0.0105924
0.0120474
0.0112523
0.0116065
0.0100294
0.0132087
0.010777
0.00981908
0.0102848
0.00821659
0.00993643
0.0130208
0.0130752
0.0102632
0.0129754
0.00941895
0.00754123
0.00942387
0.00782253
0.00811256
0.0117114
0.00680392
0.0103469
0.010682
0.0156117
0.0129279
0.00995869
0.0119999
0.00962934
0.0100794
0.0115223
0.0101448
0.00872692
0.0132964
0.0131979
0.0131611
0.0131806
0.00939379
0.0143035
0.0121728
0.0113728
0.0126951
0.00770308
0.0108191
0.0104161
0.00833738
0.01088
0.0110642
0.0121545
0.0116894
0.0122673
0.0129563
0.0102966
0.010675
0.0100605
0.0145085
0.0125676
0.00947015
0.0104905
0.0116649
0.0120865
0.0136285
0.0098322
0.0134034
0.0131366
0.00836025
0.0101713
0.00950052
0.0116149
0.0110233
0.0111674
0.01036
0.0120404
0.0112074
0.0119922
0.0129796
0.0103567
0.0129921
0.0129186
0.00731452
0.010992
0.0116225
0.0117796
0.0118415
0.010693
0.0109823
0.00884154
0.0107297
0.0102237
0.0106982
0.0108528
0.0122267
0.0119681
0.0131754
0.0101572
0.0140621
0.0114196
0.0154512
0.0138473
0.0128684
0.01145
0.011438
0.0118764
0.0112862
0.0128027
0.0114323
0.0107512
0.0110867
0.0108341
0.0094863
0.0131138
0.0141056
0.0159016
0.0107922
0.0103344
0.0145005
0.0128484
0.0130832
0.0156402
0.0134508
0.0144291
0.0127792
0.0105164
0.0107398
0.00913291
0.0112407
0.0129466
0.0131813
0.0117438
0.0116283
0.0102772
0.00874457
0.011495
0.0131648
0.0119193
0.0124063
0.0101407
0.0116564
0.0138492
0.00786325
0.0140672
0.0108959
0.0132223
0.0128853
0.0115925
0.0139902
0.0124561
0.0141414
0.0121584
0.0123303
0.010824
0.0136304
0.00966662
0.0119348
0.0112206
0.0131262
0.0107307
0.0123601
0.0119577
0.00674368
0.0105306
0.0114003
0.00987714
0.00797957
0.0146347
0.00853525
0.00877584
0.0105089
0.00999412
0.0106131
0.0128533
0.0110353
0.0134835
0.013692
0.00898874
0.0105539
0.012656
0.0104727
0.0110292
0.0135306
0.0104786
0.00890732
0.0125576
0.0097965
0.0113413
0.0112125
0.0108024
0.0107562
0.00847245
0.00964569
0.0113301
0.011334
0.0127963
0.0105204
0.0100944
0.00956008
0.00998902
0.0100698
0.0128805
0.0100272
0.0127179
0.0159287
0.0122375
0.0140385
0.0129564
0.00887057
0.0127704
0.0100348
0.0118479
0.0094343
0.0111766
0.0107243
0.0102153
0.0109448
0.0125981
0.0104022
0.0102371
0.0102168
0.0101446
0.00994102
0.0118842
0.0110961
0.0114252
0.0129314
0.0111438
0.0127042
0.011483
0.0144707
0.0131514
0.00962855
0.012465
0.00986158
0.011245
0.0109908
0.0122922
0.0111774
0.00809778
0.0133371
0.011117
0.0131037
0.0100711
0.0157109
0.0128287
0.0136023
0.0123804
0.0120929
0.0164301
0.00787742
0.0140698
0.00968194
0.00863695
0.0140615
0.0100004
0.0107716
0.0103371
0.01065
0.0111329
0.0120839
0.0126471
0.0107043
0.0107803
0.00911688
0.00935439
0.00907384
0.013321
0.0150121
0.00976516
0.0133648
0.0100583
0.0131716
0.00900135
0.0102006
0.0106437
0.0102267
0.011739
0.0106906
0.010057
0.0129433
0.0123365
0.0131453
0.0136458
0.00997581
0.00831563
0.00821347
0.00945401
0.0103113
0.0101477
0.00851288
0.00892312
0.0120946
0.0103441
0.0125479
0.0130576
0.01007
0.00860217
0.0124859
0.012271
0.0108675
0.0112672
0.0091031
0.00946753
0.00994122
0.00971435
0.00952924
0.0118958
0.0087235
0.0128765
0.00992571
0.0118185
0.0108036
0.00920552
0.00814806
0.0103656
0.0108709
0.0104277
0.00975712
0.0127458
0.0101763
0.0125979
0.0109873
0.0129132
0.0126026
0.0116434
0.0120693
0.0116344
0.0132803
0.0100075
0.0110307
0.0125417
0.0106375
0.0120405
0.012926
0.0104157
0.0130192
0.0111726
0.0136503
0.0150908
0.0136674
0.0108651
0.0146376
0.0145819
0.0131016
0.0130242
0.00846269
0.00831853
0.0109345
0.0109845
0.0111722
0.011165
0.0129357
0.0152088
0.0114562
0.0114277
0.0117914
0.0112049
0.0130351
0.0129875
0.0122733
0.0121329
0.0114822
0.0117684
0.0112939
0.0115173
0.0111719
0.0128109
0.0108172
0.00821707
0.012304
0.0106715
0.0118095
0.00907704
0.00913773
0.0169433
0.0127102
0.0125323
0.0126788
0.0149161
0.0117133
0.0131247
0.010456
0.0121642
0.0129792
0.00955377
0.0111819
0.0123157
0.0124661
0.0120209
0.0120344
0.0102717
0.0113098
0.0128335
0.00849323
0.0102258
0.009967
0.0117941
0.00854273
0.0104653
0.0103009
0.0146208
0.0083654
0.00981286
0.0099678
0.00630062
0.0114379
0.0106795
0.0123407
0.0131489
0.0112771
0.00956021
0.0089998
0.0108895
0.0112183
0.0126448
0.011326
0.0114669
0.011532
0.0117889
0.00769931
0.0115425
0.0104258
0.0115998
0.0102181
0.0123928
0.0130507
0.0111683
0.0108307
0.00813324
0.0115178
0.0104183
0.0105373
0.0136995
0.0137534
0.0135061
0.0128008
0.00992586
0.0154236
0.0110322
0.0113841
0.0153625
0.0111622
0.010564
0.0115904
0.0104128
0.0100096
0.0145679
0.0108211
0.0132021
0.0085899
0.0120698
0.0107796
0.0089372
0.0108414
0.00959848
0.0108524
0.01029
0.0105721
0.00872486
0.010477
0.0135488
0.0116377
0.0119099
0.0141838
0.0123952
0.00984935
0.0117067
0.0121
0.0101973
0.0105722
0.0111576
0.0102137
0.00876264
0.00842921
0.00933117
0.010799
0.010992
0.0102191
0.0108086
0.00966562
0.0100664
0.0116656
0.0123671
0.00938788
0.00997278
0.0102986
0.0128007
0.0113167
0.0143678
0.0111399
0.0105737
0.0116061
0.0116723
0.010523
0.0109956
0.0104662
0.00782405
0.0133554
0.0107111
0.0111409
0.0113691
0.0121195
0.0124748
0.0089861
0.00974022
0.00975292
0.0122614
0.0110603
0.0108798
0.0111746
0.010996
0.0104159
0.0120601
0.0119225
0.0104504
0.0096076
0.0110798
0.0104793
0.0101451
0.0104726
0.0123851
0.0104971
0.0127976
0.00967725
0.0126144
0.0112132
0.00813212
0.00844034
0.0118713
0.0119657
0.0103308
0.0125719
0.0102735
0.00863882
0.00836317
0.0106783
0.00995034
0.00970537
0.0128514
0.0148997
0.013118
0.0113702
0.00972114
0.0100079
0.0130744
0.0127885
0.0137675
0.0136897
0.0142333
0.0120821
0.00990253
0.0107983
0.0103481
0.012411
0.0108354
0.0098048
0.00959562
0.00980128
0.0110767
0.013096
0.0100156
0.0111887
0.0122993
0.00676358
0.0127933
0.0127263
0.0109315
0.0130212
0.0120234
0.0105125
0.0108416
0.0106957
0.0102387
0.011888
0.0129432
0.0103659
0.0108916
0.00983423
0.00867003
0.00973847
0.0101028
0.0110004
0.0118437
0.0129201
0.0128371
0.015527
0.0131488
0.0112539
0.00996461
0.0142399
0.00989616
0.01273
0.0102834
0.0128578
0.0109704
0.00973552
0.010698
0.00956964
0.0119859
0.0118339
0.0121766
0.014393
0.0110641
0.0113464
0.0103759
0.0107563
0.0110962
0.0111407
0.0112842
0.0104256
0.0151655
0.015225
0.0127847
0.0136607
0.00643123
0.0134689
0.0129128
0.0130795
0.0118678
0.0124164
0.0117248
0.0115718
0.0111061
0.0111562
0.0155016
0.011067
0.00984097
0.0111513
0.00987559
0.0114909
0.00971721
0.0143298
0.0108126
0.0104024
0.0106828
0.00994512
0.0134472
0.0121867
0.0126583
0.0118477
0.00880572
0.00993887
0.010957
0.0127558
0.0133378
0.0105551
0.0119761
0.0171504
0.0130779
0.0124329
0.0120046
0.00989623
0.0126407
0.00966292
0.0115038
0.0117773
0.00924509
0.0143966
0.0135496
0.00854758
0.0117756
0.0102404
0.00996981
0.0116616
0.00664102
0.0103603
0.0114809
0.009962
0.00798387
0.0168318
0.00824421
0.0110226
0.0103092
0.0125206
0.0132523
0.0109356
0.0115998
0.0108069
0.0109728
0.0109325
0.0127844
0.0125642
0.0105469
0.0110088
0.0115871
0.0109996
0.0108429
0.0086835
0.011785
0.0111596
0.00761984
0.0108841
0.011383
0.0124277
0.0109623
0.010795
0.0128788
0.010766
0.0105429
0.0108397
0.0107384
0.00915063
0.00896999
0.0105442
0.00927632
0.0152459
0.00906719
0.00955665
0.0103358
0.0101663
0.0104575
0.0111526
0.0107899
0.0120396
0.0143005
0.0153727
0.0131803
0.00887091
0.0116489
0.0107624
0.00875397
0.011126
0.0110769
0.0104687
0.0113475
0.0112475
0.0127784
0.00933654
0.0127376
0.010026
0.0108924
0.012248
0.0107417
0.0105445
0.0120489
0.0126418
0.0106077
0.0112481
0.0114605
0.0121184
0.0112256
0.00989063
0.0104952
0.0109535
0.0103859
0.0112926
0.00947597
0.010204
0.0110605
0.0101342
0.0102992
0.00963599
0.0103244
0.00986993
0.00996186
0.0109379
0.00985513
0.0105152
0.00979701
0.0102617
0.00977615
0.010235
0.00975019
0.0102428
0.00970534
0.0105448
0.00969127
0.00897964
0.00970514
0.00905949
0.0158079
0.0102329
0.0110075
0.00800368
0.0102653
0.008697
0.0118925
0.0128253
0.0112846
0.0135241
0.0107831
0.0124221
0.012021
0.0107369
0.0149135
0.0162216
0.0135305
0.0164837
0.0107515
0.00839394
0.0111439
0.0109816
0.0133411
0.0129285
0.0100891
0.014149
0.00947361
0.00959972
0.0126975
0.00826362
0.00811046
0.0100013
0.0103922
0.0100905
0.0102791
0.0100331
0.0101808
0.0100362
0.0101088
0.0100418
0.0100503
0.0100289
0.0100107
0.010009
0.00999951
0.00999604
0.010002
0.00999434
0.0100007
0.00999882
0.0128581
0.0120132
0.0115436
0.011597
0.0101634
0.0118064
0.00800403
0.0130116
0.0129608
0.00851096
0.013527
0.00958177
0.0109179
0.0104837
0.0105738
0.0124853
0.016916
0.0103432
0.00995136
0.0121562
0.0129206
0.0138594
0.0125628
0.0133275
0.0111022
0.0103004
0.00968132
0.0101761
0.0101607
0.00829096
0.0101844
0.0103853
0.010212
0.0102708
0.0102378
0.0102273
0.0102344
0.0102144
0.0102066
0.0101948
0.010179
0.0101738
0.0101655
0.0101629
0.0101609
0.0101592
0.0101604
0.0101592
0.0101601
0.0101604
0.00973792
0.0101626
0.0100073
0.0116772
0.0103265
0.0107496
0.0109245
0.0117543
0.0130494
0.0118779
0.0129291
0.0106423
0.0110678
0.0114233
0.0132095
0.0119949
0.00813313
0.00976219
0.011555
0.0130534
0.00952947
0.0101888
0.0123414
0.0103669
0.0104092
0.00992057
0.0138431
0.00982262
0.0132544
0.00965788
0.010228
0.0108047
0.0100165
0.0105975
0.00988031
0.0104217
0.00980719
0.0103347
0.00974882
0.0102921
0.00969713
0.0103906
0.00971638
0.010164
0.00971854
0.00946509
0.00970938
0.00950574
0.0097127
0.0095206
0.0100027
0.0151797
0.0114357
0.0120485
0.0128154
0.0114746
0.0138012
0.00998071
0.0116206
0.0115114
0.0117638
0.0120062
0.0120687
0.0095101
0.0118498
0.0115234
0.00875263
0.0101218
0.0113256
0.0111601
0.0138974
0.0110895
0.00977333
0.0141978
0.00996827
0.0100099
0.00986582
0.0105649
0.0098117
0.0123372
0.0107417
0.0106346
0.0105516
0.0103186
0.0103834
0.01018
0.0102794
0.0101297
0.0102323
0.0100882
0.010497
0.0103404
0.0102179
0.0101622
0.00971886
0.010001
0.00972422
0.009729
0.00814348
0.0095248
0.0111387
0.0122608
0.0096157
0.0115639
0.0132877
0.00688661
0.00988261
0.0111669
0.0101522
0.00826751
0.0119487
0.0142649
0.0117332
0.0110493
0.0112766
0.00951879
0.00848424
0.0112362
0.0138893
0.0127217
0.010127
0.011258
0.0109765
0.0112882
0.0105448
0.0121618
0.0101636
0.00952521
0.0106507
0.0107062
0.00810426
0.0108267
0.0102799
0.0107133
0.0103514
0.0103745
0.010045
0.0101708
0.00989265
0.0100832
0.00981814
0.010043
0.00977372
0.0100776
0.0100094
0.010163
0.010009
0.0100044
0.0101617
0.0105674
0.0118903
0.00935749
0.0110971
0.0134595
0.00984434
0.0145006
0.0149626
0.0147476
0.00853665
0.0143625
0.0105796
0.010458
0.00999832
0.00848713
0.0105902
0.011107
0.0106598
0.0117255
0.0103769
0.0112574
0.0111988
0.0107005
0.0138284
0.0149644
0.0123788
0.0090529
0.0132231
0.0132948
0.0153448
0.0109719
0.0110816
0.010164
0.0101634
0.0121716
0.0122528
0.00812305
0.00826701
0.0103117
0.0102142
0.010289
0.00983565
0.00999593
0.0096893
0.00984846
0.00959157
0.00977476
0.00954934
0.00974478
0.00953814
0.0100101
0.00974263
0.009738
0.0095614
0.00989943
0.0103088
0.0108674
0.010016
0.0100222
0.0117236
0.0113701
0.0144481
0.0129486
0.0105162
0.0108097
0.0121251
0.0108476
0.0139668
0.0107839
0.0100749
0.00983969
0.0100335
0.0118499
0.00879006
0.0126976
0.0122038
0.0127549
0.0156328
0.00872018
0.0132106
0.0110377
0.00864712
0.0109569
0.0108455
0.0116554
0.00898915
0.0106494
0.0112352
0.0111333
0.0100653
0.0132209
0.0131804
0.0122589
0.0121522
0.0114119
0.011477
0.0114902
0.0114953
0.0114134
0.0110828
0.0110628
0.0127925
0.00943925
0.0125347
0.00898429
0.0128205
0.0107812
0.00953791
0.00980276
0.0110756
0.012583
0.0113794
0.0121382
0.0125951
0.0157407
0.0118838
0.013725
0.00912253
0.0120049
0.00991751
0.0106432
0.0127534
0.0136819
0.0121672
0.00880733
0.0113217
0.0116402
0.0119179
0.0149955
0.0122055
0.00865888
0.0115972
0.0124982
0.0133623
0.0117235
0.0164124
0.00809709
0.0121297
0.0120125
0.010554
0.0113552
0.0117814
0.00816778
0.00804254
0.0102019
0.0102784
0.00813673
0.0109747
0.0101654
0.00810739
0.0110843
0.00980532
0.00853999
0.00999127
0.0104365
0.0100152
0.0104287
0.01034
0.0104815
0.0102503
0.0105572
0.00898025
0.0109955
0.0117369
0.0102453
0.00852431
0.0108602
0.0112397
0.0124764
0.0109094
0.0103909
0.0111965
0.011006
0.0110596
0.0107547
0.0103673
0.0092786
0.0115702
0.0121167
0.0102248
0.00830741
0.00938221
0.00834505
0.0130774
0.00944111
0.0106734
0.0108878
0.010191
0.00810178
0.00602066
0.0124573
0.00950366
0.0100289
0.0114494
0.0132385
0.0107375
0.00998951
0.0108859
0.0128893
0.0137503
0.00980097
0.0102621
0.0111485
0.00989476
0.00994914
0.00967195
0.0108445
0.00961221
0.008865
0.00959894
0.0106561
0.00954519
0.0109544
0.00943849
0.0101783
0.0105097
0.0110369
0.00914202
0.0082987
0.0103204
0.00900596
0.00955378
0.0125687
0.0082938
0.00810386
0.00807318
0.00972781
0.0102893
0.0086217
0.0129194
0.0131657
0.0112763
0.0139965
0.0105275
0.0159074
0.00949726
0.011595
0.00954605
0.00933528
0.00969545
0.00969818
0.0098489
0.0122049
0.00975601
0.00878011
0.0085095
0.0110773
0.0120074
0.0107141
0.0139833
0.0147616
0.0115969
0.0157457
0.0128394
0.0122344
0.0128969
0.0129135
0.0120432
0.0114284
0.00970361
0.00982797
0.0128066
0.0125789
0.0116858
0.00841178
0.0127547
0.0121131
0.0121652
0.0121619
0.00938485
0.00919273
0.00869535
0.0115361
0.0145888
0.0084791
0.0087383
0.0108508
0.0112798
0.012075
0.00782832
0.0106699
0.0158932
0.0107131
0.0119268
0.00969793
0.0106079
0.00973493
0.0126048
0.00975471
0.0104752
0.0107984
0.0105139
0.0106158
0.0149334
0.0110001
0.00973775
0.0136267
0.0119887
0.0104392
0.00991926
0.0132245
0.0106062
0.0127263
0.0104643
0.0109538
0.0123918
0.0100122
0.0110425
0.00993576
0.0126566
0.0102615
0.0126201
0.0102143
0.0115005
0.0101066
0.00955225
0.00989844
0.0114941
0.00980411
0.0112443
0.00976993
0.011725
0.00975215
0.0113634
0.00974124
0.0118287
0.00983575
0.0125585
0.0115435
0.0128282
0.0101867
0.0129092
0.0118938
0.0116001
0.0121364
0.00754716
0.0110275
0.0111593
0.00956396
0.00976501
0.0132099
0.0121212
0.0111455
0.0112109
0.0129512
0.0126884
0.0125463
0.0123492
0.0113477
0.0112785
0.0111216
0.0110064
0.011131
0.0114417
0.0109425
0.011703
0.0124297
0.0111606
0.0088369
0.00882149
0.0104437
0.0108931
0.011569
0.0100345
0.00930502
0.00797018
0.0104466
0.0101377
0.0142406
0.010198
0.0100966
0.0123425
0.0143082
0.0113917
0.0103058
0.010065
0.0101496
0.0129507
0.00812864
0.0135834
0.0126266
0.0116512
0.0124232
0.0146983
0.0126851
0.0134002
0.00836228
0.0112208
0.0107581
0.0142575
0.0138748
0.0114782
0.0115602
0.0103268
0.0102483
0.00990536
0.0122854
0.0143056
0.0108838
0.00654544
0.0118476
0.011914
0.0110948
0.00999045
0.0116275
0.0114915
0.0108625
0.0101058
0.0078493
0.0126966
0.00842658
0.0100814
0.013595
0.0141709
0.0107341
0.0106012
0.0079414
0.0101441
0.0100246
0.00999731
0.0100641
0.0102993
0.0103662
0.0101982
0.0116824
0.011988
0.00997373
0.008289
0.0100788
0.010586
0.00987755
0.0102954
0.00982906
0.00996347
0.00993101
0.00983607
0.00993661
0.00988723
0.00986356
0.00988035
0.00942414
0.00972724
0.00958038
0.00953344
0.00960223
0.00967329
0.00966712
0.00972004
0.00971173
0.00972368
0.00973071
0.00972993
0.00974504
0.00973506
0.009782
0.00974731
0.00994091
0.00978584
0.0101525
0.00993731
0.0103489
0.010169
0.0102306
0.0102591
0.00932344
0.0115095
0.0111121
0.00930568
0.0104807
0.0108169
0.0106967
0.00831094
0.0142311
0.0143959
0.0124093
0.010612
0.0111431
0.0115965
0.0130213
0.011784
0.0112077
0.00850829
0.0107096
0.00849814
0.0111984
0.00974242
0.00970923
0.0104543
0.0095461
0.011766
0.0111948
0.00821802
0.0121355
0.0107406
0.0129294
0.0120729
0.0144074
0.00890532
0.0119816
0.0150078
0.00823416
0.00942182
0.0083701
0.013745
0.00896465
0.00841172
0.0107335
0.011781
0.0105055
0.0090244
0.0130478
0.0110459
0.0101765
0.0103987
0.013276
0.015459
0.0125705
0.00986929
0.0117834
0.0143242
0.0139375
0.012528
0.0128236
0.0107757
0.0106649
0.0130545
0.0118015
0.012403
0.0121718
0.0126725
0.0100487
0.0134278
0.01273
0.00703173
0.00843455
0.0114518
0.0112846
0.013365
0.0102698
0.0152007
0.0115314
0.00795062
0.00923317
0.0155458
0.00872299
0.012912
0.00993636
0.0153687
0.0124005
0.0122696
0.0132224
0.0076308
0.0098732
0.0108923
0.00978464
0.00813097
0.0127672
0.00881794
0.0109986
0.0111838
0.0134664
0.012286
0.0128487
0.0102197
0.0100535
0.0110091
0.0107697
0.0122899
0.01212
0.0114845
0.0107138
0.0108775
0.0144675
0.0112605
0.011244
0.0128925
0.00991085
0.0108949
0.0111857
0.00984608
0.00858952
0.0123139
0.0110887
0.0121869
0.0103293
0.0083334
0.0103187
0.0131704
0.0109363
0.00936303
0.00835621
0.0103263
0.010506
0.0096196
0.00956103
0.00979336
0.00962196
0.0101659
0.00947266
0.0105966
0.0108827
0.00763619
0.00794291
0.0122321
0.0112861
0.0131031
0.0109543
0.0111218
0.0109587
0.00927579
0.00809515
0.0110822
0.010814
0.00974622
0.00974334
0.00978156
0.00982076
0.0108213
0.0124967
0.0102942
0.0102653
0.00993258
0.0101325
0.00981898
0.0100317
0.00976397
0.0100034
0.00975425
0.0099825
0.00975599
0.00995783
0.00956803
0.00985998
0.00981893
0.0101258
0.0111028
0.0106654
0.0103514
0.00782049
0.0127684
0.0128503
0.0113721
0.010382
0.0099278
0.00977313
0.0103267
0.0124971
0.00803552
0.00998514
0.0116117
0.012836
0.010953
0.0109434
0.0130752
0.010939
0.00880493
0.0109592
0.0106822
0.0146888
0.0121491
0.0119686
0.0123988
0.00820513
0.00883085
0.0108521
0.012858
0.00869626
0.0113754
0.011396
0.0112433
0.0131589
0.0103834
0.0108374
0.00850802
0.00824223
0.01346
0.0107562
0.010733
0.00841227
0.00990245
0.00843416
0.0100747
0.0101695
0.00996108
0.0100357
0.0077036
0.00967836
0.00835226
0.0121208
0.00819645
0.0102773
0.0102711
0.0105902
0.0101005
0.0102978
0.0100337
0.0101417
0.0101029
0.0100363
0.0103495
0.010078
0.0124221
0.0103234
0.00894743
0.00895441
0.00770442
0.00759179
0.00975679
0.00954196
0.00983313
0.00987092
0.00990162
0.0098995
0.00993611
0.00991859
0.00994882
0.00993087
0.00997918
0.00994261
0.0100775
0.00997925
0.0104204
0.0100903
0.0129874
0.0104419
0.00921566
0.00920801
0.00971332
0.0097035
0.0135429
0.0101431
0.0150743
0.00967396
0.00856486
0.0119659
0.0118234
0.0119081
0.0121968
0.0109244
0.00840357
0.0119526
0.0125327
0.0109408
0.0101745
0.0117568
0.0111336
0.00826626
0.0136234
0.0106096
0.0103831
0.00867059
0.0129175
0.0107931
0.0123237
0.00894028
0.0114524
0.011475
0.0111561
0.0112901
0.0122162
0.0138596
0.0135767
0.0117967
0.0114195
0.0111938
0.0102413
0.0124567
0.00853223
0.0119454
0.0107265
0.0107942
0.016477
0.00808429
0.0111196
0.00904279
0.0130642
0.0108916
0.0149876
0.00905359
0.0103497
0.0146184
0.0132154
0.0112595
0.0114681
0.0104901
0.0156008
0.0155652
0.0138918
0.0129412
0.0103874
0.0109206
0.0122449
0.0111584
0.011125
0.0149261
0.00984575
0.00993196
0.01219
0.0118897
0.0119828
0.0145702
0.0117481
0.0111021
0.0109667
0.0104531
0.0103078
0.0122185
0.0123869
0.0120818
0.0134569
0.00668876
0.00828976
0.0111268
0.0109905
0.0106676
0.0124119
0.00971233
0.0115735
0.0121992
0.012401
0.0105019
0.0102168
0.00865721
0.0124193
0.0123716
0.0120197
0.0151887
0.0150333
0.0130145
0.0125889
0.0124971
0.0110201
0.00766292
0.0128234
0.0124466
0.0154973
0.0127018
0.0128903
0.0127708
0.01202
0.00832076
0.0159973
0.0127725
0.0111647
0.0148644
0.0107699
0.0124312
0.0144874
0.00859044
0.0112976
0.00825143
0.00965848
0.00850162
0.010389
0.0112204
0.0097444
0.012452
0.0122663
0.0115802
0.0111784
0.011072
0.01438
0.011017
0.0110755
0.0100338
0.00837804
0.0109563
0.0110504
0.0104369
0.0105926
0.0109008
0.0107518
0.0117252
0.0119525
0.0108739
0.0105138
0.0133691
0.0131712
0.0113633
0.00983182
0.0126001
0.0119565
0.00954806
0.00956247
0.0098915
0.0100824
0.0107262
0.0123327
0.00975626
0.0103521
0.00882157
0.0120453
0.0107013
0.00995665
0.0104542
0.0103215
0.0100018
0.0102746
0.0079751
0.0099655
0.0107681
0.0100787
0.0097489
0.00954725
0.0100858
0.0107066
0.0109205
0.0110503
0.0107629
0.0140464
0.0101021
0.0101022
0.0100139
0.0101054
0.00999909
0.0100964
0.00999545
0.0100297
0.00956648
0.00982997
0.00982531
0.0101934
0.0101408
0.0116563
0.011409
0.0135502
0.0156775
0.0100261
0.0119357
0.009254
0.00871206
0.0156145
0.0100539
0.00876054
0.0105934
0.00647721
0.0125212
0.0103969
0.0114902
0.0116747
0.00788547
0.0084039
0.0128615
0.00801625
0.00977077
0.0112725
0.0139528
0.010229
0.0101919
0.0105051
0.0129056
0.012905
0.0110473
0.010261
0.00989665
0.00980547
0.0130481
0.0104556
0.00768372
0.0118257
0.014187
0.0103474
0.0108051
0.0101967
0.0101858
0.00972502
0.00986401
0.00779089
0.00764068
0.0115742
0.00898789
0.0103447
0.0124425
0.010085
0.0103585
0.010039
0.0101051
0.0101423
0.0100343
0.010296
0.0100997
0.0105833
0.0102623
0.0119753
0.0120963
0.0102515
0.0115079
0.00764856
0.00964039
0.00994455
0.00986514
0.00998413
0.00990014
0.0100051
0.00992996
0.0100032
0.00995914
0.0100109
0.00997287
0.0100776
0.0100004
0.0102521
0.0100892
0.0108823
0.0103051
0.0128732
0.0123423
0.00636687
0.00974241
0.013277
0.00764858
0.00899466
0.0105981
0.0115901
0.0136049
0.0133125
0.0129728
0.0141937
0.0146283
0.0132713
0.0121918
0.00866112
0.0107142
0.0131532
0.0111107
0.0123875
0.00932651
0.00871139
0.0109834
0.00907029
0.0119593
0.0129321
0.0105171
0.0163159
0.0107618
0.0126677
0.0114683
0.0126084
0.0141608
0.011951
0.0111761
0.0104598
0.00816124
0.00822716
0.0112668
0.00805167
0.0119081
0.0117373
0.0138391
0.0118038
0.0121789
0.0159514
0.0101804
0.00947298
0.0126165
0.0129816
0.00843071
0.0124207
0.0100602
0.0162519
0.0134844
0.014303
0.0100494
0.0080264
0.0131794
0.0112483
0.0102362
0.00905787
0.0112131
0.00997674
0.0147189
0.00814396
0.00791614
0.0113039
0.012992
0.0114096
0.0145489
0.00998566
0.0124414
0.0130366
0.00915282
0.0119407
0.0115489
0.0133238
0.00849687
0.00855381
0.0123686
0.0118322
0.0118561
0.0102396
0.0113086
0.00898632
0.0119701
0.00938629
0.00885962
0.0100907
0.00971599
0.0128823
0.0112524
0.0128035
0.0133822
0.00939421
0.0156964
0.0116971
0.00867199
0.0134864
0.0103144
0.0113571
0.0100316
0.0111872
0.00932654
0.00840996
0.0115535
0.0114983
0.0108482
0.0169519
0.0133338
0.0127993
0.0140933
0.0129645
0.011436
0.0135555
0.0115881
0.0114649
0.0084004
0.0120424
0.0119144
0.0111234
0.0110593
0.011514
0.0116204
0.010975
0.0112884
0.00961761
0.0110917
0.0109535
0.0123978
0.0102723
0.0104817
0.0107755
0.00838698
0.0145726
0.00802122
0.0105785
0.0102372
0.00841431
0.0101058
0.01222
0.0105643
0.0145954
0.0101626
0.00957672
0.00957792
0.0131561
0.0100648
0.0119935
0.0103267
0.0167599
0.0122192
0.00768005
0.00775736
0.0100365
0.00993001
0.0101379
0.010003
0.0101338
0.0101259
0.0102142
0.0101831
0.0103612
0.00999876
0.00976388
0.00978271
0.0147152
0.0109236
0.0130907
0.0129936
0.0115069
0.0100619
0.0101509
0.00989539
0.0101895
0.0102016
0.0101766
0.0101241
0.0100916
0.0100307
0.00979646
0.0100203
0.0101508
0.0102549
0.0130724
0.0122104
0.0105543
0.0126927
0.0115939
0.0107391
0.0081584
0.0100816
0.0102885
0.0108277
0.011408
0.00831548
0.0110696
0.0102707
0.0124729
0.00996989
0.00842869
0.0102378
0.0142314
0.0108646
0.011744
0.0145076
0.0096542
0.0112722
0.00988137
0.0147453
0.0102574
0.00766992
0.0106723
0.00996054
0.00990119
0.0129921
0.0111842
0.00983319
0.00996777
0.0110293
0.011017
0.0100771
0.0105823
0.0107843
0.0106774
0.00819021
0.00833374
0.0102088
0.00844966
0.0137986
0.0139235
0.0072713
0.00886546
0.0132436
0.0102626
0.0124446
0.011666
0.0101328
0.0103567
0.0101544
0.0100461
0.0100943
0.00995176
0.0100415
0.00995977
0.010007
0.00996427
0.0100312
0.00997375
0.0101489
0.0100274
0.0103778
0.0101762
0.0107671
0.0103826
0.0106439
0.0107611
0.0135357
0.00618211
0.012275
0.0123066
0.0128287
0.014307
0.00994372
0.00873614
0.0102521
0.0103797
0.0113978
0.0108155
0.0099373
0.0121379
0.0110449
0.00769524
0.00987468
0.00996262
0.0124611
0.00900365
0.00886021
0.011883
0.0115231
0.0111227
0.0112698
0.0110339
0.0128704
0.00986047
0.00880088
0.00887504
0.0105651
0.0108786
0.0108753
0.0132633
0.0115313
0.012241
0.0112439
0.0121847
0.0111764
0.0119495
0.0130292
0.0118714
0.0133893
0.0097936
0.0121846
0.0134664
0.00787289
0.0106714
0.0104433
0.0138595
0.0087202
0.011427
0.00897128
0.0132867
0.0140862
0.0103809
0.0140105
0.0111266
0.0106821
0.0110001
0.00976439
0.0113635
0.0133202
0.0122922
0.0147093
0.0108417
0.0122656
0.0100025
0.0118104
0.0100276
0.0133301
0.00847065
0.00814688
0.0104903
0.00874146
0.0109601
0.0115273
0.0115062
0.0151263
0.0123137
0.0104373
0.0144073
0.0109754
0.0115248
0.0121019
0.00675474
0.0085746
0.0111456
0.0110722
0.0124041
0.0137873
0.00989095
0.0108111
0.0109856
0.0112057
0.014282
0.0158373
0.0132991
0.0129703
0.0113967
0.0100833
0.0141365
0.0116642
0.0111023
0.011369
0.0111491
0.0108454
0.0114289
0.00994999
0.00998812
0.0107084
0.0152789
0.0130873
0.012309
0.00945702
0.0143259
0.0107712
0.0132346
0.0116881
0.0127596
0.0117249
0.0143875
0.00919798
0.00860121
0.00944918
0.0141952
0.00886749
0.0125243
0.0103344
0.0102319
0.0112697
0.0110812
0.00831547
0.010739
0.0123705
0.0104627
0.0104996
0.00993648
0.0100584
0.0109768
0.0101354
0.00994841
0.0102115
0.0100082
0.0120013
0.010596
0.0107357
0.0107338
0.0103369
0.0103539
0.00956452
0.00954806
0.00991804
0.0104219
0.0108846
0.0106238
0.010252
0.0116986
0.00974772
0.00971694
0.0100187
0.00973277
0.0100584
0.00981932
0.0101495
0.0099427
0.0103268
0.0100044
0.01032
0.0101616
0.00998398
0.00995806
0.0111595
0.0103905
0.0118392
0.00636073
0.00932918
0.00907335
0.0105689
0.0105077
0.0105411
0.0102483
0.0102985
0.0100011
0.0101499
0.00990472
0.00993337
0.00967674
0.0102347
0.0100298
0.0104604
0.0104462
0.00974383
0.00956796
0.0127278
0.00968705
0.0107039
0.0115968
0.0131541
0.013497
0.0106793
0.0103349
0.0110653
0.00936512
0.00834933
0.00379611
0.0167403
0.0133693
0.0130655
0.0110616
0.0137171
0.0153975
0.0101049
0.0153147
0.0111445
0.00961862
0.00961707
0.00995806
0.00974457
0.00842162
0.0121961
0.00983619
0.00962523
0.0119968
0.0102733
0.010172
0.00976737
0.00982215
0.00999923
0.00831127
0.00948865
0.00940085
0.00829089
0.0106854
0.0105503
0.01018
0.0112713
0.0128044
0.0144799
0.0125245
0.0110069
0.0136876
0.00962212
0.00975812
0.0111125
0.00958008
0.00968576
0.00975578
0.0108107
0.00984111
0.0101728
0.0104795
0.0106926
0.00951698
0.0108716
0.0104462
0.006126
0.00998156
0.0108256
0.010576
0.0119597
0.0100875
0.00968178
0.0101801
0.0108773
0.0112085
0.014691
0.00969895
0.0162763
0.0115258
0.00969492
0.0137666
0.0134379
0.0115998
0.0126643
0.011401
0.0116389
0.0116425
0.0100134
0.0101907
0.0166414
0.0124429
0.00876229
0.0118562
0.00842292
0.0089525
0.0101561
0.0112903
0.00952242
0.0119074
0.0111233
0.0099458
0.0107635
0.00750325
0.00971063
0.0104195
0.00919296
0.00862712
0.00771686
0.00952435
0.0134932
0.0101858
0.0124585
0.0109209
0.011213
0.0113443
0.0111973
0.00964352
0.0144539
0.0130091
0.00933844
0.0056972
0.010952
0.0112704
0.0119176
0.0109851
0.0106733
0.0105578
0.00972923
0.0119291
0.0118693
0.0113385
0.0100845
0.0108203
0.0117808
0.010236
0.0114876
0.00991823
0.00992365
0.010784
0.00911004
0.0107412
0.0106317
0.0108227
0.0111819
0.0130095
0.0110504
0.0110931
0.00984213
0.00963745
0.0111844
0.0153162
0.0130154
0.0123149
0.0136841
0.0107404
0.011092
0.0111046
0.0112314
0.00986179
0.0137377
0.0126919
0.0116867
0.0113087
0.0125518
0.0107461
0.0115031
0.0111057
0.0107072
0.0121558
0.0131357
0.00962255
0.00961601
0.0119738
0.0127162
0.0116537
0.00954545
0.0111268
0.00842484
0.00864403
0.0110714
0.00964737
0.00838574
0.0104468
0.0105822
0.0110443
0.0122928
0.0120878
0.0129436
0.0122461
0.0110528
0.0111123
0.0109359
0.0109305
0.0133226
0.00862083
0.0106542
0.0103746
0.0143842
0.00959693
0.012604
0.0115241
0.0112459
0.0107371
0.0121709
0.0133993
0.0138541
0.0103607
0.0108841
0.0108823
0.0118803
0.0110616
0.0125456
0.010706
0.0104636
0.0122443
0.0100563
0.00722675
0.0097913
0.0092008
0.00964531
0.0103042
0.00958056
0.0111723
0.00955067
0.010254
0.00953636
0.0106555
0.00953276
0.00953798
0.0122031
0.0115399
0.0121335
0.011767
0.0107393
0.00876475
0.0127671
0.0127735
0.0119623
0.00906504
0.00933657
0.0124173
0.0103423
0.0142948
0.0106717
0.00981992
0.00962542
0.00983535
0.00966261
0.00991316
0.00979734
0.0101121
0.0100552
0.0103566
0.0104499
0.0101927
0.00989891
0.00789012
0.00761483
0.00762397
0.0104924
0.00817435
0.00823937
0.0123087
0.0127167
0.010704
0.0104026
0.0103939
0.00995156
0.0100731
0.00972159
0.00998832
0.00969279
0.00982671
0.00973999
0.00988374
0.0102142
0.0105295
0.0105451
0.00979827
0.010052
0.0121697
0.0109548
0.0150266
0.0105102
0.0131516
0.0101855
0.0120054
0.00892218
0.00884066
0.0109022
0.00900197
0.00830565
0.0122784
0.0104824
0.0119826
0.0112377
0.0109937
0.0150004
0.0143468
0.0124998
0.0128665
0.0105072
0.0118392
0.0103194
0.012686
0.0108767
0.00971101
0.00979924
0.0159225
0.0127471
0.00987846
0.00987307
0.0148714
0.0102592
0.0103838
0.00994364
0.00950083
0.00984936
0.0103308
0.013082
0.0137119
0.00996601
0.0103441
0.010241
0.0131398
0.010147
0.00958424
0.0152416
0.0127098
0.0141551
0.0150447
0.0125551
0.0145516
0.0119439
0.0168582
0.0114504
0.0111469
0.0116155
0.0116767
0.0127072
0.012792
0.013135
0.0130864
0.00996348
0.0100802
0.0085941
0.00867082
0.0101742
0.0125622
0.0110386
0.00910558
0.00752212
0.010191
0.00791267
0.0106311
0.0105126
0.0126545
0.0123882
0.0108731
0.0132062
0.0105434
0.010968
0.00810443
0.0103438
0.0111747
0.0170217
0.00916779
0.0107468
0.00727545
0.00889087
0.0109831
0.0105707
0.0112036
0.0101582
0.0106964
0.00992839
0.0101501
0.00980758
0.00987894
0.0097762
0.00977391
0.00978857
0.0097823
0.00981634
0.00981949
0.00987229
0.00988692
0.00997027
0.0100201
0.0103243
0.0102288
0.0102911
0.0100044
0.0124047
0.0138007
0.0149557
0.0157129
0.0121362
0.0148613
0.014141
0.0110331
0.0125502
0.0124075
0.0152911
0.0120826
0.0109064
0.0116638
0.00957588
0.00994194
0.0106466
0.0112874
0.0106647
0.0110986
0.0103197
0.0106561
0.010129
0.0101829
0.0100409
0.0100705
0.0100403
0.0100435
0.0100684
0.0100592
0.0100675
0.0101157
0.0100531
0.0101907
0.0100979
0.0102851
0.0100007
0.0103912
0.00863283
0.0112452
0.0123328
0.0136116
0.0121049
0.00987844
0.0102959
0.010331
0.0102478
0.011795
0.00990585
0.0102498
0.0103147
0.0106461
0.0103652
0.0102783
0.00944031
0.0102066
0.0102191
0.0102576
0.00934936
0.00966543
0.0103589
0.0100463
0.0102086
0.010221
0.0101207
0.0104886
0.0103082
0.0102818
0.0142844
0.0112745
0.00901272
0.0126532
0.00990015
0.010504
0.009967
0.00828276
0.00854957
0.0105244
0.0146737
0.00831103
0.0107874
0.0101768
0.010245
0.0122434
0.00800361
0.00824559
0.0101775
0.0102701
0.00789904
0.010125
0.00989337
0.0102297
0.0102232
0.0101407
0.0102898
0.0102348
0.013197
0.0102823
0.0135656
0.0094394
0.00981648
0.0107551
0.0103596
0.012503
0.0101389
0.0102253
0.0101955
0.0123099
0.010123
0.0101372
0.0101824
0.0101768
0.0102074
0.0101742
0.0102452
0.010217
0.0102887
0.0102579
0.0103882
0.0102465
0.0105514
0.0102664
0.0107339
0.010513
0.0104246
0.0102186
0.0119737
0.0129664
0.0100695
0.00825439
0.00879214
0.00926232
0.0102031
0.0104978
0.0102212
0.0101936
0.0101379
0.0100462
0.010102
0.0100439
0.0101122
0.0100868
0.010182
0.0101369
0.0103758
0.0101856
0.0107074
0.0103178
0.0110588
0.0106261
0.00972949
0.00973206
0.0140346
0.00880082
0.013443
0.0109446
0.0106281
0.0119761
0.0127102
0.0104594
0.00825092
0.00999964
0.0133204
0.0106672
0.0106181
0.0108563
0.0107767
0.0130909
0.0123107
0.010335
0.00915291
0.0111629
0.0119047
0.0110624
0.0115254
0.0116443
0.0142703
0.0080639
0.00795105
0.0124853
0.0138852
0.0112063
0.0130182
0.0100051
0.0139143
0.00880496
0.0107443
0.0110254
0.0138667
0.0128561
0.0111456
0.0101816
0.00800331
0.0100083
0.0119619
0.0100105
0.0108492
0.0101654
0.00982536
0.0101687
0.0098681
0.0102263
0.0100013
0.0102283
0.0102873
0.00790915
0.0107505
0.00793469
0.0102716
0.0133204
0.0117656
0.0106576
0.0110591
0.00879866
0.0110432
0.0130288
0.00938011
0.0124876
0.0124393
0.00885195
0.0117456
0.0105461
0.0109141
0.00901107
0.0123174
0.0126243
0.0107004
0.010487
0.010089
0.0101256
0.00988796
0.0099757
0.00974145
0.00999148
0.00968746
0.00774952
0.00898201
0.0103685
0.0104349
0.0105961
0.0121889
0.0102053
0.0136117
0.0135998
0.0102992
0.00996903
0.0155417
0.00986752
0.0103432
0.0126912
0.0127967
0.0126679
0.0123134
0.01176
0.0111074
0.0110308
0.0122904
0.0120587
0.0121349
0.0121363
0.0114917
0.0152461
0.0103703
0.0101013
0.00966027
0.0111272
0.0092595
0.0117756
0.0126597
0.010951
0.0131182
0.0156783
0.0114915
0.0111483
0.011456
0.0112348
0.00963823
0.0129041
0.0115879
0.00848486
0.010313
0.0119252
0.00970079
0.0101416
0.0122302
0.0103193
0.0103194
0.0107198
0.0105681
0.0109373
0.0108564
0.0108423
0.0107794
0.0101917
0.0105712
0.00638199
0.00778053
0.0100512
0.0081514
0.0106519
0.00991601
0.0137543
0.00679099
0.0107379
0.0172686
0.0128564
0.0128887
0.0108853
0.0134861
0.0110221
0.0104536
0.0110133
0.0101373
0.0106386
0.00996484
0.0101421
0.0098527
0.00989958
0.00980547
0.0098459
0.00989336
0.00984972
0.0126018
0.0099455
0.00952855
0.0114071
0.0108184
0.0101376
0.0100661
0.0120052
0.0117024
0.00943605
0.0113143
0.0118404
0.00932993
0.00994506
0.0124397
0.00915153
0.0106217
0.0103319
0.0110275
0.0105459
0.0110023
0.0103152
0.0106351
0.0101537
0.0101906
0.0100698
0.0101076
0.010002
0.0101237
0.010034
0.0101354
0.0115988
0.0116921
0.01077
0.0132599
0.0106836
0.0156933
0.00893647
0.015072
0.0157321
0.0141054
0.0123652
0.0113568
0.00810811
0.00984576
0.010762
0.0109984
0.0126876
0.0141431
0.0123604
0.0101146
0.0105947
0.0101824
0.00983583
0.00916602
0.0102922
0.0102834
0.0116972
0.00996514
0.0102586
0.00944902
0.0102275
0.0101045
0.010263
0.00947597
0.0103595
0.0102923
0.00973376
0.0124898
0.0100101
0.0101121
0.00940997
0.0115547
0.0124395
0.0145017
0.0102913
0.0102556
0.0140718
0.010313
0.00771345
0.0102455
0.0116995
0.00787839
0.0101252
0.010334
0.0102206
0.0122474
0.00804396
0.00836041
0.0101636
0.00991357
0.00797011
0.00977466
0.0113375
0.00974515
0.00953663
0.0097423
0.0139302
0.0143624
0.0136082
0.0144545
0.0103426
0.0103874
0.0106275
0.0128401
0.010081
0.0101744
0.00779402
0.0122311
0.0102226
0.0102081
0.0102555
0.0102613
0.0103459
0.010324
0.0117492
0.0122727
0.00756534
0.0117554
0.0112886
0.00867723
0.00995648
0.0136599
0.0148667
0.0133544
0.0140391
0.011518
0.00998837
0.0128198
0.0162864
0.0100187
0.0104122
0.0106387
0.0103358
0.0102816
0.0101801
0.0101436
0.0101307
0.0101524
0.00976726
0.0101277
0.00775648
0.00765291
0.0110093
0.00886162
0.0158312
0.0152767
0.00926697
0.00921227
0.0107344
0.0129914
0.0106032
0.0138077
0.013592
0.00919569
0.0109324
0.012006
0.00973453
0.00983332
0.00996849
0.0125695
0.0131646
0.010531
0.00983562
0.0103104
0.00990279
0.0102787
0.0100469
0.0102923
0.0103472
0.0102747
0.0107914
0.0102457
0.0102433
0.0121958
0.00941031
0.0103508
0.0109371
0.0109141
0.0122962
0.0132918
0.0102153
0.0101998
0.0148281
0.0138646
0.0131278
0.0141581
0.00897465
0.0094348
0.0123395
0.0126561
0.0121903
0.0142792
0.0097348
0.0100078
0.0102211
0.0102203
0.0102185
0.0148001
0.0102185
0.0102185
0.0102185
0.0102185
0.0102195
0.0102197
0.0102239
0.0102225
0.0102344
0.010231
0.0102551
0.0102472
0.0102901
0.0102791
0.0103581
0.00992191
0.0131303
0.0080528
0.00960343
0.00669089
0.012779
0.00790799
0.00882592
0.010063
0.013411
0.0170028
0.0118769
0.0132002
0.0127076
0.00984554
0.0103236
0.00885476
0.0088597
0.0119709
0.0117853
0.011829
0.0117183
0.0114084
0.00971735
0.0128907
0.0113335
0.0112165
0.0147001
0.0127908
0.00837266
0.0141695
0.0109534
0.0110594
0.011178
0.0110279
0.0106389
0.0082757
0.0103101
0.00824682
0.00823741
0.010892
0.0102378
0.0107559
0.0104947
0.013558
0.0119897
0.012234
0.0117946
0.0107385
0.0144271
0.0115151
0.0132158
0.0126699
0.00876517
0.012116
0.010192
0.0111174
0.00827937
0.0143126
0.00473555
0.00997869
0.0104064
0.0105595
0.0100461
0.0111454
0.0111823
0.00947842
0.0150145
0.0156363
0.0146871
0.0152616
0.0140283
0.0146003
0.0126639
0.0143789
0.0113382
0.0150179
0.0127613
0.00862749
0.0086704
0.0120296
0.0159832
0.0133593
0.0126593
0.0124411
0.00998903
0.00982379
0.0117886
0.0130721
0.0104352
0.0103855
0.0107598
0.0109341
0.011577
0.00871086
0.00976043
0.0134975
0.0115281
0.0140722
0.0116193
0.011937
0.0138908
0.0148773
0.0139506
0.0125212
0.0122897
0.0152031
0.0142119
0.0118311
0.0108729
0.00842772
0.0106805
0.0127705
0.0107175
0.0106477
0.0106567
0.0115096
0.00934162
0.0113326
0.0108862
0.0101851
0.0101756
0.0118893
0.00967379
0.00945482
0.0149613
0.0147883
0.00904172
0.0117525
0.00924407
0.00974648
0.0158227
0.0143725
0.0111118
0.0103544
0.0110465
0.00866163
0.0128517
0.00882779
0.0137223
0.0116298
0.0116702
0.0107647
0.0100167
0.0100086
0.00973288
0.0101624
0.0114806
0.0149493
0.00845389
0.0101634
0.010011
0.0100472
0.0100521
0.0101646
0.0101639
0.0101693
0.0101673
0.0101803
0.0101715
0.0101954
0.0101797
0.0102028
0.00994072
0.0109091
0.00781253
0.00800514
0.0107176
0.0113946
0.0181178
0.0142428
0.0103298
0.0140033
0.0105404
0.013199
0.0113151
0.00907616
0.0121036
0.0111172
0.00811459
0.0140027
0.0147019
0.0157035
0.00924075
0.011341
0.0108253
0.0113109
0.0118756
0.0130183
0.0118255
0.00963746
0.00947667
0.014914
0.0127605
0.0109419
0.0155537
0.012812
0.0132464
0.00906747
0.00996277
0.0172696
0.0132579
0.0102961
0.00963991
0.0124448
0.0105131
0.0104838
0.0112711
0.0128085
0.00918624
0.014597
0.0145969
0.0100215
0.0101562
0.010161
0.0113361
0.0167895
0.00972004
0.0119157
0.010764
0.0138004
0.00933824
0.0121627
0.0116725
0.0150336
0.0134281
0.00930464
0.0126044
0.0151007
0.00963089
0.0156293
0.0122625
0.0118387
0.0140583
0.0152399
0.00943467
0.0128082
0.0120991
0.012181
0.00980519
0.00986165
0.009648
0.0110631
0.0125585
0.0146001
0.0147406
0.00813975
0.0118543
0.0100096
0.011209
0.014018
0.00994982
0.0126812
0.00927878
0.00916743
0.0142064
0.0121206
0.0100015
0.0100124
0.0124313
0.0112153
0.0112973
0.00882481
0.0120469
0.0103185
0.0124974
0.0116169
0.00906351
0.0103949
0.0109112
0.0127129
0.0107628
0.00848417
0.0141772
0.0101668
0.0144654
0.012944
0.00883008
0.0114547
0.0100205
0.0100119
0.0141714
0.00961259
0.0131036
0.0127538
0.0107824
0.0112714
0.0142827
0.0158717
0.00909306
0.0130104
0.0150796
0.0134132
0.0133003
0.00860023
0.00963656
0.0141481
0.0120899
0.0107684
0.0143889
0.0151073
0.0159564
0.0120343
0.0152784
0.0117469
0.0129064
0.0103832
0.0136239
0.0121589
0.0128601
0.015497
0.0114299
0.0110991
0.0116427
0.014404
0.00998284
0.00988335
0.0112217
0.00955326
0.00979226
0.00846177
0.0107473
0.01024
0.0104994
0.010025
0.0111482
0.010118
0.00982493
0.00956145
0.00974307
0.0100168
0.011091
0.0100185
0.0106011
0.0100211
0.00976584
0.0100442
0.0101508
0.0111463
0.0109562
0.0146627
0.0124287
0.00935669
0.00925163
0.014016
0.0144892
0.0117048
0.0110706
0.0140245
0.0115964
0.012788
0.0138941
0.0111508
0.00807916
0.0126761
0.010874
0.00881866
0.0105472
0.0101314
0.0105528
0.0103319
0.0121478
0.0140844
0.0108228
0.0100054
0.0118838
0.0101223
0.0107689
0.0110398
0.0111355
0.0132821
0.0116613
0.0105323
0.0158319
0.0144182
0.0095315
0.0124932
0.00939026
0.00934312
0.0113065
0.00987705
0.0103846
0.0111651
0.00916678
0.0105205
0.0114048
0.0117998
0.00997099
0.0121059
0.0141516
0.0145905
0.0134648
0.0124791
0.0109171
0.0115106
0.0109685
0.0118239
0.0112135
0.0121938
0.0106014
0.00943782
0.0112044
0.0119239
0.012246
0.00981041
0.00977107
0.0123766
0.0124724
0.0144261
0.0155691
0.0144095
0.0123663
0.012327
0.00910298
0.014199
0.0128673
0.0162826
0.00908749
0.0120625
0.0121123
0.0117778
0.0115603
0.00850882
0.014315
0.0112917
0.0135685
0.0142303
0.00954068
0.00933872
0.0145619
0.0129668
0.0121854
0.0107124
0.0112021
0.00916
0.0128137
0.0100916
0.0097305
0.00905263
0.012702
0.010014
0.0168674
0.0104555
0.00880856
0.0109985
0.011284
0.0112003
0.0128821
0.0118129
0.00712841
0.0117291
0.0105891
0.00973244
0.0102238
0.0104798
0.00977736
0.0113561
0.0107057
0.0144654
0.0137016
0.0109501
0.0122825
0.0142407
0.00921779
0.00994711
0.01219
0.0108348
0.0104537
0.0136471
0.0142782
0.0114313
0.0106324
0.0148713
0.0112517
0.0089144
0.010238
0.0108215
0.0117165
0.0156069
0.0147948
0.0180792
0.0126461
0.0116877
0.0116611
0.0121176
0.0135896
0.0122976
0.01118
0.0111316
0.00915433
0.00942227
0.0115276
0.0106046
0.00871126
0.0111953
0.0108884
0.0122844
0.013967
0.0137356
0.0104171
0.0108148
0.0103858
0.0102791
0.00774579
0.00746816
0.0097993
0.00996785
0.00972563
0.0113851
0.0113793
0.00918955
0.00975964
0.00984452
0.0155442
0.00942937
0.0097269
0.0106932
0.0134778
0.0118768
0.0104998
0.011949
0.0127586
0.0116533
0.0126755
0.0142981
0.00953621
0.0118094
0.00907437
0.0118875
0.0117126
0.00822342
0.011066
0.00671433
0.0099968
0.00927172
0.0108126
0.00897257
0.0111524
0.00908481
0.0126954
0.0116295
0.0100162
0.00917365
0.00610515
0.0125705
0.0116778
0.010793
0.00825857
0.01325
0.0102492
0.0125499
0.0116413
0.00888202
0.0114335
0.0152149
0.0121927
0.0126007
0.012548
0.0126977
0.00981119
0.0105714
0.0116467
0.0129748
0.0108377
0.0125828
0.010846
0.0102129
0.0110661
0.0103235
0.0123564
0.0114408
0.011882
0.0128481
0.00854522
0.00876947
0.0115144
0.0125434
0.00991698
0.0147581
0.00941707
0.0161867
0.0162045
0.0143904
0.0123445
0.0148917
0.0122672
0.0109644
0.0131561
0.0116118
0.0157219
0.0142127
0.0144839
0.0147904
0.014353
0.0134402
0.0130656
0.0146573
0.00883793
0.0116194
0.0119038
0.0139098
0.00847644
0.0106973
0.0135966
0.0119344
0.00847218
0.00896084
0.0080492
0.00761556
0.0128838
0.00967425
0.0153062
0.0143853
0.00925885
0.0152671
0.0155281
0.0114235
0.0164571
0.00878601
0.0109853
0.0107832
0.0106127
0.0105886
0.0122531
0.0132232
0.0134644
0.0107344
0.0177649
0.0159269
0.0119571
0.0168445
0.0107963
0.0100202
0.0111925
0.0103563
0.00905966
0.0142779
0.0129698
0.0105787
0.00912509
0.0158595
0.01364
0.0156001
0.0151344
0.0166887
0.0131664
0.0131197
0.0128274
0.0126426
0.0135229
0.0125853
0.0117125
0.0110634
0.00837517
0.0137135
0.0104076
0.0132852
0.0141081
0.0112147
0.0125105
0.0114677
0.00926314
0.0126021
0.0110633
0.0104206
0.0119144
0.0135479
0.0165321
0.0131193
0.0124874
0.0106608
0.012072
0.0141001
0.0147349
0.0107939
0.010463
0.0109044
0.0152285
0.0146257
0.0118248
0.013984
0.014075
0.0102561
0.0163975
0.00914131
0.0125277
0.0114049
0.0129422
0.0110258
0.0108368
0.0111099
0.0117039
0.0120762
0.0123064
0.00944703
0.0114005
0.0111567
0.0131592
0.00958982
0.0111915
0.010823
0.0121847
0.00880407
0.0130009
0.0126072
0.0111543
0.0109557
0.00900312
0.00911715
0.0125396
0.0105147
0.0103379
0.0107635
0.0107102
0.010591
0.010292
0.0115698
0.0111158
0.0123001
0.0116429
0.0104865
0.00926082
0.0110713
0.00851239
0.0123307
0.00985926
0.0105264
0.0110349
0.0119807
0.0118565
0.0120764
0.0100391
0.0145203
0.012273
0.012301
0.0151777
0.00675878
0.0135213
0.0119166
0.00787691
0.00766228
0.0116088
0.0114569
0.0120331
0.00907133
0.0111868
0.0152167
0.0143638
0.012645
0.013754
0.0103238
0.0128672
0.0139598
0.0129462
0.0105604
0.0129668
0.0111434
0.0124388
0.0114959
0.0119812
0.00966107
0.0100714
0.0078005
0.00803296
0.00955576
0.013201
0.0119
0.0127047
0.0122339
0.0128137
0.00942682
0.009812
0.0109131
0.0136724
0.0154532
0.0116237
0.0136668
0.0147796
0.0125619
0.00955803
0.0172348
0.0089853
0.0108788
0.0110536
0.0110569
0.0129521
0.00996152
0.0125237
0.0114465
0.0132018
0.0113647
0.012963
0.0105463
0.0101684
0.01099
0.0132147
0.0106042
0.0109665
0.0124332
0.0103218
0.0101638
0.0108868
0.0136125
0.00954533
0.00986044
0.0115275
0.0129445
0.0112421
0.0124413
0.0114139
0.0137646
0.0113608
0.0125314
0.0107839
0.0133724
0.0096415
0.0138513
0.0126348
0.0132381
0.0135735
0.0118854
0.0112677
0.0136425
0.0116092
0.0107768
0.0104928
0.0122121
0.00653613
0.0148754
0.0122229
0.0126385
0.01527
0.0186213
0.00904643
0.0113515
0.0148659
0.0104249
0.0106491
0.0109124
0.0100113
0.0125113
0.0101958
0.0115493
0.0113619
0.0108548
0.0108556
0.0115486
0.01174
0.012602
0.0125273
0.0140963
0.0119507
0.0135434
0.00919158
0.00885846
0.0132641
0.0123255
0.0115834
0.01127
0.011522
0.0122369
0.0111363
0.0108919
0.0112269
0.01118
0.0116923
0.0102193
0.00995431
0.0122809
0.0104418
0.0106433
0.0103962
0.0102867
0.0115599
0.0126467
0.0105163
0.00881461
0.0130169
0.0150491
0.0123913
0.012334
0.00525415
0.00991805
0.0108325
0.0115624
0.011887
0.00994359
0.0114875
0.0115224
0.0115693
0.00951401
0.0154693
0.0156809
0.011394
0.0111216
0.0129928
0.0127322
0.0130302
0.00906495
0.0123849
0.012551
0.010681
0.0111113
0.0120394
0.0116243
0.0105127
0.0110363
0.00903121
0.0126281
0.0114324
0.0140197
0.011349
0.0121165
0.0100312
0.00955856
0.0100333
0.0113267
0.010218
0.0102787
0.00906648
0.0130251
0.00949598
0.00911904
0.0114063
0.0109922
0.0113198
0.00835544
0.00983574
0.0106625
0.011291
0.0150651
0.0179647
0.0114387
0.0112381
0.00960691
0.0100213
0.0108924
0.00923634
0.0119697
0.0118969
0.00861845
0.00850331
0.0122817
0.00822596
0.0148601
0.0133725
0.0112334
0.0118408
0.0123478
0.0119404
0.00963216
0.0116586
0.012244
0.0139353
0.0111685
0.0101306
0.0117474
0.0120369
0.0119588
0.0144944
0.00924873
0.014676
0.0104442
0.0123613
0.0122755
0.0186239
0.0089816
0.0113641
0.00916529
0.0117725
0.0100917
0.0109719
0.00853935
0.0105734
0.0123133
0.0129785
0.0117627
0.0118315
0.0100738
0.0172313
0.00926994
0.0106434
0.0128303
0.0120834
0.0115014
0.0114097
0.0105509
0.0110609
0.0131165
0.0152569
0.0126578
0.0124227
0.0118604
0.0142197
0.0116896
0.0110629
0.0122993
0.0104537
0.0123768
0.0119666
0.0130902
0.0119567
0.0104906
0.0113008
0.0129913
0.0117507
0.0136908
0.0106414
0.0107714
0.00877157
0.00878275
0.00894729
0.00676562
0.0100997
0.0130677
0.0166025
0.0107509
0.00935654
0.0132618
0.00929931
0.0125788
0.0165023
0.013808
0.0134996
0.00966106
0.0121751
0.0139129
0.00597611
0.013381
0.00931781
0.0138315
0.0117051
0.0140552
0.00913782
0.0120768
0.0111344
0.011766
0.00851774
0.010923
0.0110283
0.0100617
0.00971869
0.00985532
0.0118297
0.00652359
0.0128202
0.0125775
0.0127207
0.01084
0.00897966
0.010394
0.0113814
0.0136673
0.00860206
0.00879206
0.012339
0.0122703
0.0104071
0.00999925
0.0143047
0.0173858
0.0128771
0.0157965
0.0167404
0.0106154
0.0106218
0.0132957
0.00854004
0.0129741
0.00920618
0.0105116
0.0112665
0.0103307
0.0129343
0.00828224
0.0118331
0.00987601
0.0131863
0.0118721
0.00846568
0.014977
0.0164939
0.0092907
0.0103841
0.0162801
0.00893296
0.0116076
0.0101558
0.00922051
0.0187991
0.0119309
0.0108605
0.0113121
0.00877314
0.0119175
0.0136749
0.0108204
0.0124802
0.0103277
0.0127216
0.0116444
0.0113997
0.0125852
0.012307
0.0154226
0.0100075
0.0142966
0.0109997
0.00951667
0.00822214
0.00892708
0.00901887
0.010317
0.0117506
0.00988202
0.00886077
0.0108056
0.0123515
0.0120833
0.0148355
0.0116534
0.010417
0.0115156
0.0112823
0.0095217
0.0109076
0.0115325
0.00838413
0.0106305
0.0105048
0.0106985
0.0119507
0.00787358
0.0157011
0.010997
0.0161357
0.0108421
0.0101877
0.0108894
0.0110591
0.0149229
0.0144735
0.0120357
0.0101282
0.0114683
0.0113949
0.0150129
0.0100104
0.0101281
0.0111386
0.013123
0.0112876
0.0135423
0.0118669
0.0109839
0.0124604
0.010926
0.00747913
0.0108006
0.0105287
0.0112252
0.0110828
0.0108848
0.00801206
0.0127327
0.0138012
0.00517249
0.0134196
0.013635
0.010917
0.0111367
0.0106773
0.0128679
0.00873832
0.0122477
0.0100073
0.0140873
0.0109877
0.0111284
0.0127657
0.010645
0.0118163
0.0116273
0.0102451
0.0114797
0.013644
0.0130469
0.0122976
0.0116663
0.0130694
0.0112474
0.0084675
0.00981568
0.0120959
0.00893384
0.0152612
0.0143855
0.0125459
0.0109574
0.0131887
0.00889823
0.0120602
0.00927641
0.0131904
0.0121319
0.0143057
0.00871257
0.00999015
0.0113444
0.011009
0.0110559
0.0126455
0.0105889
0.0157269
0.00970741
0.00832372
0.011663
0.0131151
0.0120904
0.0116476
0.0154175
0.0138569
0.0118366
0.0107048
0.0120923
0.0105661
0.011204
0.011015
0.010063
0.00789821
0.0121023
0.00859436
0.0122199
0.0129882
0.0130639
0.00912676
0.0110362
0.0107308
0.0126638
0.0110132
0.0119469
0.00823454
0.00982298
0.0109584
0.0101195
0.0122846
0.0111957
0.00804708
0.0113072
0.0116268
0.0151782
0.00668159
0.0107548
0.0107633
0.0112099
0.0107797
0.00695312
0.0129388
0.0106833
0.00861828
0.0107749
0.0111852
0.00880889
0.0109647
0.0104982
0.00931415
0.00881014
0.0136301
0.0110559
0.00927325
0.0106148
0.00920314
0.0121915
0.0109883
0.0115861
0.0102524
0.0117615
0.00819612
0.0101633
0.0128297
0.016037
0.0100067
0.0108112
0.014153
0.0117543
0.0106242
0.0117071
0.0114309
0.00861861
0.0138278
0.0116451
0.0116372
0.00968077
0.00820602
0.00996864
0.0105448
0.0079143
0.0131566
0.0131929
0.0118127
0.0108764
0.0113621
0.014269
0.0122625
0.0118893
0.0108628
0.0112047
0.00851931
0.00828592
0.00957571
0.0116882
0.0109208
0.00981691
0.0110047
0.0137292
0.0125207
0.0123536
0.00828085
0.0107616
0.00833428
0.013493
0.0115432
0.0119178
0.0105268
0.008625
0.0100912
0.0154212
0.0121113
0.0112797
0.0127414
0.0131386
0.0131823
0.00715304
0.00599526
0.0123051
0.00988004
0.010588
0.0117451
0.0119333
0.0100306
0.0113459
0.00886647
0.00832759
0.00666772
0.0111229
0.00744121
0.0108821
0.012029
0.0107765
0.011928
0.010834
0.0107198
0.0107173
0.010771
0.0111655
0.0108192
0.00932798
0.0100864
0.00962288
0.0115886
0.011433
0.0121339
0.0108871
0.012611
0.00931796
0.00888669
0.0105654
0.0106779
0.00932678
0.0112792
0.0129715
0.0123067
0.0113839
0.0102333
0.0129447
0.0136593
0.0132931
0.0118189
0.0121007
0.0136896
0.0139974
0.0128815
0.00936435
0.0102298
0.0119263
0.0107026
0.0168656
0.00896482
0.00984701
0.00838365
0.0103914
0.0122107
0.0111345
0.0112604
0.0110204
0.00867465
0.00954502
0.0116842
0.0105734
0.0105166
0.0101341
0.0104538
0.0103794
0.0101281
0.0110266
0.0106323
0.0141261
0.0149013
0.014245
0.0113492
0.0117993
0.0111441
0.0110954
0.0126811
0.0132161
0.015346
0.00935912
0.0148485
0.0139649
0.0116709
0.0120644
0.0115249
0.00940687
0.00431337
0.0109905
0.00699763
0.0101858
0.0146486
0.00994952
0.0124496
0.0119102
0.0103657
0.0111985
0.00370487
0.0112846
0.00884127
0.012673
0.0134186
0.00990609
0.0118814
0.0113915
0.0084631
0.0107002
0.0141324
0.00991421
0.00936838
0.00946447
0.00944676
0.0138753
0.0122885
0.0121595
0.00945836
0.00922831
0.0110677
0.0112186
0.0135522
0.0113311
0.00780157
0.0100275
0.0148226
0.0154822
0.0115656
0.0119592
0.0110583
0.012143
0.00970103
0.0109915
0.00648434
0.0117717
0.012863
0.0073529
0.010839
0.0114806
0.00855454
0.0111283
0.0111009
0.0113431
0.015775
0.0149661
0.0123352
0.0143437
0.0146676
0.0156396
0.0144194
0.0104099
0.0103171
0.0165787
0.013684
0.0113579
0.010676
0.0100097
0.00990181
0.00998841
0.0106489
0.01243
0.0113143
0.010083
0.00896456
0.0139066
0.0114488
0.0111365
0.00970533
0.0120519
0.00957997
0.0120858
0.0107287
0.0102409
0.0113101
0.0106133
0.0134773
0.011019
0.0100545
0.0116313
0.0109917
0.0145814
0.0139327
0.0125207
0.0143485
0.0128491
0.0121503
0.0139847
0.0141563
0.00654782
0.0114656
0.0136174
0.00896851
0.00575235
0.0102788
0.0105642
0.0142739
0.0111763
0.0120806
0.0119757
0.0112701
0.0114449
0.0111307
0.0114229
0.0129164
0.013123
0.00907194
0.0121928
0.0114608
0.0106191
0.0132061
0.0120078
0.0143647
0.00866702
0.0088973
0.0140862
0.013417
0.0128597
0.011885
0.0124483
0.0108498
0.0115892
0.00901212
0.0112104
0.0146376
0.0111174
0.0112645
0.0113582
0.0097863
0.0149033
0.0119059
0.00880014
0.0118249
0.0135995
0.0114704
0.0112052
0.0132655
0.0109113
0.00720031
0.01428
0.0088511
0.0104179
0.0135168
0.0125166
0.0130516
0.0141947
0.0137685
0.0111142
0.0105992
0.00927901
0.0101508
0.00880923
0.0103959
0.0112362
0.0168229
0.0134498
0.0110116
0.00758041
0.0127539
0.0128506
0.0125897
0.0133702
0.017019
0.0101767
0.0100792
0.0125986
0.0110463
0.0113656
0.00829879
0.00824348
0.0110665
0.0106074
0.0113481
0.0139613
0.011791
0.0108242
0.011393
0.0155134
0.0141417
0.0131526
0.00913126
0.0113115
0.0117038
0.0115829
0.00908146
0.0119654
0.0121388
0.0137033
0.014256
0.00980497
0.010254
0.0123533
0.01169
0.0153569
0.0108182
0.0106774
0.00939912
0.0133447
0.0114777
0.0113474
0.0144577
0.0139024
0.0129003
0.0124786
0.0126227
0.00921763
0.0163038
0.00867189
0.0131505
0.011596
0.00970001
0.00763175
0.00984819
0.0119629
0.0107141
0.0130014
0.0108907
0.0114465
0.0110217
0.0111458
0.00791236
0.00968289
0.00967646
0.00974343
0.0150599
0.0116061
0.0110297
0.0125684
0.0108733
0.00997756
0.0129971
0.00803484
0.0099713
0.0124878
0.0124475
0.0140769
0.00677946
0.0118171
0.0112293
0.00904907
0.0102253
0.0100667
0.0121296
0.0119908
0.00907743
0.00854644
0.0109139
0.00938508
0.00798533
0.00937963
0.010858
0.00648484
0.00924945
0.00867196
0.0110608
0.00843753
0.0117363
0.0132923
0.0107333
0.00881476
0.0117599
0.0117183
0.00885275
0.0104533
0.0136518
0.0136511
0.00983946
0.0106245
0.0144915
0.0110143
0.00928745
0.0113197
0.0156523
0.0143428
0.0109587
0.0100738
0.0115527
0.0107805
0.0100874
0.0148105
0.0118448
0.0132074
0.00947134
0.00969411
0.0121039
0.0119561
0.0065897
0.0116688
0.0136998
0.0116526
0.0109338
0.0133973
0.00916586
0.0124416
0.00976269
0.00974282
0.0134386
0.0071189
0.0103383
0.011409
0.0126328
0.0130154
0.011385
0.0113675
0.0145455
0.0134444
0.0110628
0.00731549
0.00836988
0.00900995
0.0159044
0.0154463
0.00944502
0.00949845
0.00790504
0.0112868
0.00853595
0.00815653
0.00947578
0.007876
0.0100706
0.0168967
0.0146628
0.0101096
0.00837921
0.0099805
0.0112499
0.012258
0.0106735
0.0122062
0.0165418
0.0118844
0.0127244
0.00850729
0.00876928
0.0099093
0.0131006
0.0117993
0.00824378
0.011315
0.0112054
0.0110498
0.0102371
0.0122994
0.011877
0.0112677
0.0121638
0.010086
0.0145713
0.0117855
0.00967875
0.0129477
0.0112682
0.0118434
0.0117968
0.0136473
0.00581009
0.0100013
0.0119235
0.0119876
0.0124297
0.0119247
0.00995398
0.0112834
0.00895523
0.0128782
0.0109349
0.0122019
0.012412
0.00816322
0.00637849
0.0058191
0.00521266
0.0142947
0.0122257
0.00821723
0.0131026
0.00919455
0.0115016
0.0117654
0.011549
0.0112781
0.011109
0.00845165
0.00961166
0.0153944
0.00616352
0.00952033
0.0113632
0.0090108
0.00985389
0.00817649
0.0110397
0.0119658
0.012651
0.0112165
0.0103665
0.00900131
0.0114514
0.0101728
0.00861605
0.0111845
0.0115169
0.0113382
0.0111508
0.00900275
0.00872851
0.0136145
0.0103202
0.0108797
0.0114434
0.0111529
0.0114707
0.00943599
0.0110139
0.00862829
0.0159749
0.0122617
0.011449
0.0113338
0.0145869
0.0127064
0.0088856
0.0118315
0.0135717
0.0151686
0.00895192
0.013174
0.00885552
0.00391717
0.00939934
0.0118879
0.0127395
0.0114818
0.0115465
0.0139666
0.014364
0.0129246
0.00943575
0.00936962
0.0137607
0.00975172
0.0108697
0.0117749
0.0127856
0.0107605
0.00869255
0.0130834
0.012946
0.00835328
0.00901898
0.0114157
0.0132956
0.0126536
0.010916
0.0122138
0.0120362
0.0101658
0.0107013
0.0115906
0.0107851
0.011035
0.0112854
0.0105065
0.0110188
0.00923106
0.00822133
0.00979691
0.0110159
0.0105458
0.0113317
0.0102054
0.0136992
0.00888915
0.0121219
0.015992
0.0129098
0.00798852
0.010529
0.00823001
0.0122624
0.0115723
0.0129327
0.0133009
0.0127542
0.00924109
0.0134228
0.0135461
0.0155444
0.0182383
0.00981883
0.0129402
0.0130288
0.00976829
0.0122315
0.0122949
0.0106056
0.0126367
0.01191
0.00855489
0.00954398
0.0112743
0.00802124
0.0109042
0.0128195
0.0111051
0.0114146
0.0127124
0.0113393
0.0152592
0.0112575
0.0144105
0.0147264
0.00889549
0.0111581
0.0100557
0.0143448
0.0116167
0.00983167
0.0103603
0.0109801
0.0126618
0.0136581
0.0115129
0.0126168
0.0116294
0.0118751
0.011237
0.0134158
0.0117206
0.0115826
0.00917242
0.00903625
0.0102083
0.0108517
0.00938957
0.0102641
0.0117273
0.0115221
0.0124663
0.0110897
0.011173
0.0112699
0.011345
0.0116638
0.0117107
0.0117634
0.0148191
0.00886612
0.012217
0.00836835
0.0120413
0.0123599
0.0139796
0.0119965
0.011845
0.0128508
0.0150101
0.0130436
0.012257
0.0115348
0.0138356
0.0118365
0.0118169
0.0142827
0.0119634
0.0118681
0.0105855
0.0111702
0.0112601
0.012638
0.0126292
0.0136787
0.00992173
0.00977845
0.0119658
0.0110909
0.011337
0.00874025
0.0109422
0.0112658
0.0112146
0.0113092
0.0117488
0.0114582
0.00988712
0.010223
0.0106181
0.00872666
0.00869354
0.0154595
0.0124966
0.011243
0.0120653
0.0119535
0.0155362
0.0116592
0.0128014
0.0118251
0.0116507
0.0112979
0.0102957
0.014598
0.0116286
0.0130664
0.0135456
0.0126837
0.0121171
0.0124249
0.0104215
0.0102136
0.00856452
0.0113579
0.00872497
0.0115068
0.0113388
0.0109979
0.0109411
0.0113539
0.0110618
0.011686
0.0105387
0.0108089
0.011331
0.0116082
0.00928176
0.0135856
0.0113958
0.0111
0.0115453
0.011392
0.0116737
0.0134364
0.00909775
0.0134306
0.0149934
0.010339
0.0154133
0.01622
0.0114824
0.00851528
0.0108336
0.0121542
0.0125395
0.0128096
0.0102723
0.0112233
0.0084153
0.0126095
0.0105155
0.0110336
0.010716
0.0110354
0.0109976
0.010801
0.0137514
0.0104597
0.0119741
0.0109929
0.0115491
0.009913
0.00916581
0.0116157
0.0132207
0.011017
0.00891038
0.00933495
0.0126094
0.0124904
0.0116947
0.0156657
0.0104357
0.0111417
0.014265
0.00858851
0.015043
0.0148417
0.0115062
0.0102186
0.0100284
0.0101057
0.0109067
0.0114688
0.010697
0.0133502
0.0107747
0.0107048
0.011079
0.0107161
0.0115605
0.0107671
0.0096002
0.0117841
0.0117955
0.013416
0.0119925
0.00842221
0.0113103
0.0113691
0.0125665
0.00914859
0.0149672
0.0118042
0.0107584
0.0120171
0.0120861
0.00854445
0.0119301
0.0124304
0.0132074
0.0101853
0.0130515
0.0110203
0.0104502
0.0121099
0.0148007
0.0142417
0.0109234
0.00621397
0.0104392
0.0108925
0.0108771
0.01058
0.0109099
0.0123365
0.0128455
0.0107399
0.0119562
0.0116896
0.013854
0.00997427
0.0115799
0.011733
0.010053
0.0114951
0.0119105
0.00749481
0.0124809
0.0120323
0.0160313
0.00984687
0.0110936
0.0120729
0.013389
0.00889769
0.0108644
0.0132072
0.0121592
0.0106425
0.0049322
0.00600982
0.00667607
0.00399456
0.00658159
0.0134446
0.012427
0.00516943
0.0104533
0.0125459
0.0117567
0.00927975
0.0119498
0.010844
0.0118211
0.0115235
0.012519
0.0112286
0.0129345
0.00771656
0.0157258
0.0123788
0.0163262
0.0111941
0.0165104
0.0124613
0.00979125
0.011023
0.0103687
0.00709836
0.0132607
0.00847398
0.00408646
0.00872388
0.0112579
0.00595388
0.00534121
0.00654617
0.00960982
0.00848149
0.00981233
0.0123265
0.0121023
0.0126304
0.0113354
0.00888282
0.0117661
0.0111268
0.0117643
0.011743
0.00878288
0.0117332
0.0127761
0.0132134
0.0128759
0.00540084
0.0120825
0.0130206
0.00639354
0.0124685
0.0112502
0.0108915
0.0101071
0.0106629
0.0115236
0.00998814
0.0105466
0.0107629
0.0113007
0.00845114
0.0125848
0.0143243
0.00881799
0.0116599
0.0101978
0.00880268
0.0114582
0.0119299
0.0111638
0.0111499
0.0102463
0.0158958
0.0148393
0.0123008
0.0108807
0.0138397
0.0122798
0.0117778
0.0103923
0.00842766
0.00842346
0.0108528
0.00856745
0.00960099
0.0134751
0.0115198
0.00826515
0.00859164
0.0127415
0.0113229
0.00721913
0.0105639
0.0131131
0.00989633
0.00965209
0.0135124
0.011203
0.0111059
0.0125393
0.011884
0.00828326
0.00899129
0.0145382
0.0140123
0.0110419
0.00770058
0.00599991
0.00781311
0.0131102
0.00820856
0.012345
0.0130592
0.00830165
0.0124321
0.00995519
0.00973478
0.0101108
0.00874945
0.0101413
0.0127306
0.0167514
0.0111415
0.00961564
0.0130862
0.00981282
0.0117922
0.00693088
0.0106211
0.00891465
0.00815944
0.0103387
0.00953578
0.0117769
0.0103442
0.00797103
0.0139325
0.00659569
0.0112488
0.0129794
0.0148067
0.0122236
0.0117334
0.0181849
0.00943574
0.0113405
0.0116202
0.00905496
0.011355
0.0153395
0.0089851
0.00889228
0.00723046
0.0104881
0.0116147
0.00894373
0.00911675
0.01331
0.0114233
0.0112495
0.0100858
0.0129469
0.00993877
0.010726
0.0124312
0.00741407
0.00996236
0.00975484
0.00734394
0.0116413
0.0130454
0.0138635
0.011127
0.0102192
0.0074646
0.00987211
0.0118473
0.0135611
0.00828993
0.00831336
0.0110295
0.0121943
0.00956449
0.0103737
0.0121407
0.0140105
0.0100536
0.00915298
0.0123887
0.0118085
0.0117019
0.0127796
0.0134838
0.0127033
0.0138032
0.0085639
0.0134589
0.00921823
0.0103974
0.0108827
0.0111284
0.0131149
0.00759003
0.0128989
0.00995832
0.0110438
0.00960837
0.00770374
0.0133162
0.0112311
0.0135593
0.0125976
0.00989005
0.00911735
0.0100588
0.0122093
0.0078963
0.0115125
0.00979906
0.00767258
0.00951579
0.00853837
0.0125658
0.00871362
0.0138604
0.00819957
0.0066749
