0.0097766
0.00970066
0.00996508
0.00915152
0.00990203
0.00891596
0.00990554
0.0027771
0.00993832
0.0072588
0.00721459
0.00678272
0.00809966
0.0112589
0.0118658
0.0125106
0.0101421
0.0123837
0.00991152
0.0098327
0.00901234
0.000937978
0.0113649
0.00955178
0.00718116
0.00814774
0.00995445
0.00982102
0.00925991
0.00996841
0.00980385
0.00786051
0.010111
0.0129335
0.0144702
0.0116104
0.00717242
0.00792361
0.00855474
0.009919
0.00698892
0.00998476
0.0103263
0.0121312
0.00794172
0.00996037
0.00993332
0.0115746
0.01245
0.0112049
0.00898776
0.00978976
0.00718032
0.0101955
0.00973895
0.0120577
0.010649
0.00999818
0.0101235
0.00850302
0.00903302
0.0111073
0.0131407
0.00904761
0.00973203
0.0106746
0.0109561
0.010245
0.00700709
0.00866823
0.010716
0.0101962
0.0103996
0.0101189
0.0136167
0.0114109
0.0107732
0.0112562
0.0115652
0.00883768
0.0079241
0.00923203
0.0100522
0.0114903
0.00846263
0.0114461
0.0106693
0.00938919
0.00980843
0.00963296
0.0112714
0.0110584
0.00851629
0.0131331
0.0102766
0.00888613
0.010537
0.00868557
0.0113135
0.0123982
0.00934508
0.0115438
0.010715
0.00878907
0.00904163
0.0112407
0.00921914
0.0120768
0.0126524
0.00993552
0.0112481
0.0118314
0.0128504
0.0111155
0.0107279
0.0126281
0.0079661
0.00721816
0.00854492
0.012026
0.00965654
0.0124418
0.0125118
0.0110082
0.0107059
0.0055261
0.00493635
0.00943097
0.0106933
0.00901151
0.0125642
0.0100468
0.00958139
0.00933814
0.0110838
0.00901361
0.00777938
0.0131665
0.00975218
0.00911988
0.0110959
0.0111235
0.00869472
0.00977414
0.012594
0.0102132
0.0100073
0.0119572
0.0113681
0.00891684
0.0109932
0.0103766
0.0132427
0.00888478
0.0138239
0.0101457
0.0107576
0.010109
0.0078666
0.00893264
0.0118127
0.00871957
0.0123469
0.0124644
0.0118077
0.0102086
0.0111405
0.00957593
0.00956033
0.00955293
0.0155276
0.00955368
0.0117241
0.0104518
0.0087895
0.00923305
0.00953225
0.00922117
0.00979793
0.00847472
0.0111754
0.00565158
0.00641654
0.00607596
0.0102068
0.0125968
0.0110136
0.0134298
0.00730745
0.00972038
0.00938023
0.00934977
0.00993957
0.00867377
0.0147336
0.0104975
0.00965933
0.00770105
0.00963969
0.00954482
0.0105363
0.0105287
0.0106288
0.010675
0.00957083
0.0110666
0.00864779
0.0119593
0.0108955
0.0108803
0.00820091
0.0117309
0.00949039
0.00970336
0.00846361
0.0129987
0.0136292
0.0122071
0.010946
0.0102615
0.0101062
0.00985502
0.0126582
0.00908695
0.010434
0.00791076
0.0120468
0.00999404
0.0108573
0.010388
0.00979462
0.00886739
0.00956487
0.00957749
0.010664
0.00948762
0.0101328
0.0103956
0.0072745
0.00912263
0.0104625
0.0106463
0.00698217
0.0100374
0.00629092
0.00711504
0.00927988
0.0104526
0.0129862
0.0105376
0.00870092
0.0114909
0.00957485
0.0106896
0.0108153
0.0101895
0.00839114
0.0114301
0.014001
0.00947121
0.00967184
0.00978634
0.0113364
0.0105444
0.0102477
0.0103534
0.012922
0.00968906
0.0116153
0.010922
0.00908005
0.0104297
0.0110386
0.0114874
0.0107778
0.00793064
0.00814889
0.00986802
0.00825961
0.0081997
0.00801305
0.0105454
0.0103995
0.012701
0.010897
0.0100454
0.01178
0.0102606
0.0117485
0.0129904
0.0117293
0.00702603
0.0088964
0.00966121
0.0120683
0.00811158
0.0109499
0.0118356
0.0102356
0.00912899
0.0119877
0.0127278
0.00995491
0.00961231
0.0112091
0.0062079
0.0063981
0.00823222
0.00827603
0.00828186
0.00949193
0.00945705
0.00874443
0.0070171
0.0110805
0.011452
0.0113138
0.0112911
0.0070204
0.00991622
0.0123029
0.0117218
0.0109292
0.00923841
0.0105454
0.0111424
0.0108667
0.00565863
0.0118293
0.00956154
0.00946425
0.00971639
0.0112225
0.0107941
0.00971585
0.011164
0.00988964
0.0128503
0.011427
0.0108489
0.00773377
0.00867365
0.010184
0.0111155
0.0110392
0.0116681
0.0138889
0.0106385
0.00762239
0.0104869
0.0103373
0.00994338
0.0105004
0.0102788
0.0107312
0.0105995
0.0112183
0.0106973
0.0109736
0.0096227
0.010918
0.00995128
0.00863439
0.0115868
0.0146342
0.00918732
0.00950128
0.0124296
0.00967283
0.00825716
0.0104838
0.0111236
0.0110277
0.0119638
0.011947
0.0135762
0.00953778
0.0118141
0.00870323
0.0107979
0.00744429
0.012115
0.00693658
0.00905545
0.00929474
0.00845442
0.00959742
0.0135807
0.0129053
0.0106582
0.00895896
0.00193935
0.0113624
0.010706
0.0114057
0.0108006
0.00982042
0.0107834
0.00846316
0.0104328
0.0112501
0.0137707
0.0105317
0.0111623
0.00876396
0.0100117
0.0094516
0.0113846
0.0101993
0.00765503
0.012301
0.0100988
0.0102947
0.00902127
0.0142505
0.0105507
0.00992578
0.0142046
0.012545
0.0107816
0.0127984
0.0118449
0.0116755
0.0107389
0.0134263
0.01075
0.00778473
0.0111653
0.0129685
0.0105881
0.0103401
0.010263
0.0105168
0.0101863
0.0107345
0.011409
0.0106357
0.0107304
0.0134404
0.00997974
0.00910754
0.00991216
0.0098812
0.00767694
0.0102473
0.0099278
0.0105431
0.0100119
0.00977024
0.0102353
0.00807685
0.0105693
0.0109808
0.0119941
0.010032
0.00917777
0.00905833
0.00844192
0.00928771
0.00885363
0.0128334
0.0108848
0.0119707
0.00715841
0.00464869
0.0142461
0.0113739
0.00971959
0.0085028
0.0111219
0.0111093
0.00388675
0.00872941
0.009795
0.00976442
0.0102549
0.012562
0.011338
0.0101729
0.0109272
0.00993756
0.00870069
0.0125317
0.0134
0.0104463
0.010497
0.0111412
0.00977198
0.0100275
0.00972669
0.00972456
0.00847601
0.0108675
0.0143978
0.0117126
0.0108807
0.0126602
0.00949888
0.0109477
0.0101548
0.0113877
0.00963129
0.00997524
0.0114298
0.00978339
0.00873694
0.0103489
0.0103853
0.0106355
0.00975362
0.010153
0.0109664
0.0104283
0.0104578
0.0103368
0.0102491
0.0104738
0.0101782
0.0106513
0.0115995
0.0109608
0.0123136
0.0104811
0.00948068
0.00968848
0.00985976
0.00877668
0.0115211
0.0110237
0.0083215
0.010322
0.0116234
0.0118405
0.0120264
0.00686395
0.00869803
0.012448
0.00992409
0.00846413
0.0104049
0.00935504
0.0096054
0.0101765
0.0126496
0.00866328
0.00708866
0.0117283
0.0106826
0.00207201
0.00478309
0.0109605
0.0120514
0.00980695
0.00890056
0.0084917
0.0113617
0.00628837
0.00989303
0.0106148
0.0103789
0.0101359
0.00904969
0.0109733
0.0083101
0.0100779
0.0111655
0.00945944
0.0127842
0.0109337
0.0122235
0.0108665
0.00813569
0.0110115
0.00984824
0.0101171
0.00841482
0.00997842
0.0124207
0.0124462
0.0119491
0.0108834
0.0103648
0.0104405
0.0115106
0.0111216
0.0107046
0.0121936
0.0108731
0.0115795
0.00952661
0.0122478
0.00900853
0.00952074
0.0106652
0.0110069
0.0104653
0.0124236
0.0159912
0.0114117
0.010677
0.0104224
0.0103509
0.0103814
0.0102362
0.010458
0.00987215
0.00812105
0.0120848
0.0114268
0.0110493
0.0110916
0.0116772
0.00864133
0.0071065
0.0126281
0.0102794
0.0113242
0.0105004
0.0100281
0.0129534
0.00959965
0.011788
0.00943746
0.0104525
0.0129175
0.00960126
0.00723722
0.0117754
0.0132937
0.00916804
0.0127184
0.0103851
0.00949856
0.00801616
0.00918129
0.0106014
0.0136816
0.00825943
0.0104193
0.0104384
0.00853152
0.00987018
0.00832485
0.0104144
0.0101712
0.0109341
0.00818686
0.0111611
0.0100381
0.00905259
0.0117122
0.011478
0.0108457
0.00813648
0.00814409
0.0113165
0.00993977
0.0103898
0.0100557
0.0102063
0.0100969
0.0114058
0.0121644
0.010263
0.0103724
0.0119681
0.0126762
0.0100811
0.0100884
0.01315
0.0132341
0.0105192
0.0122149
0.0144337
0.0114321
0.0105599
0.0110247
0.00978621
0.0108797
0.00999383
0.0101204
0.00704237
0.0109631
0.010562
0.0105485
0.0104656
0.0103418
0.0105441
0.010309
0.0103529
0.0081676
0.0107713
0.00993313
0.00882146
0.010409
0.0128055
0.00855525
0.0129787
0.00991889
0.00767006
0.00978123
0.011109
0.0132875
0.0106793
0.0128038
0.0127358
0.0100299
0.0114023
0.0100677
0.010501
0.0109862
0.0099033
0.0134131
0.00908314
0.00947895
0.00925727
0.0122809
0.00920854
0.0105373
0.00918862
0.00967499
0.00958728
0.00767706
0.0103365
0.0112492
0.00912762
0.0126453
0.00773846
0.0137191
0.0101473
0.0121706
0.0120013
0.0101269
0.0114395
0.00799792
0.010086
0.0100188
0.0113454
0.0101654
0.0107184
0.00992078
0.0105179
0.00868793
0.0100411
0.0108944
0.0100899
0.0127071
0.0116239
0.0117912
0.0104569
0.00962638
0.00984715
0.0102952
0.0119075
0.012458
0.0107557
0.0081826
0.00974076
0.0087026
0.0101772
0.0119001
0.0111473
0.0103411
0.012662
0.011704
0.0116761
0.0084269
0.0113053
0.008607
0.0115985
0.0110106
0.0107356
0.0105767
0.0104908
0.0105875
0.0104402
0.0107307
0.0105295
0.0108751
0.0071004
0.00692613
0.0136953
0.0122279
0.00894464
0.0108264
0.0116102
0.00983848
0.00993088
0.00987522
0.010652
0.012376
0.00732126
0.0103266
0.0100104
0.00864923
0.0100007
0.0116029
0.00813091
0.0130314
0.0128418
0.00931927
0.00870263
0.00737887
0.0127328
0.0143666
0.0107759
0.0103865
0.00839882
0.011407
0.00819479
0.00730346
0.00868132
0.0134499
0.0114705
0.0116054
0.00851996
0.0119532
0.00977928
0.0098201
0.0129854
0.0100397
0.0121936
0.0131076
0.0102314
0.0103387
0.0101723
0.00998758
0.0100082
0.00759207
0.0123024
0.0119653
0.0102956
0.0102909
0.00797647
0.00883795
0.0123808
0.0161842
0.01244
0.0116519
0.010558
0.01016
0.00983505
0.0117507
0.00993542
0.0130347
0.0117056
0.0121855
0.0123667
0.0119182
0.0123427
0.0127712
0.010033
0.013958
0.0117562
0.0116376
0.0108112
0.0109257
0.0133312
0.00890378
0.0121503
0.011277
0.00967054
0.0110088
0.0106508
0.0106627
0.0105843
0.0105494
0.0106706
0.0106401
0.010879
0.0108316
0.0112465
0.00886389
0.01162
0.0100285
0.00742518
0.00976737
0.00969825
0.00986735
0.00991147
0.00987757
0.009903
0.0133246
0.0112771
0.00944167
0.00907728
0.010868
0.00952845
0.00756744
0.0123722
0.0101652
0.0111444
0.00962855
0.0112664
0.0084291
0.00894225
0.00927208
0.00932889
0.00999668
0.0109191
0.010913
0.0111986
0.00936645
0.00975184
0.0109258
0.0112428
0.0102254
0.0142425
0.00939908
0.0115431
0.00975369
0.00949489
0.0129119
0.0152535
0.0111802
0.0108452
0.0103933
0.0124013
0.0101299
0.00958404
0.0061829
0.0078375
0.0141355
0.0112209
0.0105487
0.0122884
0.00990601
0.0142112
0.00789302
0.00953795
0.00927515
0.0138247
0.00989429
0.00767274
0.00923096
0.0100808
0.0118621
0.00973355
0.00974009
0.0105942
0.013142
0.0111676
0.010674
0.0107087
0.0113215
0.0125117
0.0130073
0.011574
0.0102122
0.0126781
0.0134381
0.0120378
0.0119224
0.010602
0.0106362
0.0108805
0.0111637
0.0128506
0.0109599
0.010798
0.0106292
0.0106109
0.0106059
0.0106187
0.0107567
0.01077
0.0110437
0.0110403
0.0124536
0.0109753
0.0133742
0.00917764
0.00980982
0.00996398
0.00994161
0.0103664
0.0100518
0.0102395
0.0106893
0.0109684
0.00948901
0.0112453
0.0113738
0.00990272
0.0128545
0.0078013
0.0119793
0.00901012
0.0114068
0.0109456
0.0076721
0.00947406
0.0123012
0.0136155
0.0129393
0.0121716
0.0113708
0.01112
0.0118476
0.0110246
0.00887049
0.00980096
0.0107866
0.0123556
0.0113409
0.0107911
0.00968951
0.00972553
0.0111511
0.0145173
0.0105794
0.0108939
0.0100981
0.0114881
0.00777151
0.00862218
0.00888221
0.0142998
0.00762727
0.0110097
0.0121777
0.0109833
0.0104974
0.00989171
0.0107319
0.0104776
0.0134492
0.00892826
0.00996187
0.0109575
0.00989104
0.00758926
0.00788305
0.0124467
0.00953496
0.00947884
0.0141718
0.0105454
0.0100809
0.0107873
0.0154279
0.0104379
0.0110533
0.0106712
0.0127787
0.0124334
0.0124424
0.0102656
0.015839
0.0145229
0.0117205
0.0122772
0.01104
0.0138001
0.0110482
0.0106932
0.0107138
0.010591
0.0105975
0.010681
0.0106539
0.0109962
0.0107683
0.0114321
0.0127454
0.0156033
0.0101666
0.00924085
0.0101207
0.0103136
0.0103848
0.0128888
0.0103899
0.0082215
0.0110279
0.0155657
0.00943151
0.0111019
0.00989094
0.012178
0.0124694
0.0113678
0.0088916
0.0128829
0.0111715
0.0116372
0.00971893
0.0109653
0.0097392
0.0135345
0.0113433
0.0112144
0.011303
0.0103366
0.00927133
0.00774074
0.0102312
0.0141726
0.0116538
0.0117937
0.0114017
0.0117121
0.00969942
0.00973992
0.00999442
0.00971437
0.0112227
0.0136301
0.0116349
0.0123401
0.00707947
0.00892911
0.0112365
0.00785307
0.0128725
0.0136178
0.0122803
0.00869745
0.00983562
0.0111645
0.00984011
0.0113123
0.012439
0.010018
0.00996248
0.00806746
0.00952718
0.0124017
0.0119752
0.00989931
0.0092819
0.00960221
0.0111074
0.010776
0.0101877
0.0108673
0.0109831
0.0165344
0.0119884
0.011917
0.0123002
0.0108552
0.0104396
0.0103489
0.0121903
0.0121052
0.0104999
0.0114013
0.0113136
0.0117369
0.0107331
0.0110364
0.0108471
0.0106105
0.0106231
0.0105954
0.0106152
0.0107841
0.010757
0.0111216
0.011026
0.0135357
0.0112642
0.013419
0.0111131
0.0104727
0.0122464
0.0121344
0.00996634
0.010021
0.0122166
0.0111336
0.0114327
0.01123
0.0105144
0.0111583
0.00959585
0.0103996
0.0129911
0.0108439
0.0113592
0.0134263
0.0117308
0.00902827
0.0106255
0.00874819
0.00973017
0.0101029
0.0138703
0.0113154
0.00996095
0.0134699
0.00769744
0.00948919
0.00918009
0.0104606
0.0100324
0.0114782
0.00886607
0.00968631
0.00975264
0.0081603
0.00771088
0.0136266
0.00977756
0.0101534
0.00931103
0.0101515
0.00818375
0.00875337
0.0103731
0.0108894
0.0110209
0.0104511
0.0112661
0.010711
0.0103228
0.0110932
0.0109861
0.0112993
0.0131851
0.00996249
0.00990143
0.0101827
0.0080545
0.00819819
0.0120967
0.0142838
0.0104944
0.0141677
0.0101352
0.011131
0.0108914
0.00866083
0.0126356
0.00973964
0.0127575
0.0134079
0.0107861
0.0107965
0.0105337
0.0120956
0.0112606
0.0107075
0.011716
0.0114763
0.0114878
0.0110023
0.0106535
0.0106861
0.0105648
0.0105764
0.010686
0.0106462
0.0110149
0.0107796
0.0114335
0.01326
0.0114733
0.0102121
0.0109815
0.0126259
0.0112773
0.0128831
0.010273
0.0127276
0.0134217
0.0128702
0.011708
0.0136033
0.0109833
0.0111141
0.0109335
0.0111862
0.0103618
0.0126507
0.0154302
0.0123685
0.0113128
0.0126917
0.011466
0.0114507
0.0112521
0.0098017
0.0111943
0.0103121
0.0112174
0.010645
0.0127966
0.0127396
0.00995799
0.00969953
0.0110648
0.0108541
0.0106254
0.0114093
0.0117716
0.00976586
0.00978143
0.00775599
0.0127202
0.0128879
0.0103565
0.00857485
0.00876956
0.00784379
0.0159821
0.00979281
0.00836547
0.0103388
0.0123394
0.00892891
0.00990843
0.0123424
0.0108018
0.0103355
0.0126893
0.0110758
0.00871566
0.0106694
0.00875083
0.0126419
0.00982973
0.00980952
0.0105872
0.0135702
0.0107149
0.0115735
0.0091333
0.0119614
0.0113725
0.0113363
0.0121872
0.0152902
0.0140168
0.0101318
0.0133282
0.00850224
0.0101246
0.0134552
0.0137016
0.0109429
0.0123755
0.0101707
0.0116239
0.0103713
0.0110304
0.0107419
0.0107495
0.0105793
0.0105738
0.0106001
0.010612
0.0107932
0.0107784
0.0110633
0.0110322
0.013035
0.0132466
0.0133974
0.0113255
0.0130887
0.00986981
0.00975661
0.0112944
0.00950338
0.00997467
0.00726993
0.00849109
0.0140672
0.00987249
0.0103967
0.0132243
0.0109229
0.0119377
0.0131197
0.0100409
0.00828931
0.0132956
0.0121434
0.0114945
0.00955242
0.00964759
0.0118503
0.0104511
0.0134593
0.0153072
0.0126406
0.00993382
0.00979945
0.0125705
0.00939168
0.0104659
0.00979518
0.0120908
0.0102806
0.0100738
0.00985768
0.0107851
0.0122602
0.0102214
0.00975413
0.0126293
0.012029
0.0111911
0.009607
0.00997018
0.00849364
0.0140923
0.0103169
0.0110551
0.0131603
0.00926575
0.0111984
0.0102228
0.0100959
0.0121403
0.0111623
0.0111892
0.0117863
0.00997192
0.00967047
0.0122724
0.00857686
0.00957553
0.0128031
0.0103979
0.010965
0.0111304
0.0111143
0.013176
0.011842
0.0130644
0.0119312
0.0107609
0.0107153
0.0163938
0.00986515
0.0132832
0.0121761
0.0104657
0.00880302
0.0130858
0.0103137
0.00885579
0.00598176
0.0059416
0.0108577
0.0106376
0.0106207
0.0105661
0.010564
0.0107226
0.0106767
0.0109863
0.0107748
0.0113163
0.00882748
0.00867128
0.0122944
0.0129964
0.0111526
0.0149236
0.0108016
0.0098391
0.011365
0.0111278
0.012696
0.0107402
0.00886658
0.0108084
0.00813082
0.00814215
0.0114085
0.0111139
0.0101575
0.00968165
0.0120233
0.00855523
0.00817978
0.00595874
0.0114422
0.0113497
0.00966854
0.00970426
0.00962962
0.0152312
0.0104938
0.0108389
0.0122747
0.011287
0.00982143
0.0100064
0.00908851
0.00991532
0.00799863
0.0110388
0.00914036
0.01545
0.0111109
0.00812989
0.00928056
0.00833402
0.00957134
0.010474
0.00954501
0.0113178
0.00916315
0.00752597
0.00852529
0.00785613
0.0138924
0.0131562
0.0143524
0.00904324
0.011491
0.007864
0.00954882
0.0131404
0.0138745
0.011563
0.0113048
0.0111882
0.00919179
0.00992919
0.00962129
0.00984169
0.0104772
0.0124127
0.0113081
0.0110106
0.0131869
0.0128811
0.0123915
0.0123229
0.0101516
0.0107171
0.0102751
0.0114047
0.0111297
0.0132738
0.00871023
0.00998457
0.0152086
0.0137575
0.0138732
0.0120199
0.0140629
0.00946023
0.0127369
0.0110206
0.0107122
0.0106908
0.0105818
0.0105566
0.0106795
0.0106322
0.0109871
0.0108229
0.011315
0.0110042
0.0114202
0.00812314
0.00815102
0.0106622
0.0099466
0.0127228
0.0115757
0.00808011
0.0114394
0.011387
0.0109324
0.0111164
0.0107945
0.00845537
0.00815542
0.00935903
0.0113683
0.0113983
0.0096131
0.00968265
0.0133127
0.0125775
0.01018
0.0102863
0.0114156
0.0124304
0.00967749
0.00982493
0.0129204
0.0100684
0.0106582
0.0102743
0.0132048
0.0114224
0.00979369
0.01012
0.0102967
0.00962467
0.00824957
0.00829601
0.0103105
0.0125897
0.0125533
0.00726724
0.00977821
0.0129272
0.00960198
0.012364
0.0112629
0.00923849
0.00954074
0.00792122
0.00767562
0.0104296
0.0139412
0.00982936
0.0120235
0.011307
0.0100137
0.00787344
0.00834401
0.0124474
0.0103987
0.0135946
0.0112715
0.0087262
0.00983729
0.00979475
0.0099223
0.0078577
0.0091241
0.010208
0.00988197
0.0097167
0.00829746
0.0162689
0.0112339
0.00947295
0.0154379
0.0158773
0.0171347
0.010616
0.00586859
0.00980033
0.0128865
0.00585496
0.0133231
0.0124841
0.0109396
0.01249
0.0132243
0.0118145
0.0110539
0.0108352
0.0107515
0.0106258
0.0105695
0.0106214
0.0106084
0.0108403
0.0107812
0.0111881
0.0110416
0.0100007
0.0120927
0.0101284
0.0111716
0.00866086
0.00874964
0.0111044
0.0113017
0.0110422
0.0106406
0.0140986
0.0115235
0.0103906
0.010015
0.0104214
0.0113828
0.0106151
0.0128067
0.0116145
0.0125634
0.00986997
0.0118622
0.0110946
0.0109002
0.0112491
0.0130267
0.0113942
0.0120245
0.00976924
0.00965196
0.012727
0.0109686
0.0106165
0.0131984
0.0108447
0.0120794
0.00952992
0.0077076
0.0116273
0.013011
0.0109383
0.0128398
0.0128657
0.0122591
0.00915804
0.00892125
0.00991258
0.0107979
0.0115493
0.0101159
0.0119388
0.0125716
0.00972132
0.0113177
0.0100539
0.0129605
0.013633
0.0102781
0.0125856
0.0116674
0.0112475
0.0104047
0.0123152
0.00932643
0.0134557
0.0147397
0.0145867
0.0112564
0.00985743
0.00959988
0.010709
0.00999382
0.0114504
0.0106738
0.0108498
0.00815135
0.0105211
0.00922542
0.011698
0.0112077
0.0105909
0.0170848
0.0167901
0.0120905
0.0150359
0.0122818
0.00588041
0.00585593
0.0129829
0.0129496
0.0129141
0.0134908
0.00967871
0.0112923
0.00919734
0.0108246
0.0106756
0.0105952
0.0105531
0.0105717
0.0107107
0.0107206
0.0110101
0.0108898
0.0114634
0.0113774
0.00904428
0.00853157
0.0123799
0.0106283
0.0111693
0.0107981
0.0112112
0.0111196
0.013005
0.00881699
0.0101425
0.0118133
0.0099703
0.00772687
0.0109228
0.0106303
0.00796721
0.00986808
0.0118506
0.0122297
0.0102334
0.00971582
0.010331
0.0117443
0.0103949
0.0112901
0.0120475
0.0114941
0.00946966
0.00927051
0.0110507
0.0111874
0.010645
0.0121413
0.0089195
0.00768379
0.00748436
0.0108179
0.0112469
0.0111345
0.0129801
0.0123249
0.0132823
0.00867313
0.0118166
0.0087462
0.0104979
0.0114009
0.0120822
0.0133065
0.01143
0.0140854
0.0103242
0.0079564
0.0131289
0.0142399
0.0113658
0.0144196
0.0108039
0.00813784
0.0104331
0.0139871
0.0133391
0.0128616
0.0124895
0.0105504
0.0100648
0.0115574
0.0120726
0.0124584
0.0132298
0.0126427
0.011393
0.00961266
0.00939636
0.013611
0.0119658
0.0106792
0.0116736
0.0146042
0.01317
0.0112663
0.0113834
0.016732
0.014925
0.0129173
0.0140992
0.0120024
0.0132359
0.00979333
0.0159319
0.0108036
0.0098899
0.00831177
0.0110765
0.0104213
0.0105059
0.0104457
0.0105207
0.0105704
0.0106436
0.0109414
0.0108696
0.0113707
0.0111325
0.00767724
0.00750359
0.00752432
0.00972295
0.00990201
0.0102248
0.0105032
0.0102891
0.0107656
0.0106371
0.0143729
0.0100889
0.0116354
0.0117598
0.00796636
0.00942088
0.01249
0.0109061
0.0132725
0.01398
0.0145019
0.0115283
0.00820189
0.00906218
0.00968491
0.0101789
0.0107863
0.0104848
0.0133843
0.0134182
0.00958635
0.00952682
0.00913202
0.01096
0.0128785
0.0112551
0.0124107
0.0096847
0.0100201
0.0102554
0.0100702
0.011213
0.011142
0.012696
0.0123693
0.0103451
0.0104943
0.0126996
0.0113158
0.0116894
0.0108411
0.0116484
0.0131944
0.0125924
0.0100407
0.00950391
0.0112645
0.0154118
0.010844
0.0113973
0.0146647
0.0107319
0.0102434
0.00972207
0.00991262
0.0116656
0.00956817
0.0141981
0.0133108
0.0105122
0.0133505
0.009733
0.0145769
0.0144578
0.010205
0.0110897
0.0109634
0.0120562
0.0121766
0.01153
0.0149969
0.00989678
0.0160622
0.0109538
0.014036
0.00948533
0.0149008
0.0141013
0.0158872
0.013646
0.0097625
0.0119717
0.0109427
0.0142314
0.0127449
0.0107648
0.0135058
0.00948955
0.0146031
0.014496
0.00796558
0.00949846
0.00820819
0.0125916
0.0101412
0.0104857
0.0105644
0.010728
0.0107795
0.0111666
0.0110728
0.00971952
0.0120553
0.00797105
0.00800207
0.00834047
0.0090913
0.00986877
0.00788247
0.0102555
0.0103105
0.0126117
0.0142955
0.0142411
0.0125429
0.0128489
0.0101365
0.0103817
0.0100098
0.00835192
0.00950128
0.0123833
0.0130927
0.0134472
0.0101041
0.0102306
0.00970046
0.0111726
0.0159449
0.0134805
0.0123253
0.00994633
0.00988327
0.00800939
0.0100797
0.0111351
0.011997
0.0115215
0.0124382
0.0102171
0.0102394
0.00858315
0.00964576
0.0113769
0.0136974
0.0125658
0.0126149
0.0102258
0.0104382
0.0114434
0.0105281
0.0116611
0.0137526
0.0153087
0.0129952
0.00827982
0.00798816
0.0113538
0.0128337
0.0139235
0.0130262
0.011574
0.0114977
0.0118291
0.00916
0.0109593
0.0110025
0.0133542
0.0119862
0.00837629
0.0134231
0.00969797
0.00778199
0.00862686
0.0113872
0.0176864
0.0117576
0.0119819
0.00906802
0.0133504
0.00978404
0.0100201
0.010093
0.0113673
0.0104595
0.0124691
0.0106818
0.0132029
0.0145105
0.0132673
0.0126996
0.0101962
0.0131585
0.00880713
0.012347
0.0168067
0.0138802
0.0138188
0.00911852
0.0140725
0.0106805
0.0105135
0.0132844
0.013193
0.0110062
0.0121422
0.013139
0.00833965
0.0105032
0.010724
0.0107316
0.0109427
0.0108597
0.0114471
0.0120198
0.012438
0.0119221
0.0115765
0.00919895
0.00890532
0.00985302
0.0140253
0.0102275
0.0103095
0.0122019
0.0108253
0.010225
0.0123453
0.0102177
0.0128626
0.00771562
0.00986102
0.00971517
0.01327
0.0124782
0.0118882
0.00855697
0.007013
0.00774102
0.00941975
0.0109042
0.00915229
0.0124431
0.0123245
0.0102845
0.0102725
0.0101328
0.00747243
0.0113001
0.0160814
0.0126565
0.0130092
0.010388
0.0103222
0.00931617
0.0100731
0.0113861
0.0119516
0.0128373
0.0143635
0.0101998
0.0101456
0.0104675
0.0122593
0.0115716
0.0140412
0.0136991
0.0109727
0.0106006
0.0123585
0.00866838
0.0128334
0.0135877
0.0145836
0.0117203
0.0150504
0.00924347
0.0132733
0.0132732
0.0103173
0.0149619
0.0133827
0.013479
0.0145058
0.01003
0.0115633
0.0107561
0.0111417
0.0129263
0.0116628
0.00969135
0.0158237
0.0110778
0.00999126
0.010267
0.0101695
0.010326
0.0173459
0.0155127
0.010996
0.0105774
0.0120681
0.0170027
0.0111292
0.0131773
0.012144
0.0138026
0.0145339
0.0146629
0.0137595
0.0132817
0.0148257
0.0117895
0.0148187
0.0121117
0.0141822
0.014203
0.0113643
0.0103668
0.00868856
0.00884656
0.00965044
0.0135209
0.0103875
0.010949
0.0110187
0.011074
0.0109153
0.011268
0.0109905
0.0105563
0.0100024
0.0105063
0.00937622
0.0119576
0.00940011
0.0118874
0.0149371
0.0151734
0.0139269
0.00882109
0.0132923
0.0113695
0.0123173
0.012945
0.0104291
0.0132658
0.00771746
0.0108314
0.0132368
0.011755
0.0121448
0.00876855
0.0113983
0.0125811
0.00792952
0.0109735
0.0142816
0.012045
0.013667
0.0123998
0.0121072
0.0146205
0.0113412
0.013433
0.0152472
0.0134111
0.011356
0.00974499
0.0126868
0.0130491
0.0115025
0.0132064
0.0128226
0.0110395
0.00850706
0.00955336
0.00986557
0.0133537
0.0116926
0.0131587
0.0115843
0.0126386
0.0101611
0.0119182
0.0111367
0.00873005
0.0145969
0.0100972
0.0119331
0.0141403
0.0101447
0.0105278
0.0105585
0.011094
0.0110567
0.0132008
0.0145743
0.0105548
0.0125923
0.0110644
0.0101204
0.01019
0.012656
0.0128002
0.0120624
0.0110439
0.0110876
0.0130848
0.0133427
0.0106404
0.00998283
0.0103528
0.0106472
0.0139592
0.012287
0.0116621
0.0135656
0.0128623
0.0112837
0.0129894
0.0129923
0.0128907
0.013468
0.0134969
0.0144762
0.012986
0.0131428
0.0127301
0.011347
0.0168138
0.0164038
0.0129509
0.00998434
0.0113636
0.0130018
0.0103605
0.0098028
0.00993727
0.0126007
0.0110051
0.0111086
0.0114416
0.0113501
0.0109879
0.00799435
0.0104718
0.0123036
0.00944968
0.00928509
0.0107072
0.0101615
0.0148659
0.00883629
0.00919922
0.0154926
0.011868
0.0112031
0.0101669
0.00804243
0.0128006
0.00893292
0.00940051
0.0125186
0.0129918
0.012218
0.0158725
0.0097553
0.0120602
0.00995429
0.00883468
0.0120363
0.0148157
0.0110891
0.0121794
0.0124867
0.0115667
0.010275
0.0113288
0.0113931
0.012972
0.0127565
0.00963388
0.0126873
0.0129741
0.0100476
0.00786998
0.0116908
0.0130889
0.0115474
0.0158627
0.0153702
0.0108862
0.0115833
0.0133704
0.0100495
0.00996131
0.0105779
0.0103344
0.0117076
0.0157275
0.0118708
0.0104868
0.0129086
0.0110698
0.00812308
0.00983586
0.0105784
0.01113
0.0109785
0.0128737
0.0106569
0.0120048
0.0144471
0.010641
0.0125111
0.0124634
0.0131096
0.00994698
0.00859927
0.00702201
0.0141709
0.01338
0.0120579
0.0132761
0.00868708
0.0130887
0.0126712
0.0134599
0.0082369
0.011451
0.0128606
0.0147658
0.0127849
0.0131172
0.0101147
0.0102342
0.0098233
0.0111377
0.0129561
0.0122042
0.0116666
0.0115529
0.0142092
0.0130958
0.0110567
0.0115977
0.012764
0.0132117
0.01305
0.0130907
0.0121195
0.0150864
0.0139647
0.0115147
0.0109331
0.00861225
0.0083852
0.00975002
0.0118849
0.0105751
0.00877018
0.0102373
0.0128012
0.0139328
0.0115084
0.0113622
0.0118113
0.00881022
0.00910054
0.00829856
0.00790357
0.00783484
0.0100333
0.0104152
0.0105438
0.0106841
0.0129071
0.0132279
0.0136712
0.011636
0.0111765
0.00811639
0.0117708
0.0135042
0.0110282
0.00881121
0.00988179
0.0120946
0.0116046
0.0127151
0.0115938
0.0123088
0.0100249
0.011326
0.0129041
0.0111926
0.0129796
0.0127734
0.0127198
0.010576
0.00880952
0.0137041
0.0114042
0.011447
0.0122084
0.0131865
0.0132001
0.00783917
0.00955677
0.0116991
0.0114843
0.0115743
0.0122221
0.0135594
0.0134861
0.0101457
0.00994986
0.0102969
0.0110329
0.0117551
0.0142722
0.00863229
0.0137436
0.0107795
0.0109944
0.00808341
0.0100386
0.0131462
0.011291
0.0090464
0.0144873
0.0116211
0.0149306
0.0104548
0.0102416
0.0130063
0.0115341
0.00804847
0.0131661
0.0151257
0.00874455
0.0132563
0.0114925
0.0103209
0.010192
0.00922557
0.0126355
0.0129206
0.0108864
0.0124217
0.012293
0.0102744
0.008051
0.011488
0.0112928
0.012701
0.0131162
0.0103327
0.0105841
0.0101146
0.0126018
0.0137648
0.0128525
0.0145543
0.0131715
0.0144768
0.0147971
0.0143291
0.015406
0.0111753
0.0130753
0.0131714
0.0146106
0.0111355
0.0129421
0.0130526
0.0121946
0.0116982
0.0117528
0.0137678
0.0101531
0.0115775
0.00859702
0.0125534
0.0106816
0.0110245
0.0109267
0.0115017
0.0119128
0.0135409
0.0119002
0.0119833
0.0103414
0.0100749
0.0104796
0.0102416
0.0104247
0.0103647
0.01057
0.0119844
0.0094746
0.00999752
0.0122263
0.0115466
0.0119232
0.0132638
0.00896941
0.00942479
0.00861406
0.00860904
0.0154677
0.0120679
0.012942
0.0130388
0.0100333
0.011554
0.0130809
0.0129575
0.014764
0.0156058
0.0111697
0.01167
0.0110963
0.0111978
0.0142734
0.014827
0.0109578
0.00984798
0.0143473
0.01109
0.0112329
0.00965464
0.0115259
0.016663
0.0149189
0.0125448
0.0135027
0.0157557
0.0100829
0.0100069
0.0138506
0.01363
0.013452
0.0118388
0.0116636
0.0118259
0.0132385
0.0123769
0.0135337
0.0135959
0.0100258
0.0100464
0.0140955
0.0130951
0.0104983
0.0118653
0.0127723
0.0113951
0.0114537
0.0135655
0.0125847
0.0126296
0.0101353
0.0143253
0.0128579
0.0116003
0.00623015
0.0117528
0.0124287
0.00893466
0.0117159
0.0101349
0.0110541
0.0109509
0.00754542
0.0162983
0.0112699
0.0126858
0.0106884
0.0100456
0.0100713
0.0125599
0.0122733
0.0122207
0.0128727
0.0110486
0.0136649
0.0122915
0.00987285
0.0102569
0.0103748
0.0113681
0.0116938
0.0127217
0.0139067
0.0122878
0.00779399
0.0149414
0.0124827
0.0151664
0.0149001
0.0104523
0.0111711
0.0142915
0.0127499
0.0110055
0.0112893
0.0158251
0.00988827
0.0161115
0.0145711
0.0117302
0.0127798
0.0120075
0.0133022
0.0120354
0.0118068
0.0114053
0.0115919
0.0113077
0.0128292
0.0101717
0.0116739
0.0100122
0.0128363
0.00837442
0.0113908
0.0115817
0.0113873
0.0104309
0.0126457
0.00814922
0.00976096
0.0093258
0.0110941
0.0117442
0.00905017
0.0100395
0.00959841
0.00825205
0.00934456
0.0124936
0.0129985
0.0124146
0.0115146
0.00792675
0.010062
0.0106207
0.0110678
0.0118782
0.0104419
0.00889251
0.0128696
0.0122069
0.0128779
0.0115626
0.0130901
0.010124
0.00969469
0.0114274
0.00859281
0.0113106
0.0111545
0.0148468
0.0127853
0.0129843
0.0100203
0.00999372
0.00996935
0.00863858
0.00995123
0.0116159
0.012076
0.015409
0.0153628
0.0102115
0.0100738
0.011492
0.0113551
0.0112955
0.0118356
0.0115069
0.013518
0.0138424
0.0100812
0.0100545
0.0109405
0.0111259
0.0120881
0.0134201
0.0129111
0.0112751
0.00816262
0.010898
0.0140719
0.0125846
0.0120508
0.00826606
0.00951943
0.0120219
0.00877278
0.0130706
0.0136395
0.0100892
0.0101843
0.0156912
0.0109887
0.0107456
0.00986447
0.0113272
0.0102609
0.0128497
0.0129038
0.014212
0.00783679
0.0134999
0.0106857
0.00935621
0.0151263
0.0124837
0.0101999
0.0128451
0.0142897
0.0136799
0.0164804
0.0115013
0.00804141
0.0103462
0.0110563
0.00850105
0.017259
0.0118875
0.0113937
0.0123028
0.0128429
0.0115247
0.0124645
0.0130859
0.0129825
0.0119782
0.0132889
0.0158417
0.00956399
0.0150298
0.013506
0.0130695
0.0105198
0.0115746
0.0111121
0.0112603
0.0111486
0.0113087
0.0110718
0.0111911
0.0108337
0.00882179
0.00893588
0.0104129
0.0130261
0.0140238
0.0118487
0.0117689
0.0124192
0.0126531
0.0103136
0.00816837
0.0103909
0.00860169
0.0105039
0.00979943
0.0102273
0.0121952
0.00939245
0.0112089
0.0115697
0.0131261
0.0099417
0.0103408
0.0135842
0.0123243
0.0122884
0.0120714
0.0100226
0.00866687
0.0123273
0.0107859
0.0136202
0.0122065
0.0128918
0.0132696
0.0128553
0.0124439
0.011851
0.0113762
0.0126834
0.011377
0.014905
0.0123596
0.0134021
0.0126287
0.0102683
0.0100575
0.0141342
0.00869947
0.0116895
0.0119557
0.012086
0.0128483
0.00999808
0.0135367
0.0102599
0.010083
0.00863258
0.011873
0.0105178
0.0121772
0.0133801
0.0136806
0.0133466
0.0100853
0.0100133
0.0108429
0.012936
0.0121529
0.0146935
0.0120647
0.0134722
0.0134967
0.00850291
0.0112908
0.0138567
0.012226
0.0131423
0.0111354
0.0114505
0.0107427
0.011898
0.00802802
0.0094417
0.00961469
0.0137815
0.0104107
0.0129307
0.0124981
0.00996125
0.00978005
0.0132729
0.0123408
0.0132609
0.0145329
0.0132761
0.0114228
0.0120368
0.00868843
0.00944821
0.0130909
0.0154911
0.0109011
0.0140099
0.0108848
0.0108875
0.017083
0.0114067
0.0123403
0.0120706
0.0131226
0.0130615
0.0124251
0.014151
0.00948317
0.00918865
0.00806568
0.0130355
0.0129263
0.0130738
0.0133447
0.0143609
0.00978086
0.00592998
0.0123322
0.0124533
0.0100961
0.00993934
0.0126253
0.0113131
0.0108181
0.0111486
0.0110528
0.0112462
0.0110886
0.0112397
0.0110702
0.0115687
0.0123476
0.0141318
0.0120065
0.0106509
0.0100963
0.0103804
0.011499
0.012205
0.0103965
0.0109534
0.0108024
0.00807462
0.0082351
0.0111321
0.0132038
0.00936973
0.0125667
0.0103381
0.00862245
0.00881889
0.0109946
0.0112044
0.0127703
0.0121283
0.0130558
0.0106917
0.0102038
0.0127651
0.0116198
0.0122256
0.00900286
0.0110718
0.0101308
0.0135352
0.0104014
0.00903796
0.0137995
0.013663
0.0119564
0.0118198
0.011373
0.0134966
0.0128332
0.0101998
0.0136574
0.0110304
0.0119126
0.0141871
0.0123004
0.010391
0.0121244
0.0128098
0.00993585
0.0158085
0.00880986
0.0121256
0.0114305
0.0128479
0.0119177
0.0132092
0.0130392
0.0125908
0.0103966
0.0104267
0.0106699
0.0124195
0.0132946
0.0133097
0.0078682
0.0132736
0.0106316
0.00787523
0.00795437
0.0129436
0.00996424
0.0130527
0.0124708
0.0108757
0.009636
0.00846131
0.00865699
0.014562
0.0163414
0.00926275
0.00879313
0.0154369
0.010317
0.00812862
0.0138548
0.0120892
0.00855107
0.0101007
0.0162634
0.0154125
0.0105582
0.00991988
0.0134443
0.0127078
0.00927941
0.0130711
0.0107439
0.0116376
0.011757
0.0139253
0.0108484
0.0150435
0.0135415
0.00891048
0.0125924
0.0126951
0.0123358
0.0148308
0.013004
0.0131603
0.0123774
0.0129806
0.00820798
0.0104718
0.0104037
0.0128438
0.0130511
0.0133404
0.0141494
0.0120667
0.013801
0.00948018
0.00997908
0.00891911
0.0137378
0.00841821
0.0127166
0.0124765
0.0112657
0.0113996
0.0112656
0.0115254
0.0114572
0.0116269
0.0116053
0.00806044
0.0100371
0.00844159
0.00786404
0.00931158
0.0117093
0.0130183
0.0107954
0.0123846
0.0121322
0.00935172
0.0129154
0.00841728
0.00857002
0.0108897
0.0111649
0.0115287
0.00912095
0.011217
0.0123275
0.0116701
0.0124982
0.0099792
0.0128645
0.0121511
0.0123712
0.0154505
0.0128923
0.0132156
0.0119306
0.0158894
0.0102847
0.0161279
0.00878332
0.0134595
0.0115938
0.0113874
0.0151026
0.0156547
0.0131509
0.0133246
0.0132782
0.0120802
0.0129041
0.0125949
0.0124187
0.010072
0.00986723
0.0109323
0.0124169
0.0124705
0.0129349
0.00872821
0.0107894
0.00943313
0.0116068
0.0109705
0.0128394
0.00911013
0.0129701
0.0129277
0.00791497
0.00882061
0.0122301
0.0121567
0.0125429
0.00925666
0.0119334
0.0127321
0.0121716
0.0134032
0.0122745
0.0158741
0.0174654
0.0165491
0.0142989
0.0125063
0.0117271
0.0110829
0.0106507
0.012475
0.0124354
0.0107129
0.0104893
0.012518
0.0130725
0.0137735
0.0126195
0.0105738
0.0121847
0.0105463
0.0119862
0.0144389
0.0153458
0.0109133
0.0110947
0.0105728
0.00965113
0.0128208
0.0141617
0.0149429
0.012686
0.0168327
0.0120145
0.014024
0.0130206
0.0106812
0.0123595
0.015063
0.0107197
0.0143697
0.0128076
0.0127711
0.0134252
0.0103291
0.00951085
0.010482
0.0117353
0.0114545
0.00908181
0.0107553
0.0105267
0.0115509
0.0100726
0.0100633
0.0135351
0.0116258
0.0114904
0.0117707
0.0124445
0.0142828
0.0120602
0.0118426
0.00903564
0.00959141
0.0105092
0.0102488
0.0104278
0.0103411
0.0104541
0.0104236
0.00988587
0.00761967
0.00878519
0.00946538
0.00978847
0.0117227
0.011104
0.0107207
0.011154
0.0128888
0.0157999
0.0134497
0.0122469
0.0121919
0.0131931
0.0123816
0.0132199
0.0115214
0.0136365
0.00918276
0.0109926
0.0125046
0.0144547
0.0114072
0.014907
0.0135502
0.0129015
0.0134049
0.013515
0.0125016
0.0116842
0.012362
0.0149364
0.0161408
0.0134515
0.0119385
0.00903216
0.0111464
0.0121932
0.0108498
0.00788171
0.0162256
0.0147272
0.0112015
0.0148132
0.0128216
0.0100438
0.0100762
0.0114804
0.0107462
0.0127408
0.0131344
0.0134932
0.0177963
0.0119874
0.0127977
0.01286
0.00890702
0.0120663
0.013583
0.013627
0.0129046
0.0134155
0.0130108
0.0130787
0.0181442
0.0155893
0.00903573
0.0115635
0.01542
0.00694915
0.00909319
0.0189263
0.0098674
0.0119648
0.0142656
0.0116519
0.0135783
0.0107247
0.0122189
0.0114489
0.0135249
0.0118032
0.0122114
0.00912676
0.0144434
0.0168995
0.0105623
0.011312
0.0113599
0.0105576
0.00911553
0.0130328
0.00906698
0.0111965
0.0135598
0.0102424
0.0130745
0.011764
0.00912677
0.013888
0.0130578
0.00855203
0.0145372
0.0153295
0.0103533
0.0103774
0.0153457
0.00737396
0.0137925
0.0131233
0.0139054
0.0131079
0.0130526
0.0115302
0.0118442
0.012781
0.0119957
0.0108338
0.0132432
0.010104
0.0132729
0.0131758
0.0112673
0.0115389
0.011208
0.0112635
0.0112124
0.012584
0.0100676
0.0115909
0.0111164
0.0131138
0.0113302
0.011773
0.0118107
0.0117154
0.0120911
0.0104115
0.0104791
0.0102425
0.0103025
0.0121726
0.0106896
0.0101188
0.0119801
0.0104907
0.00760212
0.00937281
0.0117006
0.0114017
0.0079078
0.0076428
0.0116878
0.0105406
0.0115726
0.0159563
0.0109685
0.0125115
0.0115878
0.00903452
0.00982412
0.0103813
0.0128507
0.0130587
0.0116192
0.0138618
0.0129631
0.0118637
0.00959897
0.0145406
0.0096999
0.0107098
0.0125949
0.0126699
0.0129324
0.010823
0.0132663
0.0130608
0.0130936
0.0126127
0.0104656
0.0125987
0.01042
0.0127575
0.0122454
0.0126407
0.0129157
0.00962363
0.0126079
0.0101781
0.0106057
0.0126613
0.0128878
0.0120357
0.0105386
0.0126392
0.0106858
0.0128799
0.0128579
0.0107371
0.0106737
0.0144347
0.0124582
0.0131541
0.0131608
0.0112997
0.00858941
0.0122427
0.0103198
0.0132672
0.0103851
0.0155299
0.0116967
0.0114789
0.0137898
0.00996039
0.00995439
0.0115974
0.0138839
0.0109925
0.0120654
0.00787765
0.0125063
0.00929259
0.0120199
0.0110942
0.0152267
0.00969928
0.0115282
0.0160668
0.0192501
0.0118255
0.0134972
0.0133925
0.0149256
0.0121704
0.00990187
0.0104377
0.0133479
0.016941
0.0134697
0.0126939
0.0114064
0.0128717
0.0141215
0.0086308
0.015859
0.0118637
0.0126435
0.01523
0.01296
0.0105642
0.0100336
0.0130494
0.0128278
0.00787128
0.0126603
0.00912025
0.0133634
0.0114252
0.0111499
0.0116662
0.0115301
0.0114334
0.0113007
0.01115
0.0106834
0.0108704
0.0106009
0.00869109
0.00881523
0.0103936
0.0130356
0.0141237
0.0119667
0.0119478
0.0105297
0.00971032
0.00926967
0.0118932
0.00813043
0.00950235
0.010589
0.00821924
0.0120118
0.00932283
0.00928693
0.00888517
0.0073856
0.00971976
0.00783006
0.00900753
0.010122
0.00956264
0.00960543
0.00959972
0.0118792
0.014358
0.0128738
0.0123764
0.0122623
0.00983864
0.00967247
0.0133219
0.0130338
0.0133614
0.00866479
0.0130318
0.010532
0.0114848
0.0140557
0.0133437
0.0128803
0.0132306
0.0134328
0.0107055
0.0128536
0.0118247
0.012564
0.00888313
0.0165446
0.0137885
0.0127525
0.0129205
0.00990086
0.0106469
0.0106801
0.0128369
0.0128655
0.0124923
0.0126983
0.012129
0.012946
0.0128986
0.0129079
0.0123005
0.0120603
0.0122812
0.0128609
0.0137619
0.00942811
0.0123086
0.0130623
0.0130187
0.0128023
0.0112153
0.0108744
0.0109191
0.014572
0.00991294
0.0125249
0.0125759
0.0127879
0.0127247
0.0121578
0.0131339
0.013007
0.0102393
0.0128936
0.0132781
0.013609
0.0158006
0.0110945
0.0101859
0.0101053
0.0100106
0.0129322
0.0086025
0.0117491
0.00789364
0.00843432
0.0128521
0.00851877
0.0112617
0.0129803
0.0125621
0.0136911
0.0140135
0.01496
0.0100377
0.0145084
0.0102494
0.0131008
0.00952092
0.00861571
0.0146049
0.00848278
0.00917413
0.0112782
0.0106872
0.0132353
0.0124042
0.0114309
0.010464
0.013177
0.0129987
0.0152605
0.00926685
0.0112986
0.0126088
0.0119148
0.0132796
0.0135319
0.0131505
0.0102286
0.0115327
0.0133117
0.012359
0.0117555
0.0146263
0.00924313
0.0119034
0.0133837
0.0132901
0.01178
0.0129738
0.0107777
0.0115997
0.0119081
0.0101031
0.0114864
0.00870115
0.0125332
0.0106378
0.0110726
0.0108954
0.0115709
0.0124375
0.0142267
0.0121076
0.0131396
0.0112173
0.0109579
0.00961142
0.0101578
0.0128694
0.0120526
0.00760409
0.0079703
0.0102774
0.0103558
0.0104353
0.0107763
0.0126964
0.0147438
0.0147943
0.0116708
0.0112441
0.0112833
0.0121983
0.0121755
0.0104047
0.0132266
0.0113418
0.00907355
0.012625
0.00938818
0.0121632
0.0130249
0.0100673
0.01214
0.0117135
0.0104467
0.0105139
0.00975022
0.0128905
0.0148486
0.00852665
0.00970972
0.0129061
0.0128699
0.00989811
0.00818764
0.0131456
0.0129778
0.0178987
0.0117774
0.0131952
0.0110404
0.0109496
0.0133427
0.013315
0.0122026
0.00915817
0.0116129
0.0131335
0.0104058
0.0130649
0.00945101
0.0167268
0.011562
0.00729942
0.00854766
0.0122496
0.0108577
0.0107139
0.0109071
0.012221
0.00970191
0.0134106
0.0112286
0.0128106
0.00871011
0.0127817
0.0106027
0.0134704
0.0192667
0.0143608
0.00892663
0.00877221
0.0150404
0.0134715
0.0100316
0.0106055
0.0106026
0.0101455
0.0151732
0.0116046
0.0141282
0.0135595
0.0136519
0.013083
0.012758
0.0128731
0.0122214
0.0120032
0.0134516
0.0124759
0.0109458
0.0134816
0.0116085
0.013191
0.0126735
0.0134678
0.0113669
0.0131807
0.0133563
0.012174
0.0110178
0.00972847
0.00982907
0.0113743
0.0100645
0.0128063
0.00861034
0.011406
0.0115228
0.0114549
0.0111149
0.0148606
0.0133392
0.00610421
0.00626853
0.00972478
0.0106279
0.0107303
0.0105359
0.0100601
0.0103377
0.0103262
0.0119361
0.00901773
0.0118723
0.0133745
0.010656
0.0146086
0.0122944
0.0119546
0.012412
0.0116365
0.0101218
0.00833633
0.0130947
0.0120459
0.0127927
0.00786974
0.00825074
0.012985
0.0128892
0.0129997
0.00814141
0.00810925
0.0126745
0.0125868
0.00738502
0.00973889
0.0129965
0.0129647
0.0114959
0.0103814
0.009493
0.0146821
0.00900427
0.0112277
0.0108223
0.010711
0.0110298
0.0130317
0.0107385
0.011501
0.0107676
0.0132576
0.0106386
0.0112135
0.0134488
0.00859166
0.00990641
0.0145955
0.0100353
0.0106843
0.0113885
0.0106272
0.0101343
0.0106138
0.0120752
0.0109747
0.0130856
0.0113079
0.00948615
0.0118157
0.0154851
0.0134329
0.0172888
0.0121094
0.0132882
0.00907481
0.0137521
0.0111856
0.0098091
0.0109578
0.0112163
0.0106264
0.011931
0.0140617
0.00952949
0.014604
0.00782362
0.00835263
0.0148876
0.0111093
0.0118671
0.0120408
0.0110523
0.0109233
0.011244
0.0128281
0.0131839
0.0108419
0.0128098
0.00977189
0.0107181
0.0110903
0.0109726
0.0110042
0.00797805
0.00911741
0.0108644
0.0104314
0.0101321
0.0128073
0.0138341
0.0116474
0.0117454
0.0130976
0.0128011
0.012041
0.0132826
0.00606333
0.00621942
0.0104946
0.00784865
0.0143802
0.00951375
0.00988031
0.00993484
0.00811292
0.011656
0.0121039
0.012148
0.012095
0.00852463
0.00897834
0.0132182
0.00994741
0.0132087
0.0101482
0.012624
0.0113851
0.00911463
0.0132379
0.0106293
0.0091688
0.0118683
0.0102387
0.0128379
0.012965
0.00976487
0.0133765
0.0120802
0.0129857
0.0130554
0.0128686
0.0127355
0.0124304
0.0119579
0.0130877
0.0131058
0.00691344
0.0135017
0.0145704
0.0133123
0.00930679
0.0107205
0.0128843
0.0112971
0.011041
0.0143176
0.0128416
0.0147378
0.00888072
0.0120049
0.0122169
0.0124841
0.0121707
0.0145987
0.012224
0.0128131
0.0135727
0.0107341
0.0133159
0.0116765
0.0137147
0.0139797
0.0128323
0.0153211
0.0191386
0.0118326
0.0109156
0.0112083
0.01024
0.00899441
0.0114137
0.0113149
0.00914979
0.0107555
0.00885712
0.0129322
0.00994519
0.0116544
0.0104592
0.0110808
0.0119661
0.0115143
0.0131594
0.0125399
0.0102021
0.0106568
0.0081818
0.0129717
0.00990618
0.00814069
0.0108246
0.00881699
0.00842855
0.0107478
0.0110788
0.0114474
0.011307
0.011278
0.0109379
0.0106502
0.00845969
0.0120704
0.0137825
0.0116189
0.00926884
0.0113525
0.0131837
0.0134118
0.00819905
0.00955753
0.0123928
0.014842
0.0101418
0.0107134
0.0100099
0.0108193
0.0117708
0.0103257
0.00620468
0.0120253
0.00877518
0.0125276
0.0128036
0.0133526
0.00923809
0.0124101
0.00972654
0.0158276
0.0125766
0.0120913
0.010975
0.0129617
0.0127168
0.0152421
0.0133826
0.0130549
0.00868323
0.0134237
0.0125888
0.0136435
0.0166755
0.0117565
0.00914715
0.0145287
0.0115044
0.0106334
0.0142017
0.0115133
0.0144547
0.0105252
0.0106036
0.0106624
0.0151135
0.0191313
0.0119405
0.013454
0.0125151
0.00895161
0.0113131
0.010446
0.0096383
0.0114787
0.0119871
0.0120188
0.0128239
0.0128078
0.0129385
0.00847388
0.0088659
0.0113422
0.0130848
0.0102538
0.00999167
0.0140721
0.0104678
0.0118288
0.00961285
0.0119191
0.0102086
0.00964648
0.00810491
0.0126038
0.00978248
0.00849085
0.0106114
0.0110298
0.00966254
0.010515
0.0118796
0.0111165
0.0116091
0.0117196
0.0111207
0.0150042
0.0120773
0.0106049
0.00894874
0.0127088
0.0125296
0.0114894
0.00849906
0.0115416
0.0139247
0.00816649
0.00797216
0.00804785
0.0107858
0.0107388
0.0105686
0.0114339
0.0110808
0.0106996
0.0103303
0.0121914
0.0117467
0.00876141
0.0113064
0.00906987
0.0110108
0.00907751
0.00876698
0.01105
0.012209
0.0110498
0.0111832
0.0126006
0.00875453
0.0127903
0.0128254
0.0164977
0.0116791
0.0120517
0.0134932
0.0107673
0.00946194
0.0131522
0.0131635
0.00979946
0.0100203
0.0130265
0.0117747
0.00811825
0.0119484
0.0126096
0.0162605
0.0109373
0.016186
0.0112168
0.0139635
0.0137117
0.0113715
0.0107762
0.0107319
0.0098845
0.0129277
0.0126268
0.0127223
0.00999587
0.0106647
0.00933613
0.00841269
0.0119425
0.0124754
0.0123323
0.0126969
0.0105961
0.0105719
0.0122856
0.0106273
0.0106206
0.016751
0.0116212
0.0101995
0.00906953
0.0103048
0.0126973
0.0102876
0.0121736
0.0134672
0.0101054
0.0103001
0.0124359
0.00977464
0.0112581
0.0124147
0.0131049
0.0116704
0.0115122
0.011924
0.0120069
0.010832
0.00879172
0.0086628
0.0109847
0.0135192
0.00826425
0.00822566
0.0140001
0.00938378
0.0123737
0.0105673
0.0118345
0.0156282
0.0111262
0.010768
0.0103616
0.0104032
0.00949684
0.0119189
0.0131113
0.00892371
0.011641
0.0110565
0.0106244
0.0137204
0.0113968
0.00858878
0.0109133
0.0127932
0.00990812
0.0107868
0.0110349
0.013029
0.0116449
0.0105898
0.0100138
0.0124888
0.0128313
0.0154762
0.00881727
0.014366
0.0100986
0.0120735
0.0127651
0.0103362
0.0104603
0.00993299
0.00823971
0.0130159
0.0124825
0.0128979
0.00954439
0.0123268
0.0103269
0.0109018
0.0104828
0.0151301
0.0135912
0.0121964
0.0133606
0.0127153
0.0109712
0.010879
0.0138
0.0129884
0.00900564
0.0105417
0.0100926
0.0127611
0.0127436
0.0140089
0.00932908
0.0118396
0.0127118
0.00850886
0.0116081
0.0117693
0.0115245
0.0123765
0.0106596
0.0106908
0.010394
0.0103699
0.0103245
0.0101703
0.0106963
0.0127491
0.0148283
0.012555
0.0128149
0.0108163
0.0122959
0.0129725
0.0114365
0.0115805
0.0115786
0.0115602
0.0110532
0.0116268
0.0103853
0.00984923
0.00798859
0.0103703
0.00986156
0.00966158
0.0100679
0.0102365
0.0139097
0.0149347
0.00930322
0.0136045
0.0141302
0.0129832
0.0119513
0.0111276
0.014529
0.0126914
0.0132509
0.0143309
0.0133128
0.00907085
0.0153706
0.0114559
0.0103243
0.0126794
0.0134148
0.0128558
0.0108713
0.0108446
0.016049
0.013222
0.0104498
0.0118821
0.0132013
0.0132342
0.0121368
0.0106799
0.0123772
0.00840748
0.00841637
0.0129741
0.0112813
0.0137126
0.00671249
0.0109961
0.00956898
0.010955
0.0121309
0.0123673
0.0132579
0.011371
0.00990369
0.0116994
0.0112743
0.00819302
0.0101477
0.0113291
0.0124021
0.0145546
0.00851539
0.00987773
0.0145594
0.0132997
0.0102814
0.0125279
0.0109817
0.0111145
0.0129862
0.0103121
0.0100952
0.00759697
0.0100166
0.00996003
0.00990295
0.0118804
0.0112044
0.0107636
0.0101828
0.0105466
0.0119805
0.0104161
0.0105214
0.0125246
0.0126412
0.00782106
0.0122329
0.00781511
0.00955414
0.0110385
0.01225
0.00950267
0.0114282
0.0134909
0.00807807
0.00769415
0.00796644
0.00878412
0.0102287
0.0107477
0.0112531
0.0144113
0.0151202
0.0136341
0.00950406
0.00893885
0.00885441
0.0137168
0.0133477
0.0134922
0.00785406
0.0121875
0.0119737
0.0143075
0.0145153
0.0128612
0.00971003
0.0129511
0.0143551
0.0122737
0.0110744
0.0131475
0.0099982
0.0107161
0.010204
0.0133625
0.0141644
0.0144357
0.00978768
0.00942633
0.0169155
0.0120783
0.0104643
0.0107775
0.0113508
0.0122023
0.0119457
0.0116052
0.00866477
0.0101526
0.0116097
0.0117433
0.0109438
0.00877318
0.0144018
0.0122421
0.0113576
0.0119281
0.0104742
0.0104369
0.0122409
0.00952239
0.0122369
0.0141169
0.0115946
0.0107551
0.0109648
0.0131145
0.0132885
0.00872118
0.0106775
0.0150319
0.0110623
0.0094238
0.0104626
0.00993792
0.0120436
0.0107861
0.0083917
0.0130307
0.0082094
0.00825985
0.00777155
0.00932861
0.0127362
0.0127953
0.0104807
0.0105931
0.0108124
0.01162
0.00951366
0.00831036
0.00953133
0.0112099
0.0106748
0.0107188
0.0137069
0.0100659
0.00766141
0.0103991
0.00801242
0.0133629
0.0126085
0.0110474
0.0113037
0.0134398
0.0118991
0.0129205
0.0114527
0.0123382
0.0128477
0.00897301
0.0101781
0.0079117
0.0129617
0.0124312
0.0114371
0.00776753
0.0126172
0.0132171
0.0105217
0.0106
0.00828627
0.0128023
0.0130525
0.00975373
0.0115618
0.0129002
0.0115849
0.0132682
0.0113054
0.0116361
0.010244
0.0116442
0.0108119
0.00839175
0.0105061
0.0134493
0.0140759
0.0111226
0.0141555
0.00841856
0.00962193
0.0113855
0.0122616
0.012456
0.00939757
0.00898226
0.0140716
0.0108641
0.0104595
0.010458
0.0132157
0.0158247
0.0106309
0.0105593
0.00958291
0.0100652
0.0119932
0.0117425
0.0118697
0.0103128
0.00948998
0.00921106
0.0103361
0.0127209
0.0102632
0.010148
0.00792274
0.00934703
0.0109914
0.0114752
0.0108088
0.0161566
0.0122004
0.0119705
0.0134287
0.0112606
0.00848145
0.0127401
0.0140481
0.0119444
0.0134282
0.0122879
0.0104003
0.0105423
0.0145826
0.013071
0.0137274
0.00807639
0.00891786
0.011922
0.00959178
0.0122502
0.0131395
0.0113857
0.0109445
0.00982535
0.0120091
0.0104363
0.012484
0.0118032
0.013687
0.0127183
0.0118452
0.00823157
0.0136038
0.00997666
0.0120172
0.0139441
0.0120891
0.0128949
0.0146059
0.0130146
0.0128041
0.00915465
0.0112969
0.0106207
0.00935612
0.0109388
0.00980509
0.0111579
0.0104734
0.0113194
0.0118219
0.00943689
0.0125069
0.0123225
0.0122709
0.00913993
0.0114283
0.0111945
0.00830089
0.0108278
0.0128433
0.0159536
0.0104509
0.0129105
0.00840299
0.010389
0.00819045
0.00839689
0.0115056
0.0108428
0.0113679
0.0102066
0.0101184
0.0131763
0.0114849
0.00931782
0.0108517
0.0087251
0.0109082
0.00996101
0.0151313
0.0122766
0.0140213
0.0121615
0.0101223
0.0110495
0.00956782
0.0127089
0.0134118
0.0103782
0.0115032
0.0137839
0.0105165
0.0127382
0.0117541
0.0128829
0.0149453
0.00870585
0.00841928
0.00821193
0.0106317
0.0137491
0.0145477
0.00842691
0.0123393
0.0113643
0.00821704
0.012073
0.0119345
0.010307
0.0144409
0.0114778
0.0113344
0.010653
0.0110199
0.0110153
0.0131032
0.00717656
0.00958767
0.0115995
0.0115792
0.0123218
0.013034
0.0139062
0.0152856
0.011743
0.0102388
0.0125932
0.00940367
0.0129951
0.0111315
0.00814656
0.0104046
0.011805
0.0110939
0.0108905
0.0127787
0.0117949
0.0127669
0.00948675
0.0124315
0.0124844
0.0121777
0.0119692
0.0122016
0.00822935
0.0118572
0.00870524
0.00845791
0.0134238
0.0116059
0.0105237
0.0109999
0.0145227
0.00960622
0.0153738
0.0100045
0.0114885
0.010228
0.0102355
0.00933112
0.00889647
0.0100874
0.0109526
0.00851743
0.0100485
0.0121201
0.00952561
0.0121649
0.0103014
0.0131499
0.0110698
0.0125366
0.00955779
0.00874946
0.0101475
0.0113861
0.0129119
0.0158699
0.0113242
0.00990065
0.0157693
0.0108629
0.0112223
0.0112451
0.0135343
0.0125685
0.013289
0.00952619
0.0103362
0.0150056
0.010066
0.0098028
0.0119126
0.0121653
0.0109356
0.0146202
0.0113572
0.0109559
0.0106082
0.0100763
0.0120762
0.0106889
0.00886766
0.0087289
0.0102153
0.012686
0.014097
0.00618907
0.0126828
0.0108432
0.0113364
0.0118285
0.0134046
0.014815
0.0115015
0.016362
0.0108665
0.0126797
0.0084484
0.0111989
0.0124383
0.00800265
0.00914778
0.0106701
0.0098239
0.014505
0.0153346
0.0125892
0.0116699
0.00801065
0.0113694
0.00866396
0.0115613
0.0121182
0.0121637
0.012768
0.0125221
0.0115269
0.011291
0.00871548
0.0116614
0.0115066
0.0122459
0.0107673
0.0114526
0.013625
0.010125
0.0103153
0.00999384
0.0100411
0.00901351
0.00971782
0.00741475
0.00789367
0.0133307
0.0110616
0.0121289
0.0129428
0.012331
0.0132149
0.0122993
0.0138206
0.0130145
0.0083724
0.014162
0.0121905
0.00969127
0.00875467
0.0127911
0.0130123
0.0104704
0.012842
0.0129169
0.0152718
0.0119471
0.0138153
0.00955026
0.0149708
0.011982
0.0107537
0.0118975
0.0136197
0.0150242
0.0148418
0.010982
0.010651
0.0110169
0.0098004
0.0115735
0.0117226
0.0167503
0.0112276
0.0147086
0.00883686
0.0112532
0.011302
0.0102052
0.0106991
0.0112984
0.0124082
0.0116742
0.00932105
0.00883048
0.00524743
0.0128684
0.00850966
0.0126063
0.0157714
0.0106988
0.012617
0.00916012
0.0104909
0.00845136
0.0110991
0.0130768
0.012543
0.0100245
0.00861805
0.00839539
0.0106957
0.0146607
0.0117914
0.0111077
0.0145655
0.00819058
0.0127228
0.0128943
0.00837496
0.0102297
0.0108884
0.00901599
0.0112905
0.0150746
0.00765112
0.0122551
0.0110555
0.0127668
0.0124108
0.015084
0.0127702
0.0117387
0.00899423
0.0136621
0.0128505
0.0111017
0.00952834
0.0113946
0.0140108
0.0110681
0.0126094
0.0128896
0.0144485
0.00978378
0.0109643
0.0139038
0.0133744
0.0144868
0.0103429
0.015453
0.011285
0.0122844
0.0147192
0.0123538
0.0157336
0.0122171
0.00992884
0.00859107
0.00612196
0.0102449
0.0118561
0.0129587
0.0127792
0.0118197
0.0148864
0.0119869
0.0130657
0.0135271
0.0181975
0.0184775
0.0103887
0.0144164
0.0116058
0.0117479
0.0127126
0.0128784
0.0115746
0.0127514
0.0125991
0.0124973
0.0156597
0.0126292
0.01231
0.0121956
0.0134497
0.0127747
0.0120254
0.0128815
0.00920375
0.0096643
0.0115928
0.0114264
0.0112932
0.00959547
0.0128396
0.0120627
0.0120141
0.0132327
0.0129884
0.00901376
0.0101371
0.0131436
0.0130201
0.0128841
0.0179455
0.0095921
0.0107223
0.00867066
0.0140549
0.0167273
0.0104542
0.0104793
0.00877245
0.012616
0.014623
0.00913026
0.0146908
0.0131689
0.010446
0.0109059
0.00897277
0.00773769
0.010622
0.0108934
0.0119705
0.00913384
0.012868
0.0111905
0.0112593
0.0108969
0.0120577
0.011532
0.0125577
0.0104738
0.0127098
0.00904544
0.00862812
0.0110001
0.0108363
0.0107825
0.00869967
0.0101332
0.00986357
0.0131876
0.0153774
0.0134008
0.00562471
0.0129417
0.0110128
0.0146525
0.00776509
0.011078
0.013866
0.0127351
0.0163554
0.0117362
0.0146774
0.00956549
0.0114955
0.0143417
0.0113993
0.0121188
0.0149908
0.00994386
0.0101559
0.00921973
0.0143635
0.0123259
0.0142307
0.0160731
0.0131927
0.0118028
0.0151855
0.0162847
0.0122676
0.0127343
0.0154066
0.0102154
0.0150885
0.0114572
0.0108997
0.0122629
0.011703
0.0132846
0.0118981
0.0100502
0.0153902
0.0137951
0.0121698
0.0109554
0.0113142
0.00891336
0.0132734
0.0128594
0.0130671
0.0147024
0.0134341
0.0109496
0.0144244
0.0148716
0.0116474
0.0124053
0.0124282
0.00921825
0.0122411
0.0132472
0.010787
0.0110177
0.0118314
0.0119451
0.0119176
0.0143239
0.00922207
0.0111645
0.0138033
0.00991317
0.00830571
0.0126457
0.0115023
0.0112592
0.0102978
0.0101889
0.010917
0.0131992
0.0124333
0.0105307
0.0101058
0.0110423
0.0102241
0.0101398
0.00763563
0.0117977
0.00930564
0.0121726
0.0113847
0.0123444
0.0118757
0.0110509
0.0107167
0.0114217
0.0123009
0.0134647
0.0127451
0.0129297
0.0112273
0.0106832
0.0128247
0.00881167
0.0114332
0.0120242
0.00930465
0.0123183
0.0122789
0.0116023
0.0141494
0.0147763
0.012613
0.00662856
0.00641906
0.0106064
0.0156404
0.0163728
0.0133611
0.0132371
0.0104949
0.0117812
0.0121841
0.0168522
0.0125991
0.0117975
0.0121405
0.0142777
0.0129873
0.0142961
0.0104514
0.0116346
0.0116055
0.00966395
0.0120366
0.0130068
0.0153399
0.0121867
0.00902873
0.0103795
0.0157476
0.0163051
0.0150933
0.00939859
0.0107369
0.0118494
0.015759
0.0123481
0.0103493
0.0139246
0.0115556
0.0094238
0.0143233
0.0100013
0.0117054
0.0119684
0.0117033
0.00912099
0.0145029
0.00907227
0.0093204
0.0084153
0.0122518
0.0111861
0.00893258
0.0121499
0.0122909
0.00948891
0.0110657
0.0127291
0.0114525
0.00797702
0.0110557
0.0111002
0.0125951
0.00871363
0.0112988
0.00952847
0.0113491
0.0120731
0.0122557
0.011279
0.0111393
0.011533
0.0122185
0.00864375
0.0125325
0.0122127
0.00927904
0.00902483
0.0118068
0.00999338
0.00954228
0.0104421
0.0103009
0.0103374
0.00873734
0.0108147
0.0107962
0.0129368
0.0138182
0.00811084
0.0123689
0.00806795
0.00783505
0.00906677
0.00896214
0.0120491
0.0102664
0.0106483
0.010628
0.0154085
0.0124688
0.0164759
0.0105828
0.0115425
0.0126225
0.0085734
0.00984111
0.0139113
0.00845132
0.0106734
0.0130431
0.00918032
0.0129519
0.0101925
0.0147204
0.0129261
0.0123799
0.0109291
0.0112169
0.0109632
0.00883404
0.00742759
0.0129922
0.015558
0.0130314
0.01033
0.00818216
0.00835526
0.0126508
0.00904709
0.0162965
0.0109116
0.0148251
0.0147826
0.0114996
0.0127573
0.0106206
0.00994463
0.0159192
0.0155354
0.0119736
0.0136858
0.00933203
0.00911016
0.0102954
0.0130501
0.0109144
0.0109558
0.0103883
0.0108836
0.0107602
0.0135843
0.0131007
0.0108233
0.0128321
0.0126823
0.0102704
0.0126579
0.011091
0.014372
0.0128618
0.0127956
0.0112558
0.0125822
0.0123691
0.0124093
0.0112874
0.0145735
0.0139611
0.01249
0.0121533
0.0121445
0.0131238
0.00927408
0.0120374
0.0141156
0.0102886
0.012759
0.0136063
0.00752138
0.0112042
0.0124098
0.01091
0.0125378
0.0139469
0.01266
0.0126226
0.011131
0.0107946
0.0109885
0.0126738
0.0153849
0.0108854
0.0110068
0.0112418
0.0126394
0.011701
0.010943
0.0116902
0.0129048
0.0108815
0.0117707
0.0123405
0.0143596
0.0132588
0.0143681
0.012648
0.0136488
0.0111569
0.0116609
0.0098495
0.0107753
0.00840806
0.0144197
0.0109
0.0124151
0.0154342
0.0121718
0.0129659
0.0103484
0.0107209
0.0108334
0.01081
0.0101202
0.0126166
0.0105845
0.0105824
0.0123772
0.00946533
0.0132214
0.0108572
0.00991122
0.00985504
0.00828316
0.00806373
0.0105419
0.0121753
0.00995968
0.0102
0.0130376
0.00783924
0.010166
0.00966763
0.0139571
0.011458
0.0129474
0.0127244
0.00978215
0.00911717
0.00920033
0.0114199
0.010636
0.00977146
0.0155431
0.011778
0.0103558
0.0108672
0.0103546
0.0106042
0.0124683
0.0151742
0.0139498
0.0169298
0.0132272
0.015138
0.0132279
0.0130166
0.00946898
0.00854921
0.0131679
0.0152363
0.012049
0.01308
0.0114273
0.0117641
0.0113303
0.0114188
0.0168446
0.0120568
0.0106265
0.00785042
0.0115095
0.013431
0.0117659
0.010892
0.0096325
0.0153203
0.0108751
0.0116176
0.0117473
0.0145367
0.008954
0.011978
0.00866509
0.0128404
0.0137392
0.0130608
0.011486
0.010654
0.00880909
0.0118527
0.0093467
0.0142525
0.0144465
0.00893976
0.0114669
0.0111525
0.0108586
0.0141964
0.0117225
0.0130343
0.0102078
0.0128946
0.0149967
0.015583
0.0148995
0.0105874
0.0129398
0.00980716
0.0131518
0.0122248
0.0107792
0.0109567
0.013499
0.0123107
0.00951124
0.0151898
0.0129979
0.0136164
0.0134169
0.0104366
0.0135568
0.0113324
0.00981467
0.0118933
0.0159397
0.013866
0.0113457
0.00888507
0.0135247
0.0104607
0.0131993
0.015381
0.00872528
0.00861672
0.0110095
0.0107572
0.0104881
0.0105131
0.00996295
0.0127148
0.00864645
0.0129016
0.0106873
0.0107249
0.0141079
0.0110528
0.0105523
0.0127879
0.0143404
0.00770839
0.009683
0.0106097
0.0101361
0.0105461
0.0122332
0.00973091
0.0110625
0.0113292
0.0102612
0.0130088
0.0085842
0.0098149
0.0103864
0.0120443
0.00999964
0.0095586
0.0115333
0.0116664
0.0127246
0.0126108
0.0127611
0.0127503
0.0111882
0.0103192
0.0108703
0.011682
0.0133309
0.0137625
0.0120166
0.0110035
0.00919054
0.0125657
0.0104002
0.0133195
0.0137698
0.0148124
0.011512
0.0135815
0.0136847
0.0124889
0.0130135
0.0124495
0.0145845
0.0151415
0.00992957
0.0160926
0.0112598
0.0103006
0.0112552
0.0108878
0.00897871
0.013713
0.0158153
0.0112991
0.0144362
0.0110123
0.0166339
0.0105123
0.0114304
0.0109039
0.0111918
0.0122089
0.0116088
0.0164876
0.00893634
0.0117236
0.00934942
0.00891617
0.0121265
0.0144309
0.00964445
0.0146308
0.0113691
0.00797485
0.00980173
0.0111965
0.0106241
0.0107248
0.0112717
0.011786
0.00888291
0.0144531
0.0167107
0.0135475
0.00935003
0.0114255
0.0106729
0.0107337
0.0118023
0.00991931
0.0108693
0.0106177
0.0107234
0.0116187
0.00860454
0.0152044
0.0102979
0.0103713
0.0110196
0.0115458
0.00986669
0.0101751
0.0102222
0.0128777
0.01193
0.0118338
0.0109933
0.00913877
0.0128962
0.0105601
0.0129302
0.0108237
0.00966846
0.0138614
0.00941523
0.0116691
0.0108563
0.00945888
0.0146239
0.0104472
0.0105801
0.010653
0.0113373
0.012014
0.0125937
0.0116269
0.0100549
0.0116029
0.00829525
0.00822954
0.0114061
0.0091144
0.00909776
0.00860654
0.0103219
0.0108771
0.0130325
0.0119667
0.0134555
0.0083101
0.00801027
0.00925882
0.0118183
0.0130859
0.0111876
0.0115939
0.0118441
0.0123774
0.012624
0.0122558
0.0126725
0.0104241
0.0108403
0.0122101
0.0116852
0.0134109
0.0131948
0.0115071
0.0131026
0.0104379
0.0115628
0.0100727
0.0111882
0.0153181
0.0135188
0.0121951
0.0126224
0.0107306
0.0110108
0.0171671
0.0114532
0.0161197
0.0123486
0.0133962
0.0119782
0.0130122
0.0108535
0.0111113
0.0163695
0.0120786
0.0129014
0.0125272
0.00746512
0.0128688
0.0129536
0.0154918
0.00925613
0.0112325
0.0139053
0.0139437
0.0121506
0.0104587
0.0104834
0.0181488
0.0115615
0.0123023
0.0103255
0.0125594
0.0146946
0.00937039
0.0122248
0.0103383
0.00728586
0.0130877
0.0101434
0.0108522
0.0151497
0.0110309
0.0130333
0.0104717
0.0123589
0.0100339
0.0104462
0.0117881
0.0106647
0.0108138
0.011443
0.0127195
0.0126214
0.0114636
0.0124736
0.0102017
0.0130973
0.0122505
0.0130373
0.0145526
0.0111044
0.00682307
0.0110737
0.0119761
0.0117971
0.0140832
0.0148252
0.0125942
0.0110504
0.0121437
0.00854906
0.0104878
0.00625298
0.00716973
0.0115766
0.0120673
0.0107169
0.0104984
0.0101712
0.011874
0.0117651
0.0091754
0.0169424
0.01339
0.0114869
0.00932697
0.0104966
0.0105696
0.0131497
0.0143688
0.0107524
0.0117117
0.0119259
0.0118103
0.00776805
0.007929
0.00916514
0.0091421
0.00790396
0.00774894
0.0116965
0.00972879
0.0103356
0.0127594
0.00884147
0.0135433
0.0109465
0.0109082
0.0102116
0.0104807
0.0109872
0.0110192
0.011554
0.0116599
0.0123796
0.01014
0.0116441
0.0101143
0.0102068
0.0115313
0.0128852
0.014911
0.0153587
0.0127479
0.00893262
0.0106092
0.0106008
0.0100073
0.00795593
0.0154837
0.0117606
0.0130141
0.00887576
0.0108614
0.0128151
0.0168351
0.0150932
0.0139426
0.00635893
0.0116906
0.0130357
0.0165804
0.0110138
0.0108046
0.0136111
0.00962506
0.0110007
0.00885383
0.0104359
0.0119676
0.0124309
0.0129741
0.0154403
0.0116388
0.0108215
0.0112342
0.0112661
0.0129703
0.0101878
0.0128992
0.0116252
0.011011
0.0144288
0.0123612
0.00819512
0.00989838
0.0148161
0.0124824
0.00996179
0.0134349
0.014611
0.0117772
0.0139298
0.0125298
0.0132854
0.0145902
0.0120918
0.0145252
0.00905861
0.00778063
0.0125906
0.0130329
0.00987125
0.0104169
0.0128563
0.012565
0.0118758
0.00927269
0.010257
0.00991025
0.0147698
0.00991802
0.0135353
0.0112152
0.0116392
0.010712
0.0114771
0.0120145
0.0101979
0.014819
0.00848052
0.0127173
0.0124375
0.011378
0.0117021
0.0124407
0.0105779
0.0113479
0.00981739
0.0109952
0.00892131
0.0114854
0.00809102
0.0104379
0.0111709
0.013962
0.01479
0.0108684
0.0123823
0.0121382
0.0112581
0.0117004
0.010622
0.0102426
0.011301
0.0123448
0.0105196
0.0107614
0.0131681
0.0123869
0.0114838
0.0110204
0.0102732
0.0115308
0.00768477
0.0114019
0.00800222
0.00835236
0.0103185
0.0120878
0.0122702
0.0079276
0.012983
0.0107783
0.0113521
0.0132373
0.00873104
0.0103439
0.0106164
0.0109053
0.0110454
0.0114004
0.0116932
0.0114812
0.010443
0.0141708
0.0107456
0.01096
0.00978251
0.0105183
0.0134382
0.00935743
0.0133577
0.0105709
0.0123685
0.0126238
0.0124273
0.0139965
0.0105176
0.0107975
0.0130777
0.0090972
0.0125894
0.0126443
0.0126538
0.00962287
0.0123699
0.0101412
0.0123243
0.0128239
0.0122216
0.010898
0.0110549
0.010746
0.0105698
0.0126439
0.0127995
0.0121674
0.012024
0.0145259
0.0137088
0.0116248
0.0116438
0.0126488
0.0120001
0.0118719
0.0118904
0.0109345
0.00906528
0.0120991
0.0122831
0.0110318
0.010176
0.0118091
0.0126466
0.0121461
0.0105095
0.0125737
0.00938957
0.0113669
0.0142716
0.0124438
0.0113772
0.0135539
0.0112061
0.010675
0.0117211
0.0126921
0.0085919
0.0126168
0.0115558
0.011998
0.0109538
0.00820419
0.011668
0.0110655
0.0094797
0.0119895
0.00959564
0.0126566
0.01239
0.0118748
0.0121556
0.0118302
0.0117323
0.0116718
0.0119962
0.0114652
0.0126068
0.0107584
0.0128287
0.0124135
0.0144132
0.0105146
0.0083763
0.00977744
0.00988116
0.00966868
0.0112258
0.00966699
0.00987397
0.0110013
0.0170043
0.0111858
0.0128967
0.011609
0.00828891
0.0111193
0.010702
0.0119493
0.0106007
0.0108844
0.0109461
0.011379
0.0113299
0.00914718
0.0122594
0.0108098
0.0109864
0.00913531
0.0113326
0.0116711
0.00885674
0.0139836
0.0108536
0.0106569
0.00916957
0.0120247
0.00931883
0.00957657
0.0154628
0.0115681
0.0115794
0.0130028
0.00961817
0.0118619
0.0101344
0.0131511
0.0113761
0.0106962
0.010685
0.0105942
0.0087278
0.011685
0.010936
0.01545
0.0150083
0.0107688
0.0108429
0.0106178
0.0117724
0.0118597
0.0123797
0.0122206
0.0119763
0.0110551
0.0105618
0.0107223
0.0082985
0.0133127
0.0153657
0.0117385
0.00995896
0.010505
0.0112486
0.0113688
0.0167674
0.0104587
0.0104276
0.0122369
0.0158755
0.0142242
0.0107614
0.0132732
0.0140117
0.0100839
0.0106486
0.01148
0.0131263
0.0116123
0.013164
0.0132687
0.00881962
0.0104593
0.0106893
0.00904288
0.0144863
0.00976013
0.0126879
0.0122231
0.0113706
0.00999648
0.0118521
0.011844
0.0116536
0.0116624
0.011239
0.0111297
0.0109125
0.0108445
0.0104648
0.0114309
0.0103169
0.00962924
0.011505
0.0129011
0.00959944
0.00833845
0.00974943
0.00956221
0.0110663
0.0115032
0.0102179
0.0143897
0.0114186
0.0121475
0.00844942
0.00978904
0.0148485
0.0104845
0.0108643
0.0107965
0.0112645
0.0110603
0.0136299
0.0135739
0.0107694
0.0110626
0.0111992
0.0114465
0.0142137
0.0120098
0.0108301
0.0109501
0.0106392
0.0109798
0.0118232
0.00835061
0.0120345
0.00949053
0.0123492
0.011083
0.0134688
0.0139508
0.011732
0.0120339
0.0116669
0.0114514
0.0106804
0.010987
0.0104141
0.0093434
0.0118162
0.0119352
0.0146261
0.0128074
0.0107245
0.0107424
0.0116651
0.0123467
0.0125067
0.011585
0.0118954
0.0115518
0.0108961
0.0108268
0.0117992
0.00913489
0.0109309
0.0118031
0.0116806
0.0106152
0.0106069
0.0120839
0.00913981
0.011465
0.0128413
0.0133772
0.0105741
0.00929414
0.0110139
0.00847232
0.0115518
0.00888872
0.0113391
0.0131414
0.01025
0.0130101
0.00854551
0.0137
0.00789068
0.00789216
0.00995371
0.014144
0.0110372
0.0124951
0.00853581
0.00918364
0.00909868
0.0119522
0.0104277
0.0117655
0.011724
0.011529
0.0115732
0.0110477
0.0110717
0.00883225
0.0122776
0.0113268
0.0132958
0.0101973
0.00828244
0.0112705
0.00913457
0.00907949
0.0110924
0.0128267
0.0107837
0.0121772
0.0138794
0.0113831
0.0101184
0.0127075
0.0122227
0.00864866
0.0109025
0.0109504
0.0110526
0.0115105
0.0126789
0.0124751
0.0107475
0.0103748
0.0154915
0.0101676
0.0101164
0.0106931
0.0111827
0.0128071
0.0106455
0.0101627
0.0122447
0.0119098
0.00999054
0.0106507
0.011531
0.0122509
0.0107013
0.0114475
0.0137171
0.010014
0.011897
0.00997968
0.0128256
0.0129321
0.0167768
0.0110885
0.0141055
0.00773545
0.011373
0.0166795
0.0130424
0.0128405
0.00995299
0.0116762
0.0128458
0.00891754
0.00947996
0.0107878
0.0122032
0.0123313
0.012263
0.0110716
0.014738
0.012214
0.00955323
0.0110451
0.0127027
0.0148055
0.00902422
0.0108897
0.0126386
0.00808432
0.00855687
0.0107555
0.0109429
0.0118802
0.0108486
0.012909
0.0096961
0.00869226
0.0106456
0.0113528
0.0131386
0.0092822
0.0125113
0.011128
0.00777251
0.0110969
0.00823407
0.0125683
0.0108552
0.0157364
0.0149796
0.0108759
0.0111468
0.0117349
0.0104945
0.0126748
0.0115399
0.0114026
0.0117489
0.011805
0.0109617
0.0110603
0.00931603
0.01191
0.0110696
0.0113201
0.00779272
0.0078851
0.00913544
0.00905719
0.00778242
0.00765714
0.011579
0.00936729
0.00990589
0.00875483
0.00934971
0.0122823
0.0108035
0.00850545
0.00975281
0.0129673
0.00988243
0.0111007
0.0112274
0.0100534
0.0119575
0.0106874
0.0106775
0.0104835
0.0124655
0.01108
0.00865459
0.0147358
0.00887707
0.0106704
0.0106675
0.0126545
0.00872616
0.0110571
0.00864478
0.0099264
0.0101099
0.010843
0.0139945
0.0136854
0.0111819
0.0123033
0.0118628
0.0133562
0.0127289
0.014485
0.0107566
0.0131374
0.0131318
0.0125069
0.0116326
0.0131632
0.0128307
0.0136562
0.0129256
0.0137046
0.0163233
0.0086794
0.0126557
0.0121079
0.0118713
0.0115663
0.0121732
0.0114766
0.012556
0.00905015
0.0129765
0.0174755
0.0173415
0.0131089
0.011949
0.0101528
0.0112346
0.0114005
0.00981861
0.0123758
0.0126374
0.010811
0.0109086
0.0106744
0.014062
0.00896917
0.00798805
0.0114329
0.011266
0.0126923
0.00945887
0.0126061
0.0102897
0.0112268
0.0106866
0.0110843
0.0107911
0.0120582
0.011903
0.0117158
0.0116307
0.0141061
0.0110361
0.0100479
0.00993359
0.0116325
0.0114535
0.010937
0.0105833
0.0113274
0.0143275
0.0101148
0.0112221
0.00770202
0.0113842
0.00791243
0.00830845
0.00994558
0.0106369
0.0106606
0.0120799
0.0114109
0.0111256
0.0112316
0.00865973
0.00903146
0.0103116
0.0102296
0.0100906
0.0119233
0.0104108
0.01063
0.0107317
0.0104447
0.00828924
0.00995805
0.0112009
0.00931942
0.0131073
0.0106381
0.0121085
0.0129901
0.0128967
0.0121286
0.0119293
0.0125639
0.0112567
0.0107819
0.0111432
0.0162787
0.015083
0.0126688
0.0122841
0.0097755
0.00959788
0.00907412
0.0110795
0.0152223
0.0113575
0.0122904
0.0124674
0.0127279
0.012514
0.0101929
0.0117038
0.0145445
0.0127331
0.0124885
0.0118367
0.0125113
0.012971
0.0109194
0.0114786
0.0106035
0.0115207
0.0117225
0.0138397
0.0152019
0.0124593
0.0120213
0.0110093
0.0113521
0.0120511
0.012067
0.0122944
0.00839361
0.0109581
0.010942
0.0116427
0.0135608
0.0136733
0.011113
0.0109848
0.0109261
0.00872837
0.0133204
0.0126457
0.0117631
0.00854973
0.0106111
0.0127756
0.0122346
0.0110321
0.0119466
0.01141
0.0115643
0.0119921
0.0113312
0.0118967
0.0124025
0.0135691
0.0114008
0.0112755
0.0120898
0.009665
0.0106581
0.0101948
0.00958846
0.0121772
0.0103862
0.0111793
0.00908388
0.00902754
0.0107144
0.0106149
0.0115169
0.0105384
0.0116682
0.014419
0.011311
0.00904561
0.0121826
0.0106228
0.0106868
0.00966557
0.0122682
0.011005
0.010904
0.0109613
0.0104459
0.00927482
0.0107324
0.0106813
0.0133983
0.0109778
0.0147334
0.00800104
0.0119288
0.0101207
0.0110148
0.0120971
0.0163092
0.0140423
0.0123205
0.00854105
0.0100372
0.0123469
0.0115308
0.0107832
0.0170058
0.0146382
0.0124212
0.0125966
0.0169901
0.012992
0.00958082
0.012404
0.0168888
0.0156831
0.0121343
0.0153866
0.0127124
0.0126939
0.0117428
0.0129444
0.0125403
0.0114818
0.0117357
0.0140626
0.0114039
0.0111434
0.0117371
0.0111945
0.0113396
0.0112704
0.0118875
0.0153233
0.0109478
0.0111681
0.010828
0.0112023
0.0117562
0.0158897
0.0106129
0.00830994
0.00762501
0.00648019
0.00881451
0.0115449
0.010915
0.0114158
0.0130441
0.0120307
0.010769
0.0113097
0.00991089
0.0115082
0.0116567
0.0116546
0.0115821
0.0130694
0.0143007
0.0111385
0.01137
0.0111925
0.0123312
0.00993118
0.0112706
0.0113482
0.0105633
0.00989048
0.00777398
0.00757886
0.00758195
0.00956759
0.010414
0.0124052
0.0131061
0.0118066
0.010892
0.0107967
0.0127907
0.00614999
0.011037
0.0115326
0.0117695
0.00608831
0.0118387
0.0149692
0.0106558
0.00866801
0.0110788
0.0090827
0.0120435
0.0158838
0.0154277
0.0135192
0.0107446
0.0148311
0.0103041
0.0107876
0.0136662
0.0128978
0.0131803
0.0127715
0.0104129
0.0122653
0.0137049
0.00596657
0.0126367
0.0127915
0.013378
0.012651
0.0122593
0.011853
0.0135843
0.0103067
0.0125744
0.0117038
0.0126213
0.0131965
0.0118145
0.0116376
0.0108228
0.0108767
0.011844
0.0119006
0.0100792
0.0107219
0.0114895
0.0109073
0.0113891
0.0109183
0.012679
0.0122858
0.0127614
0.0103431
0.0138234
0.0116926
0.0130745
0.0138645
0.0124622
0.00825636
0.0140689
0.00917611
0.0133066
0.0139772
0.0109811
0.011669
0.0116991
0.00808586
0.0081973
0.0116397
0.0114994
0.0115103
0.0117715
0.0130943
0.0114095
0.0115475
0.0114358
0.0107505
0.0109934
0.0131442
0.0111412
0.00881858
0.00764256
0.00933672
0.0101785
0.0105599
0.0113243
0.00954327
0.00957669
0.0103083
0.0100849
0.0105055
0.0129519
0.0108711
0.0115769
0.0112608
0.0117416
0.0114571
0.0119579
0.0118872
0.0125396
0.0107358
0.0101649
0.0088656
0.00860135
0.0114297
0.00603697
0.0150406
0.0140753
0.0125202
0.0129027
0.0110183
0.0134642
0.0156346
0.0113768
0.0128889
0.011481
0.0127148
0.011962
0.00847463
0.0125089
0.0135995
0.0126036
0.0127419
0.0131011
0.0145552
0.0111329
0.0134958
0.0116166
0.013312
0.0125432
0.0127218
0.012098
0.012668
0.0130187
0.0113824
0.0111736
0.0113507
0.0110864
0.00862152
0.0107298
0.0104636
0.0103385
0.0103556
0.0111918
0.0115327
0.0111089
0.00931106
0.0121239
0.00795234
0.0107545
0.0133592
0.0111125
0.00899256
0.0136225
0.0111177
0.0142799
0.0110318
0.00939251
0.0116214
0.0124117
0.0124926
0.0133798
0.0110707
0.00843973
0.0105505
0.0114901
0.0114995
0.0114636
0.0112436
0.0109855
0.0115613
0.0111327
0.0111638
0.0124733
0.0100263
0.00749631
0.00903845
0.0131029
0.00791249
0.010179
0.0092867
0.0103675
0.0112925
0.0106731
0.0121302
0.0112944
0.0119433
0.0105592
0.010943
0.00984252
0.0113524
0.011073
0.0114261
0.0113342
0.0116309
0.0118167
0.0133757
0.0106047
0.0131529
0.0112416
0.0131582
0.009893
0.0105301
0.0158521
0.0117221
0.0125909
0.0110515
0.0119339
0.0134973
0.0120662
0.0130472
0.0121451
0.00909471
0.00937535
0.00852568
0.0113251
0.0118079
0.00977205
0.0127814
0.00895662
0.0171777
0.0171217
0.011308
0.0105178
0.0116766
0.0111602
0.0108627
0.0109062
0.0124436
0.0126889
0.0112202
0.0117086
0.0117176
0.0115095
0.0114054
0.011599
0.0104219
0.0104176
0.0103288
0.0109282
0.0104133
0.011312
0.0126394
0.0116943
0.010417
0.00800063
0.0127156
0.0107435
0.0134237
0.0112924
0.0110556
0.0111057
0.0120553
0.0123126
0.0114884
0.0103134
0.0110746
0.0101911
0.0134199
0.0134121
0.0129562
0.0114829
0.0115079
0.00998139
0.00982637
0.0112796
0.0111611
0.0102078
0.013927
0.00986126
0.0115482
0.00712779
0.00918318
0.00720563
0.0123432
0.00901296
0.00827741
0.00985606
0.0104841
0.010735
0.0101966
0.00968654
0.0112471
0.0134036
0.0111588
0.00841026
0.0134809
0.0110587
0.0111305
0.0111825
0.0115331
0.0114248
0.0103718
0.0093833
0.0102829
0.00979068
0.0100967
0.0136449
0.011766
0.0154469
0.0107751
0.0109586
0.0117997
0.0128279
0.012658
0.0133518
0.0121249
0.0134541
0.00946774
0.0091314
0.0102069
0.0116223
0.0116412
0.0113087
0.0127851
0.0107833
0.0145905
0.0103261
0.0139728
0.0102448
0.011302
0.00869092
0.0120336
0.0126234
0.0147175
0.0142362
0.011564
0.0121033
0.0116965
0.0118243
0.0129461
0.0117268
0.0104467
0.00827156
0.0108423
0.0124339
0.0116897
0.0125461
0.00992923
0.0123687
0.0082158
0.0108003
0.0090223
0.0112129
0.0100646
0.00970036
0.0133754
0.0118399
0.00874296
0.00906494
0.0113275
0.0116148
0.00974067
0.0120252
0.011318
0.012786
0.0110358
0.0113038
0.0108161
0.0131361
0.0113762
0.0111928
0.012328
0.0120727
0.0108608
0.0110221
0.0108451
0.01146
0.0108623
0.00939237
0.00873263
0.010769
0.00794638
0.0115459
0.0107848
0.0108988
0.0101719
0.0104456
0.0120053
0.0126949
0.012361
0.00863932
0.0108747
0.0113266
0.0110755
0.0108701
0.0109316
0.0112873
0.0111624
0.0126334
0.0100345
0.0115475
0.0114597
0.0114228
0.0101507
0.0142177
0.0102254
0.0109367
0.0110684
0.00835087
0.0120889
0.0117645
0.012375
0.0107409
0.00968196
0.0102129
0.00956747
0.0122778
0.0106518
0.0105938
0.0101678
0.0096457
0.0123749
0.0112279
0.0138754
0.0105013
0.0105383
0.00882513
0.0114584
0.0125383
0.011922
0.0151273
0.0121953
0.0107155
0.0106677
0.0102853
0.0136513
0.0120626
0.0142895
0.0122983
0.0102157
0.0105559
0.0125013
0.0146639
0.00846719
0.0143352
0.0123905
0.0112969
0.0137439
0.00998829
0.0101155
0.0115686
0.0101135
0.0113359
0.0112041
0.00844498
0.00973544
0.0111587
0.011964
0.0102586
0.0104772
0.00873361
0.0134808
0.0127557
0.0132883
0.0102691
0.0124265
0.0107586
0.0106066
0.0121919
0.0115082
0.0120606
0.0104763
0.00556456
0.00568192
0.0102596
0.0101456
0.0103643
0.0105717
0.0105945
0.0102649
0.00996616
0.0116603
0.0131139
0.0107671
0.0113514
0.0114045
0.0114967
0.0108775
0.0110261
0.0109333
0.0114873
0.008695
0.00808034
0.0130369
0.0111647
0.010289
0.0112847
0.0104543
0.00863945
0.0111484
0.0111994
0.00834622
0.00802633
0.0113737
0.0114444
0.0114471
0.00930507
0.0131069
0.0124312
0.0106523
0.010218
0.0110384
0.010765
0.0123237
0.0122502
0.0124619
0.0123273
0.0105962
0.0102605
0.0108239
0.013496
0.0178831
0.0120606
0.0120356
0.0111631
0.0106524
0.0103835
0.0162216
0.0137125
0.00892597
0.0109192
0.0106223
0.0110782
0.0115292
0.0142938
0.0124186
0.0129234
0.0144225
0.0125194
0.0117873
0.0110929
0.0107256
0.0113512
0.00853471
0.011318
0.0100975
0.0104726
0.00986421
0.00966536
0.0106068
0.0103462
0.0122112
0.0101354
0.0102794
0.0123391
0.0101856
0.00944804
0.0120672
0.00974312
0.00978108
0.0110763
0.00952945
0.0118088
0.0122691
0.00566635
0.0104281
0.010507
0.00557951
0.0118623
0.0101333
0.0102792
0.0103553
0.0105311
0.010975
0.0118155
0.00969182
0.00963376
0.0114775
0.0114681
0.0110886
0.0107852
0.0108754
0.0109635
0.0110063
0.00805458
0.0107124
0.0108362
0.011769
0.0118452
0.0109949
0.013142
0.00918214
0.0114175
0.011481
0.00812094
0.0109543
0.0109987
0.0110043
0.0124236
0.00919817
0.0128615
0.0118905
0.0109345
0.0102624
0.0110053
0.0112406
0.0122676
0.0115532
0.0120456
0.0119215
0.0108505
0.0107766
0.0140851
0.0117071
0.0106974
0.0121789
0.0119412
0.0118705
0.0107653
0.0107474
0.0111843
0.0108699
0.0091943
0.0121758
0.0113119
0.0113873
0.013082
0.0107445
0.0113507
0.0141626
0.0124679
0.00974376
0.0103322
0.0105585
0.0110693
0.0101992
0.00819478
0.0102511
0.0110747
0.0152117
0.0103016
0.00972784
0.010554
0.0106744
0.010568
0.00805468
0.0108423
0.0105102
0.0120941
0.0132087
0.00821429
0.00830098
0.00995511
0.00945269
0.00849545
0.0120405
0.0104624
0.0120387
0.0118362
0.0120737
0.0101713
0.010136
0.0100182
0.010341
0.0120812
0.0116752
0.00810933
0.00955494
0.00978014
0.0107573
0.0134144
0.0108879
0.0107943
0.0108803
0.010684
0.0110217
0.00990583
0.0102948
0.0119527
0.00835353
0.0116104
0.0111514
0.00933586
0.0123515
0.0123751
0.0113418
0.00808854
0.0104844
0.0107963
0.0103221
0.00886782
0.00956334
0.00974996
0.00939086
0.0128601
0.010717
0.0109576
0.0111949
0.0116828
0.0109123
0.0115507
0.0119015
0.011067
0.0106803
0.0112659
0.0139338
0.0125748
0.0144901
0.0119295
0.0118205
0.0100469
0.0120557
0.0117664
0.0109389
0.0131247
0.00911084
0.0129546
0.0103838
0.00768678
0.0107111
0.0109119
0.0124991
0.010085
0.00963505
0.00757753
0.0100253
0.0127369
0.0145666
0.0122582
0.01244
0.0106576
0.013438
0.0117438
0.00974863
0.013883
0.0135414
0.0101465
0.00793071
0.010706
0.0107855
0.00829097
0.0106317
0.0113261
0.0136653
0.0103047
0.0125519
0.0104057
0.00827198
0.00919971
0.00772169
0.0121063
0.00789316
0.010569
0.0118691
0.0116932
0.0121399
0.0123696
0.00944619
0.0150614
0.00894684
0.00808498
0.0133498
0.0109829
0.0109418
0.0108632
0.0106979
0.010967
0.0106493
0.0104768
0.0103136
0.00785038
0.00811987
0.0116214
0.0125921
0.0106047
0.00896042
0.00851257
0.010139
0.00982642
0.0111571
0.0109205
0.00967465
0.0081392
0.0119853
0.00949513
0.0119606
0.0119433
0.0101207
0.011064
0.00831203
0.00872057
0.0126232
0.0119918
0.012189
0.0106996
0.00954446
0.010778
0.0110124
0.0125749
0.0103177
0.0118583
0.0119348
0.0101749
0.0104153
0.0114952
0.0113325
0.0128888
0.0150977
0.00912568
0.0111748
0.00893984
0.00818791
0.00989387
0.00834268
0.00937253
0.00896435
0.0109425
0.00966378
0.0103166
0.0108562
0.0141462
0.00964932
0.0102525
0.0116457
0.0104586
0.010286
0.00910862
0.00900761
0.0106958
0.0108784
0.0111362
0.00863859
0.0109602
0.0111205
0.0103546
0.0084024
0.0127215
0.0102691
0.00807607
0.00934974
0.0100738
0.0104857
0.0103434
0.00935627
0.00777359
0.0120379
0.0109503
0.0118327
0.0099517
0.011067
0.0110405
0.010712
0.0107507
0.0117706
0.0137362
0.0100961
0.00875341
0.00675998
0.0135522
0.0125355
0.0114523
0.0129181
0.0125297
0.0143471
0.0125577
0.0111607
0.0101444
0.0109921
0.0126011
0.013134
0.0126464
0.0126956
0.0102222
0.0115735
0.0118253
0.0123104
0.0118746
0.0124149
0.010327
0.0104631
0.0111136
0.0109925
0.0107503
0.0121764
0.0126124
0.0119849
0.0119254
0.0120199
0.00894908
0.010565
0.0115567
0.0122514
0.0124858
0.0116958
0.0116241
0.00962422
0.0122638
0.0112813
0.00743513
0.00906313
0.00829679
0.00795756
0.00733305
0.0102159
0.0107603
0.00941736
0.00962503
0.01026
0.0126184
0.00967983
0.00774148
0.0132093
0.0111905
0.0107741
0.0108871
0.00891143
0.0128232
0.010655
0.0104593
0.012515
0.00987929
0.0127055
0.00794115
0.00810528
0.00813534
0.00907081
0.0106546
0.0101221
0.0148111
0.014216
0.0101308
0.00797552
0.012547
0.00828233
0.0108086
0.00882952
0.0113682
0.0106419
0.00562148
0.00928673
0.00971995
0.0119385
0.0113269
0.0115936
0.0116118
0.0127346
0.0138238
0.015838
0.0129761
0.0117921
0.0122242
0.00852284
0.0106884
0.0131808
0.0125043
0.00955501
0.0109112
0.0105818
0.00999577
0.0123032
0.0147202
0.0101272
0.0102998
0.0114177
0.0114989
0.0110877
0.0109584
0.0122465
0.012223
0.0119421
0.0120038
0.0106975
0.00998896
0.00854933
0.0095044
0.0104486
0.0110431
0.0116588
0.0119461
0.0106723
0.0113109
0.00641151
0.011804
0.00753788
0.00960722
0.0113827
0.0112006
0.0091546
0.0125679
0.00961945
0.00785778
0.00802251
0.0107384
0.00996698
0.00961641
0.0102153
0.00735657
0.00965355
0.00851722
0.011043
0.0108616
0.0103845
0.010767
0.0123239
0.0126022
0.0116108
0.00966703
0.00782805
0.0094315
0.00934967
0.0127239
0.0102598
0.0105407
0.00807003
0.0104296
0.00827728
0.00853825
0.00579298
0.0126504
0.0096146
0.0100431
0.0115795
0.0116703
0.0111442
0.010017
0.0111673
0.0112076
0.0109589
0.0101581
0.0129426
0.0126065
0.00843926
0.0120016
0.0115322
0.0127141
0.0122988
0.00869493
0.00968999
0.00804088
0.0109188
0.0131378
0.0125315
0.0102778
0.0120808
0.00843872
0.00976117
0.00820402
0.00945354
0.0126468
0.0164832
0.0119617
0.0118643
0.00972152
0.0102869
0.012482
0.0115419
0.0117777
0.0118615
0.0106959
0.0118005
0.00905385
0.0105884
0.0105458
0.0116684
0.00854532
0.011378
0.0112495
0.0108986
0.0110292
0.0117226
0.0117328
0.0103116
0.0101583
0.0106204
0.00998946
0.00974425
0.00982975
0.00560479
0.0080772
0.00987652
0.00733356
0.00767533
0.00791246
0.01058
0.0100902
0.0104021
0.00916882
0.00812536
0.00805369
0.0120578
0.012343
0.0130389
0.0125171
0.00961171
0.0123538
0.00937975
0.00967207
0.0104486
0.0125587
0.0120689
0.0129544
0.00698542
0.0111891
0.0108731
0.0132229
0.0121919
0.0101114
0.0124586
0.0102783
0.00988614
0.0119046
0.011219
0.00854212
0.0127471
0.0122631
0.0135634
0.00987551
0.0107734
0.00901222
0.0124508
0.012013
0.0138305
0.00969839
0.010145
0.0103071
0.00933355
0.00794645
0.0124201
0.0125251
0.0118572
0.0116331
0.00989699
0.0101608
0.0127766
0.0124049
0.0164815
0.0121823
0.0116275
0.0113425
0.0101936
0.0102568
0.012671
0.00994313
0.00982642
0.0110862
0.0112447
0.0109883
0.0102756
0.0137278
0.0106258
0.0101536
0.0140883
0.0132426
0.0125242
0.010244
0.0104834
0.00895977
0.00914253
0.00577721
0.00990414
0.0105095
0.0103647
0.00942525
0.00804958
0.0102037
0.0106914
0.0104528
0.0108113
0.0110589
0.0124027
0.0122221
0.0105657
0.0117804
0.00958665
0.00901777
0.00802536
0.0110316
0.0118965
0.00959673
0.01015
0.00700545
0.0095169
0.0105553
0.0104321
0.0107466
0.011042
0.0100039
0.00987446
0.0117597
0.00975958
0.0107146
0.00855079
0.0121577
0.0120079
0.00988498
0.0101276
0.0112106
0.0139791
0.0178963
0.012071
0.0118888
0.010283
0.00991105
0.0091898
0.00773185
0.0139921
0.0118758
0.011581
0.0115542
0.00992225
0.0104921
0.0112757
0.0134675
0.0084247
0.00852446
0.011315
0.0115348
0.0102635
0.00987411
0.0134399
0.00839556
0.0104876
0.01021
0.0102972
0.00834475
0.0112468
0.0107225
0.00961796
0.0124522
0.0125151
0.0103919
0.0105961
0.010811
0.0103115
0.0101613
0.0101415
0.0103683
0.00811122
0.0120905
0.00887536
0.0091006
0.0108755
0.010636
0.0104806
0.0109557
0.0101548
0.0102344
0.00959187
0.0119422
0.0115624
0.00985669
0.014419
0.00830907
0.00960135
0.00970937
0.00748446
0.00801244
0.00859305
0.00989264
0.0123799
0.0117858
0.0100491
0.00543036
0.00680186
0.0110081
0.0107715
0.011901
0.0117846
0.00985111
0.0117516
0.0114272
0.0115526
0.0104199
0.00737206
0.0118803
0.00869049
0.0103061
0.00985024
0.00545371
0.00907067
0.0140398
0.00836714
0.0114611
0.0113568
0.0117217
0.0103033
0.0104294
0.0108977
0.0126887
0.0139717
0.0112463
0.0110791
0.00973656
0.0139251
0.0130673
0.0109919
0.00925854
0.00866548
0.012166
0.0102973
0.0102689
0.00954702
0.0103293
0.010268
0.0082849
0.0127178
0.0119111
0.00807575
0.0112305
0.0112586
0.0121343
0.0119746
0.0102124
0.0101135
0.0106003
0.0120572
0.0103822
0.0105652
0.0126303
0.0100794
0.0100701
0.0101202
0.010085
0.0101672
0.010246
0.00892713
0.00926927
0.0121645
0.00964975
0.00874773
0.00933724
0.00991862
0.013019
0.0130097
0.0106758
0.00793887
0.0128465
0.0123527
0.00991851
0.00571936
0.0137464
0.0118641
0.0112447
0.0117111
0.0116996
0.0121298
0.0102563
0.01133
0.0107891
0.00663857
0.0117433
0.0102601
0.00962506
0.0103922
0.0108961
0.0039249
0.00676346
0.01441
0.00478716
0.0111712
0.0110196
0.0103042
0.0105812
0.0102043
0.0127164
0.00870592
0.0108169
0.0111625
0.0126546
0.0102924
0.0106019
0.0102837
0.010456
0.0101432
0.00907814
0.0103337
0.0105071
0.011215
0.0105407
0.00956216
0.0134101
0.0114938
0.0090819
0.010152
0.0100293
0.0102812
0.0104845
0.010122
0.0101924
0.0100238
0.0103219
0.0119215
0.0118192
0.0115315
0.0102133
0.0103316
0.0103482
0.0101532
0.0101778
0.00776064
0.00964158
0.0101653
0.0129238
0.00939062
0.0117549
0.0137874
0.00800411
0.00611
0.0144707
0.0123863
0.0126024
0.0113089
0.0102112
0.0100807
0.0154738
0.0110389
0.00421771
0.00765196
0.0116819
0.0119576
0.00765898
0.0102282
0.0102129
0.00586694
0.00738016
0.0096921
0.00983396
0.0104721
0.00753753
0.0085654
0.0124236
0.00965965
0.00848645
0.00860781
0.00979099
0.011395
0.0105673
0.0107811
0.0107508
0.0099996
0.0118107
0.00925929
0.01041
0.0105878
0.012378
0.00878998
0.00837758
0.0120113
0.0122477
0.00949956
0.0120532
0.00793152
0.0118493
0.0122306
0.01085
0.00980392
0.00784701
0.0102064
0.0103419
0.0100098
0.0100935
0.00994792
0.010082
0.0102476
0.0100497
0.00801266
0.0123539
0.010154
0.010163
0.0121491
0.0102817
0.00959924
0.00986195
0.0098474
0.00926334
0.0089565
0.0101202
0.00818715
0.0128446
0.0124686
0.0110653
0.0121176
0.0107413
0.0103348
0.00820461
0.0101536
0.00289935
0.0137484
0.013411
0.0103601
0.0132201
0.0104676
0.00700254
0.0102987
0.0124336
0.0101054
0.0101543
0.0137143
0.00749541
0.0128298
0.00829151
0.0106006
0.0106431
0.0105152
0.00772845
0.00949028
0.0111768
0.0125838
0.0105538
0.0109613
0.0101854
0.0103632
0.00972845
0.0102727
0.0102068
0.0106495
0.0136307
0.0117985
0.0100256
0.0128796
0.00931677
0.00801853
0.0108276
0.0107504
0.0126322
0.00984217
0.010142
0.0102312
0.00988104
0.00998428
0.00988527
0.00991118
0.010197
0.0100607
0.012067
0.0125702
0.0102707
0.00887597
0.00999214
0.00997059
0.00990186
0.0128623
0.00967977
0.0103921
0.0105299
0.0102545
0.012969
0.0107514
0.0124609
0.0101513
0.0106592
0.0150457
0.0131647
0.0107529
0.00901039
0.0114259
0.0109921
0.012675
0.0068872
0.0103052
0.0072163
0.0103513
0.0133574
0.01146
0.0110509
0.0107343
0.0105456
0.0123815
0.0161785
0.00905871
0.0107126
0.0107478
0.0100616
0.0106817
0.0102524
0.00968968
0.0103774
0.0109658
0.0096922
0.0101508
0.0087512
0.00956576
0.0106394
0.00803403
0.00987553
0.0125925
0.0127749
0.00921039
0.0101102
0.0101304
0.00981624
0.00987269
0.00984806
0.00981711
0.0101213
0.0100795
0.0104055
0.012103
0.00910296
0.00806135
0.00985063
0.00984595
0.0113632
0.0102511
0.0096252
0.00994629
0.0103019
0.0102922
0.0120061
0.0134506
0.00802329
0.00820478
0.00965814
0.0120636
0.00870911
0.0110492
0.0111347
0.00966254
0.0110761
0.010755
0.00838416
0.0124544
0.0113122
0.00839966
0.0108607
0.0109435
0.014271
0.0123702
0.0105156
0.0106021
0.0108449
0.0121943
0.0102927
0.0102928
0.0105805
0.0110894
0.0102741
0.00815902
0.0112786
0.0124761
0.0120877
0.00562895
0.0056886
0.0104817
0.0107309
0.0120928
0.0100893
0.0100804
0.00978885
0.00980453
0.00980545
0.009788
0.0100715
0.0100675
0.00933934
0.0104035
0.00994819
0.0105072
0.00980315
0.0098002
0.010655
0.010199
0.00961301
0.0123492
0.00964154
0.00961787
0.0101882
0.0102958
0.0102526
0.00969398
0.00990553
0.00803237
0.0131855
0.0130666
0.00839536
0.0123327
0.0125236
0.0101782
0.0107464
0.0103005
0.0107443
0.01088
0.0109073
0.010177
0.0106546
0.0108982
0.01122
0.0125154
0.00961396
0.00959458
0.0115902
0.0110819
0.00829763
0.013064
0.0100769
0.010278
0.010266
0.0108036
0.0101908
0.00568268
0.010726
0.0122877
0.0100851
0.0100666
0.00977987
0.00978231
0.00978028
0.00977417
0.0100594
0.0100635
0.0078507
0.0114768
0.00684237
0.00693445
0.0097959
0.00980646
0.0104843
0.0108747
0.00964126
0.0102605
0.00962139
0.0103864
0.0108328
0.0102872
0.00977418
0.0128528
0.0080642
0.00987893
0.0132384
0.011407
0.00840413
0.00963989
0.00836212
0.010304
0.00831691
0.00829748
0.0108662
0.0107516
0.0109078
0.0129793
0.0109088
0.0110466
0.0099379
0.0103526
0.00959666
0.0103457
0.00827903
0.0117659
0.0102927
0.0102621
0.0085494
0.0101911
0.01024
0.0103494
0.010398
0.0102164
0.0104036
0.0103887
0.0100823
0.0100731
0.00977573
0.00979178
0.00977412
0.009774
0.0100607
0.0100831
0.0101396
0.00883038
0.00886499
0.0114172
0.00984079
0.0098749
0.0102854
0.010601
0.00975396
0.0108944
0.0103348
0.0101668
0.0104742
0.010191
0.0128858
0.0127219
0.0100166
0.0100266
0.011129
0.0107448
0.00989056
0.0105815
0.0101453
0.0100371
0.0100135
0.0120836
0.0127241
0.0125681
0.0106284
0.0101583
0.0108756
0.0112091
0.00837551
0.0105712
0.0103238
0.00990296
0.0100891
0.00796515
0.0101346
0.00984257
0.0122292
0.0105286
0.00997251
0.0103234
0.0102981
0.0103258
0.0104162
0.010513
0.0100578
0.0100782
0.00974135
0.0098365
0.00978936
0.00978244
0.0100779
0.0101257
0.0102179
0.00988277
0.0102576
0.0102417
0.00998181
0.010059
0.0102937
0.0101393
0.00999741
0.0106164
0.00993805
0.00987417
0.0101554
0.0100681
0.0100778
0.00851349
0.00994776
0.00988115
0.0111592
0.0130858
0.0123099
0.010013
0.00810714
0.0101571
0.0105699
0.0105705
0.0103679
0.00869795
0.0102189
0.0132898
0.0103998
0.0110963
0.00979889
0.0101313
0.00976032
0.00973025
0.0122752
0.0102231
0.00997801
0.0139944
0.010407
0.0104345
0.00877185
0.0103254
0.0101632
0.0102892
0.0102899
0.0103767
0.0101645
0.0100378
0.00971273
0.00990942
0.00984653
0.00972621
0.0100949
0.010046
0.0101839
0.010222
0.0101067
0.0101574
0.0102454
0.0104232
0.0101327
0.0103498
0.0103707
0.0102679
0.0108921
0.0105896
0.00996369
0.00992412
0.008436
0.0105824
0.00976435
0.00973965
0.013366
0.0134479
0.0102604
0.00979032
0.0106268
0.0111325
0.0103479
0.0101156
0.00840707
0.0104348
0.0128158
0.0102932
0.0101652
0.00833066
0.0102684
0.0146741
0.0106599
0.0103471
0.0103482
0.00942251
0.0110044
0.0101725
0.0102929
0.0102516
0.00967853
0.0110093
0.0114194
0.0102748
0.0102068
0.010174
0.00986772
0.0108513
0.011731
0.0109938
0.00990748
0.00962187
0.00980935
0.00752669
0.00892783
0.0101642
0.0100812
0.0100955
0.0105467
0.010585
0.010312
0.0106136
0.0122105
0.0101801
0.0107432
0.0091068
0.00989197
0.00890511
0.0127926
0.013036
0.0096578
0.00963399
0.0114557
0.0111102
0.0100638
0.00965367
0.0101353
0.0101582
0.0103175
0.00993838
0.0106928
0.0102004
0.0102023
0.00987725
0.00812503
0.00819847
0.00941137
0.0102509
0.00997698
0.0134114
0.0102032
0.0102612
0.0101804
0.0102109
0.010299
0.0101495
0.0101673
0.00987402
0.00984094
0.00909446
0.0111472
0.0097468
0.00999338
0.0102645
0.0101168
0.0102388
0.0100087
0.00949652
0.00782385
0.00782142
0.00912705
0.0118412
0.0127382
0.0107734
0.0102014
0.00807029
0.010287
0.0102
0.0119918
0.0094608
0.0117608
0.00690825
0.0129718
0.0108699
0.00961216
0.00886145
0.0108877
0.0105924
0.00994407
0.00961538
0.00995716
0.00931685
0.0102486
0.00988418
0.0105065
0.0102407
0.0101576
0.0102381
0.0100625
0.0104561
0.00805325
0.010157
0.0103048
0.0102972
0.0102469
0.00992795
0.0126878
0.0134878
0.0102842
0.0101315
0.00977556
0.00964769
0.00981849
0.0101333
0.0101139
0.0096053
0.0100556
0.00985142
0.0101771
0.0101037
0.0102589
0.00999792
0.0100245
0.0102068
0.0105212
0.010841
0.010744
0.0104866
0.00832528
0.0101504
0.0123806
0.010023
0.0128587
0.0104103
0.0102568
0.0111968
0.0101482
0.0106085
0.0104189
0.007948
0.00985868
0.0106334
0.0103184
0.00988404
0.0101556
0.0111413
0.0103015
0.010177
0.0098776
0.0104347
0.0102492
0.0103041
0.0101902
0.0103601
0.0102746
0.0100497
0.0101238
0.0102721
0.00985454
0.0103009
0.00988459
0.0102403
0.0101315
0.00994159
0.0101278
0.0102086
0.00986338
0.0101288
0.0117063
0.0139728
0.00993769
0.012751
0.0104837
0.00986839
0.0081857
0.00872004
0.0105945
0.0129593
0.00987778
0.00987996
0.0111322
0.0119583
0.00987539
0.0104138
0.0101123
0.0100734
0.00733603
0.00986148
0.0103548
0.0102865
0.00630061
0.0095958
0.0104479
0.0114223
0.0105508
0.00962934
0.0119724
0.0141336
0.0101493
0.0111341
0.0103379
0.0102808
0.0101878
0.0101605
0.0101392
0.0102664
0.0102546
0.0101102
0.00995036
0.00998868
0.010267
0.0102644
0.0106739
0.00970789
0.00945795
0.0106859
0.00968848
0.00969004
0.0101765
0.00964794
0.0102048
0.0101594
0.0101759
0.00988037
0.00985583
0.00985073
0.00987681
0.0126257
0.00986423
0.00995549
0.00962108
0.00998056
0.00980615
0.00959696
0.00961788
0.0102358
0.00820246
0.0103156
0.00991276
0.00987474
0.00848246
0.010364
0.00875201
0.0140562
0.00876885
0.0102963
0.0102873
0.0102706
0.0126941
0.0101391
0.0102008
0.0103051
0.00986043
0.00989301
0.00991242
0.0101368
0.0117287
0.01006
0.0126365
0.00965438
0.00982234
0.0100901
0.00945813
0.00980417
0.00999057
0.00987072
0.0099612
0.00985387
0.0128845
0.00986312
0.010483
0.00996047
0.00892613
0.0098685
0.0102423
0.0120512
0.0100243
0.0114317
0.0099253
0.00987159
0.0113516
0.0115467
0.00881055
0.0104342
0.0132274
0.0113591
0.0102836
0.0102705
0.0113674
0.0138016
0.0101433
0.0101564
0.0107604
0.0102796
0.00907167
0.0101489
0.0103522
0.0102145
0.0111901
0.0116206
0.00737921
0.0102545
0.0102587
0.0102182
0.00926434
0.0128892
0.0102595
0.0101321
0.0103319
0.0106582
0.0142223
0.00984308
0.0102917
0.0100608
0.00988214
0.00985199
0.0104255
0.0105897
0.0100691
0.0121858
0.011211
0.00825964
0.0102663
0.0102552
0.0135672
0.0111533
0.010454
0.0101385
0.0101397
0.00960598
0.00826209
0.0101339
0.0103269
0.0102665
0.010152
0.0120497
0.0102205
0.0120211
0.00928174
0.0103777
0.0102993
0.0102931
0.0104474
0.0131158
0.0091373
0.0109088
0.0105607
0.012051
0.0114699
0.00856923
0.0101433
0.0101317
0.0104605
0.00860048
0.0102548
0.0101536
0.0118342
0.0122643
0.0128626
0.010252
0.0102573
0.0105353
0.0106201
0.0129054
