0.00949986
0.00902156
0.00855998
0.0104791
0.00900398
0.0075907
0.00709743
0.00739662
0.00729201
0.00687971
0.0083624
0.00756441
0.00900324
0.00967325
0.0105878
0.00978883
0.0108774
0.00862061
0.00632085
0.00815164
0.00934527
0.0116811
0.00925532
0.00862794
0.00983137
0.00889868
0.00763066
0.0123133
0.00940035
0.0113566
0.0103294
0.0104717
0.0110886
0.00933803
0.0131934
0.0121101
0.0105423
0.00970532
0.0108474
0.0117917
0.0112691
0.0122836
0.00824112
0.0102024
0.00992102
0.0110644
0.0108839
0.00825085
0.0108372
0.0102226
0.00813641
0.0117434
0.0118338
0.0109262
0.00979918
0.00577019
0.0117967
0.00793609
0.01408
0.0125013
0.00821411
0.00811647
0.00610623
0.0107825
0.0072679
0.0134117
0.0138261
0.0100443
0.00578343
0.00346819
0.00678056
0.00767653
0.0047965
0.00769685
0.00803046
0.00749139
0.00929432
0.00794161
0.0118339
0.009273
0.00933077
0.00737351
0.0118069
0.0132007
0.0109492
0.0121439
0.0121338
0.0132421
0.0108769
0.0098205
0.0124111
0.00864428
0.00953144
0.008613
0.0073909
0.00647894
0.00714206
0.00616998
0.00775243
0.0110247
0.00870735
0.00726417
0.0108993
0.00696424
0.0061071
0.0051117
0.00696495
0.00925399
0.011045
0.00866381
0.00882059
0.00663175
0.00809367
0.0104789
0.00988471
0.00547369
0.0104035
0.00740796
0.0148794
0.00711405
0.00994962
0.0102077
0.0161302
0.0116715
0.0103092
0.010314
0.00942558
0.00864111
0.0107478
0.00948576
0.00887474
0.00737308
0.00938626
0.00730651
0.00966019
0.00911738
0.00863961
0.0120785
0.00753017
0.00759265
0.0128883
0.00978181
0.00833301
0.00699539
0.012175
0.0112877
0.00743726
0.00972881
0.00676087
0.0113494
0.00960513
0.00915622
0.00678632
0.00733525
0.00943756
0.00988483
0.00948464
0.00782199
0.00755551
0.00748578
0.00986613
0.00905534
0.0114112
0.0133613
0.0114513
0.00809408
0.00996193
0.0118241
0.0140728
0.0100064
0.0100835
0.013012
0.011136
0.0102463
0.0100851
0.00848281
0.0115408
0.00974655
0.00922932
0.00749843
0.00746365
0.00770466
0.00753477
0.00918626
0.00905013
0.00834488
0.00913198
0.00724891
0.00942626
0.0113891
0.0147571
0.0089507
0.0116394
0.0131815
0.0125428
0.0117187
0.010751
0.0092475
0.00870116
0.0110434
0.0101285
0.00966738
0.00992943
0.00986576
0.0102669
0.00996385
0.00968087
0.0095461
0.0090462
0.00957161
0.00995047
0.0109234
0.00843503
0.0103105
0.0129642
0.011713
0.00799394
0.00943748
0.00923494
0.0121976
0.00995812
0.00980086
0.00990489
0.0072865
0.00967458
0.00976537
0.010244
0.00966275
0.00974426
0.00976059
0.00954545
0.00989751
0.00920626
0.00972198
0.0100334
0.00998343
0.00846086
0.0107072
0.0102806
0.0106831
0.011162
0.0113083
0.0107372
0.0110189
0.010035
0.0114841
0.011045
0.00988133
0.00952237
0.007471
0.00753567
0.00750253
0.00936562
0.00976664
0.00938772
0.00987162
0.0102321
0.00954584
0.00988998
0.00984454
0.00990078
0.00990078
0.0104494
0.0105313
0.0131396
0.0124342
0.0116475
0.0121644
0.0107639
0.0123352
0.00910615
0.0109426
0.00861925
0.00896209
0.0079579
0.00823842
0.010299
0.00978369
0.0100503
0.00945931
0.0103725
0.0103725
0.0103729
0.0103729
0.0107434
0.0102774
0.0110873
0.0106203
0.0126169
0.0121999
0.0126182
0.0128211
0.0122721
0.00936277
0.0121591
0.00865979
0.0100159
0.0100006
0.00823784
0.00776054
0.0107704
0.00943303
0.0100055
0.00904564
0.00957058
0.00957516
0.00912844
0.00885798
0.00777058
0.00936783
0.00932908
0.00984838
0.00984077
0.00990081
0.00990081
0.0099364
0.00970462
0.00796835
0.0114002
0.00982981
0.00996171
0.0126708
0.0117344
0.00971974
0.00959032
0.00962554
0.0117401
0.00955878
0.00996948
0.0104571
0.010329
0.00976502
0.00967399
0.0100802
0.0100802
0.0100809
0.0100803
0.0103334
0.0103988
0.0105332
0.0100803
0.0105284
0.0101438
0.0128382
0.0106171
0.0105138
0.0105986
0.00886434
0.0109973
0.00934761
0.0105877
0.00730291
0.0090557
0.00838409
0.00812256
0.0101943
0.0101173
0.0101259
0.00990075
0.00990075
0.00934184
0.00894808
0.0080134
0.0101023
0.00968374
0.00991926
0.00984074
0.00984074
0.00990078
0.00990078
0.0093418
0.0093418
0.00646047
0.0063353
0.00927792
0.00927792
0.00856002
0.00763823
0.00941054
0.0093418
0.0116662
0.0101821
0.0099951
0.00990126
0.01044
0.00990133
0.00990504
0.00987485
0.00990079
0.00990079
0.00990073
0.00990073
0.00992331
0.0094299
0.00990073
0.00990073
0.00933966
0.00718786
0.0104242
0.00997503
0.00846975
0.0113778
0.0098096
0.00966624
0.0118027
0.0091028
0.00922841
0.00927795
0.00929935
0.00714142
0.00709856
0.00718427
0.00930511
0.00975792
0.00990072
0.00990072
0.0093418
0.00934184
0.0104385
0.00961521
0.0101565
0.00990133
0.00984129
0.00984129
0.00990133
0.00990133
0.00934232
0.00934184
0.00781468
0.0100649
0.00927844
0.00927795
0.00700935
0.00891805
0.00934183
0.00934232
0.00992181
0.00990134
0.00990134
0.00990082
0.00984128
0.00984128
0.00984128
0.00984128
0.00984074
0.00984074
0.00984074
0.00984074
0.00951646
0.0089875
0.00984074
0.00984074
0.007537
0.00778652
0.00990079
0.00990134
0.00824991
0.0106919
0.00934231
0.00934231
0.0112106
0.0115157
0.00927792
0.00927792
0.0097423
0.00928651
0.00930913
0.00852158
0.00951308
0.00951308
0.00990127
0.00990127
0.00934232
0.0093418
0.00961525
0.0093418
0.00990078
0.00990078
0.00984074
0.00984074
0.00990078
0.00990078
0.0093418
0.0093418
0.00937499
0.00946301
0.00922768
0.00927792
0.00908567
0.00934231
0.00966588
0.0098094
0.00990134
0.00990079
0.00997503
0.0104237
0.00984073
0.00984073
0.00990127
0.00990127
0.00984019
0.00984019
0.00990073
0.00990073
0.009512
0.00951254
0.00987431
0.0099045
0.00933877
0.00982732
0.00990181
0.00999511
0.00949803
0.0095868
0.00934234
0.00941156
0.00959504
0.00973638
0.00927795
0.00927844
0.00960953
0.00926288
0.00990077
0.00962887
0.00984074
0.00984074
0.00990072
0.00990072
0.0093418
0.00934232
0.00960949
0.00926271
0.00990086
0.00962896
0.00984077
0.00984077
0.00990081
0.00990081
0.00934184
0.00935065
0.0095949
0.00973623
0.00776216
0.00923738
0.00958644
0.00949804
0.0110595
0.00909188
0.00982733
0.00933829
0.0106166
0.0128202
0.00951255
0.00951257
0.0100809
0.0105338
0.00984022
0.00984022
0.0100803
0.0100803
0.00984022
0.00984022
0.00967346
0.00976499
0.00990082
0.00990079
0.0102349
0.00980069
0.0093423
0.00908587
0.00989358
0.0100317
0.00937527
0.00946301
0.0100035
0.0102831
0.00961525
0.00934184
0.00990075
0.00990075
0.00984077
0.00984077
0.00987433
0.00990451
0.00985436
0.00991625
0.00974209
0.00928632
0.00930919
0.00852164
0.00951308
0.00951255
0.00990078
0.0103625
0.00952731
0.0105358
0.0112106
0.0115157
0.0095469
0.00925775
0.0106919
0.00824991
0.0120778
0.008828
0.00778661
0.00753744
0.0127098
0.0127607
0.00898854
0.00951598
0.0110878
0.0106209
0.00984019
0.00984073
0.0103724
0.0103724
0.00984019
0.00984019
0.0102989
0.0097832
0.00990079
0.00992181
0.00861883
0.00896233
0.00891804
0.00700938
0.0107638
0.0130031
0.00781501
0.0100653
0.0132199
0.0124185
0.0104385
0.00961521
0.0101564
0.00990072
0.00984074
0.00984074
0.00984398
0.00988942
0.0095457
0.0101117
0.00929862
0.00714078
0.00709812
0.00718392
0.00930457
0.00975792
0.0101259
0.0101168
0.0101938
0.00812205
0.00838379
0.0118027
0.00910237
0.0105872
0.00934796
0.00846978
0.0113784
0.010514
0.0105991
0.00718775
0.00933859
0.010528
0.0101433
0.0129126
0.0108243
0.00972561
0.0075004
0.00748951
0.00942936
0.00992386
0.010334
0.0103996
0.00942055
0.00893203
0.0115984
0.010129
0.00966732
0.00918166
0.00918482
0.00990188
0.00990188
0.0100803
0.0100803
0.00922957
0.0076414
0.0072855
0.00719388
0.00852144
0.00939122
0.00911168
0.00944198
0.00990133
0.0104399
0.0104571
0.0103285
0.00918367
0.0092044
0.0086327
0.00750179
0.00722808
0.00735657
0.00922504
0.0101827
0.0116672
0.00962517
0.0117404
0.00787044
0.00973399
0.0116943
0.00938257
0.00951279
0.00856025
0.00763787
0.012671
0.0117341
0.00646075
0.0063357
0.0114008
0.00796845
0.00801332
0.0101017
0.00968324
0.00991919
0.00984074
0.00984074
0.00984018
0.00984778
0.00932905
0.00936767
0.00777089
0.00838438
0.00812292
0.0101943
0.0101173
0.0101265
0.00975848
0.00930458
0.0071839
0.00709904
0.00714136
0.00929917
0.00934722
0.0105881
0.0118024
0.00910317
0.0105141
0.0105981
0.0113781
0.00846978
0.0106638
0.00351089
0.0114444
0.0119996
0.00849984
0.0119828
0.00804753
0.00358494
0.0101433
0.0105284
0.00933907
0.00718776
0.0141502
0.0140476
0.0088255
0.0108921
0.0103989
0.0103339
0.00992382
0.00943033
0.0109094
0.0124396
0.00992328
0.00964507
0.0100808
0.0100802
0.00990076
0.00990076
0.0100874
0.0100873
0.00967848
0.00967848
0.0103284
0.0104571
0.0104394
0.00990076
0.0105575
0.0101452
0.00998465
0.0101629
0.0117405
0.00962508
0.0116665
0.010182
0.00918007
0.00836816
0.0131333
0.0116606
0.0126708
0.0117338
0.00763797
0.00856005
0.00808657
0.00358979
0.0122354
0.00870823
0.0142177
0.0130163
0.0118496
0.00362928
0.00796886
0.0114004
0.00646074
0.0063354
0.00777037
0.00936769
0.0093296
0.00984892
0.00984132
0.00984076
0.00984076
0.00991979
0.00968373
0.0101022
0.00801362
0.0105358
0.00952686
0.0103625
0.00990134
0.009512
0.00951253
0.00852216
0.00930972
0.00928632
0.00974159
0.00954713
0.00925773
0.0111932
0.0115154
0.0073307
0.0032693
0.0117182
0.00863298
0.0137371
0.0130415
0.0123693
0.00376126
0.012077
0.00882831
0.00860996
0.0113014
0.00979102
0.00365343
0.0122791
0.00432514
0.0127096
0.0127614
0.00764378
0.00825774
0.0117091
0.0121289
0.0124884
0.0088762
0.0110884
0.010621
0.00957877
0.0090809
0.00995676
0.0117448
0.00920595
0.00736171
0.0103725
0.0103725
0.00990127
0.00990127
0.00970671
0.00810255
0.00944149
0.00911219
0.010299
0.00978317
0.00987486
0.00990504
0.00993768
0.0124679
0.0102616
0.00946945
0.00861882
0.0089623
0.00993649
0.00999566
0.0146302
0.0139326
0.0116309
0.0100255
0.0107637
0.0130031
0.0070095
0.00900154
0.0116513
0.00409563
0.00949418
0.00364531
0.0132204
0.0124192
0.00781501
0.010065
0.0116867
0.00357862
0.0133211
0.0138764
0.0088408
0.0124433
0.00763651
0.00334688
0.0101118
0.00954571
0.00988998
0.00984454
0.00984018
0.00984018
0.00990074
0.0101565
0.00961575
0.0104386
0.00935018
0.00934179
0.00990134
0.00990134
0.00984018
0.00984018
0.00962947
0.00990084
0.00926221
0.00962896
0.00759709
0.00780146
0.00960276
0.0116552
0.00940332
0.00974532
0.00776267
0.00923711
0.00829942
0.00971048
0.0090023
0.00823295
0.0135262
0.0147046
0.00909268
0.0110598
0.0114926
0.00956302
0.00878404
0.00957732
0.0154739
0.010674
0.0128201
0.0106166
0.0100495
0.0127132
0.0114681
0.0109771
0.00845428
0.00871713
0.0105338
0.0100807
0.00974493
0.0101986
0.0104561
0.00973752
0.00753868
0.00735314
0.0100802
0.0100802
0.0100803
0.0100803
0.00808863
0.00794176
0.00957209
0.00904614
0.00976482
0.00967353
0.0100282
0.0100951
0.0094048
0.012457
0.0100585
0.00990128
0.00980074
0.0102349
0.0104263
0.0104137
0.0137608
0.0121116
0.0101955
0.00981912
0.0100317
0.00989358
0.00949963
0.0100514
0.0116408
0.0130084
0.00866262
0.00776611
0.0100035
0.0102834
0.00985751
0.0102123
0.013198
0.0130033
0.00799701
0.00795296
0.00991617
0.00985381
0.00990504
0.00987486
0.00984018
0.00984018
0.00987432
0.0099045
0.00977707
0.00998748
0.00978915
0.00940333
0.0116555
0.00960594
0.00771642
0.00707258
0.00960945
0.00926271
0.00990142
0.00962951
0.00984021
0.00984021
0.00990083
0.010362
0.00952682
0.010957
0.00990065
0.0100092
0.00950344
0.00933811
0.0078023
0.00755594
0.00747229
0.0097492
0.00955218
0.00973621
0.0100096
0.00949123
0.00974033
0.0114978
0.011781
0.0120326
0.0100932
0.00986032
0.0123351
0.00918502
0.0115688
0.00942198
0.00902585
0.0113027
0.010362
0.00941534
0.0122279
0.0127569
0.0105693
0.0111946
0.00771114
0.00814448
0.00957517
0.00957117
0.0111575
0.0106209
0.0100633
0.0102301
0.00896174
0.0089617
0.00990076
0.00990076
0.0103724
0.0103724
0.0104426
0.0098425
0.00951257
0.00951257
0.00990454
0.0098743
0.010376
0.0104764
0.0109387
0.0107936
0.00984022
0.00984022
0.00999503
0.00990126
0.0104774
0.011059
0.0105528
0.0113519
0.00950099
0.00990076
0.00941103
0.00908588
0.0117992
0.0117463
0.0110071
0.0113733
0.00724104
0.00867065
0.00937527
0.00946298
0.0120393
0.0117523
0.0134017
0.0128761
0.00731608
0.0087493
0.0096152
0.00934182
0.00990131
0.00990131
0.00984021
0.00984021
0.00984403
0.00988947
0.0101646
0.0104085
0.0114863
0.00773102
0.00791845
0.00780225
0.00938349
0.00944146
0.00903159
0.0086941
0.00974208
0.00928632
0.00930972
0.00852163
0.00951253
0.00951255
0.0101259
0.0101173
0.0106631
0.00848568
0.00883984
0.0098406
0.0105527
0.00998026
0.00951936
0.00951201
0.00904622
0.00957112
0.00923449
0.00958535
0.0112105
0.0115153
0.0110057
0.0119892
0.00924903
0.0124602
0.00959493
0.00988306
0.010692
0.00825007
0.0119207
0.0090551
0.00796401
0.0102185
0.00949801
0.00958647
0.00778661
0.00753744
0.00985772
0.00762569
0.00998728
0.010175
0.00933822
0.00982723
0.00898854
0.00951598
0.0103237
0.00990069
0.0103767
0.0103765
0.00951254
0.00951255
0.00984019
0.00984073
0.0100803
0.0100803
0.0103724
0.0103725
0.00984019
0.00984019
0.00984019
0.00984019
0.0101467
0.0100803
0.0103789
0.00985844
0.00984019
0.00984019
0.00990078
0.00992173
0.0099136
0.00988559
0.00980253
0.00810635
0.00990073
0.00990073
0.00891805
0.00700938
0.0105776
0.00784578
0.00969741
0.0120638
0.00879254
0.0093423
0.007815
0.0100653
0.0124218
0.00935622
0.0121633
0.0119618
0.0091281
0.00921548
0.0104385
0.0096152
0.010157
0.00990128
0.00984018
0.00984018
0.00984019
0.0098478
0.00998026
0.0104496
0.00982588
0.00922496
0.00865577
0.0105403
0.00974481
0.00925491
0.00957064
0.00957463
0.00934229
0.00943356
0.00929918
0.00714084
0.00709811
0.00718392
0.00930457
0.00975792
0.00975792
0.00930511
0.00750259
0.00753616
0.00747151
0.0095063
0.0100639
0.00987724
0.0100102
0.00987485
0.00984018
0.00984018
0.00990081
0.00990081
0.00934229
0.00934284
0.0118024
0.00910283
0.0112947
0.0112641
0.00811236
0.0100537
0.00927845
0.00927848
0.00846993
0.0113783
0.00886983
0.011524
0.00771724
0.00955186
0.00934235
0.00934231
0.00718776
0.00933859
0.0077287
0.0083171
0.0102996
0.0106664
0.00990073
0.00990132
0.00942936
0.00992386
0.00974648
0.00922972
0.0102935
0.0103875
0.00984073
0.00984073
0.00990188
0.00990188
0.0100802
0.0100802
0.0103725
0.0103725
0.00984019
0.00984019
0.00990133
0.01044
0.0100245
0.0100839
0.0100308
0.00994704
0.00984019
0.00984019
0.0101826
0.0116671
0.00957836
0.0101257
0.00838898
0.0103635
0.00990076
0.00990073
0.00856026
0.00763787
0.00724969
0.00876161
0.0107973
0.0111771
0.00934282
0.00934233
0.00646074
0.00633568
0.00763593
0.00924988
0.0100131
0.0112577
0.00927845
0.00927797
0.00801318
0.0101022
0.00968432
0.00991975
0.00984018
0.00984018
0.00984019
0.00984019
0.00990126
0.00999151
0.00943118
0.00963259
0.00952289
0.00747149
0.00753612
0.00750253
0.0093051
0.00975792
0.00990075
0.00990075
0.00934229
0.00934232
0.00838419
0.00812291
0.0101943
0.0101173
0.0101265
0.00951309
0.00951256
0.00904622
0.00957215
0.00923495
0.00960583
0.0105256
0.0101646
0.00989053
0.00984509
0.00984074
0.00984074
0.00990138
0.00990138
0.00934282
0.00943337
0.00934708
0.0105874
0.00829991
0.00987042
0.0119637
0.0117461
0.00912772
0.0092156
0.0105141
0.0105981
0.0114928
0.00956361
0.0119893
0.0111618
0.00934179
0.00879187
0.0101433
0.0105285
0.0100494
0.012713
0.0108605
0.0111524
0.0099013
0.00990073
0.010399
0.0103339
0.00974546
0.0101986
0.0107828
0.0107828
0.00984129
0.00984129
0.0100807
0.0100802
0.0100808
0.0100808
0.0107683
0.0107683
0.00984075
0.00984075
0.0103284
0.0104569
0.0100288
0.0100957
0.0112151
0.010671
0.00951256
0.00951255
0.0117402
0.00962507
0.0104264
0.0104142
0.0130944
0.0126793
0.0098278
0.00933874
0.0126711
0.011734
0.00920608
0.0100516
0.0130449
0.00947054
0.00958684
0.00949856
0.00796883
0.0114001
0.00961791
0.00996377
0.0100971
0.0102594
0.00959507
0.00988324
0.00776996
0.00936769
0.00933012
0.00984834
0.00984074
0.00984076
0.00984076
0.00987541
0.0099056
0.00977711
0.00980597
0.0112105
0.00943301
0.0100055
0.00904617
0.00918438
0.00918487
0.00904667
0.0095716
0.00923516
0.00958541
0.0105359
0.00952686
0.0103625
0.00990132
0.00984019
0.00984019
0.00990132
0.0103619
0.00952634
0.0109574
0.0102797
0.0104811
0.00993842
0.00984833
0.00984072
0.00984018
0.00984018
0.00990081
0.00999097
0.00943146
0.00927284
0.00954774
0.00925774
0.0100092
0.00949114
0.0104106
0.0130567
0.00762307
0.00907829
0.0120777
0.00882868
0.0123351
0.00918502
0.00880505
0.0115111
0.00881141
0.00758653
0.0127103
0.0127613
0.0122279
0.0127569
0.0108605
0.0108605
0.00990073
0.00992171
0.0110884
0.010621
0.0111575
0.010621
0.0107828
0.0107828
0.00984073
0.00984073
0.0103725
0.0103725
0.0103725
0.0103725
0.0107683
0.0107683
0.00984019
0.00984019
0.010299
0.00978336
0.0103761
0.0104764
0.0110327
0.0111207
0.0089875
0.00951592
0.00861895
0.00896248
0.0104774
0.0110587
0.0113392
0.0113387
0.00778657
0.00753705
0.0107641
0.0130031
0.0117991
0.0117471
0.0110844
0.0116155
0.0107651
0.0083875
0.0132199
0.0124188
0.0120399
0.0117517
0.0112323
0.010998
0.0113527
0.0114093
0.0101118
0.00954621
0.00988996
0.00984398
0.00984019
0.00984019
0.00984398
0.00988996
0.0101646
0.0104074
0.00886011
0.00848581
0.0106637
0.0101173
0.0101259
0.00975792
0.00930461
0.00750262
0.00753653
0.00767692
0.00951202
0.00960581
0.00923446
0.0095716
0.0090457
0.00951201
0.00951256
0.0101259
0.0101173
0.0106637
0.00848577
0.00883976
0.010819
0.0102747
0.00999464
0.00984454
0.00984074
0.00984019
0.00984019
0.0098478
0.00997977
0.0101141
0.00946796
0.0080755
0.00987039
0.0110052
0.0119891
0.0102207
0.0119172
0.0107169
0.00831065
0.00944349
0.0113475
0.0119207
0.0090551
0.0116532
0.00949234
0.0108291
0.00938566
0.0127201
0.0100494
0.00985773
0.00762569
0.0108808
0.0112011
0.0101826
0.01233
0.0101986
0.00974494
0.0103236
0.00990071
0.0107729
0.0108969
0.00990129
0.0104405
0.0100803
0.0100803
0.0100802
0.0100802
0.0107688
0.0107688
0.00990075
0.00990075
0.00976498
0.00967344
0.0101467
0.0100802
0.0107793
0.0107798
0.00942986
0.00992326
0.00980068
0.0102349
0.0099136
0.00988561
0.0105524
0.0109534
0.00722286
0.00937497
0.0100317
0.00934052
0.010577
0.00784573
0.0110065
0.0110113
0.011722
0.00861781
0.00987477
0.0102324
0.0124219
0.00935605
0.013065
0.0122312
0.0116971
0.0123022
0.0100228
0.00985383
0.00990504
0.00987486
0.00984021
0.00984021
0.00984019
0.0098478
0.00998029
0.0104501
0.00982638
0.0112459
0.00772546
0.00790807
0.00750253
0.0093051
0.00975794
0.0101259
0.0101173
0.011286
0.00883256
0.00928718
0.0095059
0.00747152
0.00753616
0.00750259
0.00930511
0.00975794
0.00975794
0.0093051
0.00750258
0.00753616
0.00747151
0.00950631
0.0100821
0.0105898
0.00993846
0.00984834
0.00984074
0.00984019
0.00984019
0.009844
0.00988943
0.0100956
0.0107163
0.0112948
0.0112635
0.0112948
0.0112642
0.00990162
0.0130217
0.0133412
0.0108923
0.011524
0.00886927
0.00886927
0.011524
0.0084962
0.0108282
0.0114555
0.0133965
0.00831656
0.0077287
0.00772869
0.00831665
0.0104903
0.0104719
0.0118417
0.00921764
0.00922971
0.00974649
0.0097466
0.00922971
0.0104664
0.0103731
0.0103296
0.0104566
0.0100802
0.0100802
0.0100803
0.0100803
0.0103725
0.0103725
0.0100808
0.0100814
0.0100839
0.0100245
0.0100245
0.010084
0.0103789
0.00985845
0.0100532
0.010094
0.0101257
0.00957834
0.00957834
0.0101257
0.00980257
0.00765971
0.00987122
0.0102235
0.0087614
0.00724975
0.00724977
0.0087614
0.00912681
0.0122862
0.0107927
0.0111326
0.00763605
0.00925022
0.00763607
0.00925023
0.0133976
0.0123259
0.0127484
0.0130451
0.00963259
0.0094312
0.00999152
0.00990128
0.00984021
0.00984021
0.00984019
0.00984019
0.0099013
0.00999154
0.00943118
0.00963257
0.00950515
0.00865627
0.0105403
0.00974481
0.00925438
0.00918384
0.00918486
0.00904617
0.0100055
0.00977102
0.0122022
0.00883975
0.00848577
0.0106637
0.0101173
0.0101259
0.00951255
0.009512
0.0090457
0.00957162
0.00923442
0.00960528
0.0105835
0.0100479
0.00999465
0.00984401
0.00984072
0.00984072
0.00984018
0.00984018
0.0098743
0.0100096
0.0103871
0.0109738
0.0119898
0.0110055
0.00829993
0.00986988
0.00989853
0.0114941
0.00986052
0.0123688
0.00905559
0.0119207
0.0114933
0.00956359
0.00927973
0.0106963
0.00978617
0.00919577
0.00762632
0.00985775
0.010049
0.0127137
0.0106415
0.0106692
0.00860823
0.00881275
0.00990018
0.0103243
0.00974481
0.0101982
0.0106607
0.0107724
0.0106856
0.0101544
0.0100808
0.0100808
0.0100802
0.0100802
0.0107683
0.0107683
0.0107689
0.0107689
0.0100808
0.0101472
0.0100282
0.010095
0.0104164
0.00992951
0.0106857
0.0107793
0.00988611
0.00991412
0.0104264
0.0104136
0.00833607
0.0089981
0.0110062
0.0110058
0.00784615
0.0105772
0.00920638
0.0100516
0.0096211
0.0123874
0.0110824
0.0108841
0.00935607
0.0124219
0.00961865
0.00996376
0.0143111
0.0139321
0.0115896
0.0103041
0.0098264
0.0104501
0.00998026
0.0098478
0.00984019
0.00984018
0.00984018
0.00987486
0.00990504
0.00977656
0.00980596
0.0116871
0.00784745
0.00790852
0.00750306
0.00930513
0.00975792
0.00975792
0.00930404
0.0075022
0.0075356
0.00734652
0.00957448
0.0112106
0.00943288
0.0100055
0.00904673
0.00951255
0.00951254
0.00990191
0.0103625
0.00952686
0.010958
0.00980089
0.0103716
0.00993898
0.00984838
0.00984077
0.00984129
0.00984129
0.00984074
0.00984834
0.00998029
0.0107394
0.0107047
0.0104913
0.0102595
0.00962025
0.00949161
0.00976094
0.0126842
0.0131805
0.0102864
0.0125205
0.00971649
0.0128163
0.00893148
0.00886896
0.0104321
0.0110831
0.00850724
0.0121263
0.0121939
0.0131727
0.013236
0.0112886
0.0111009
0.00995925
0.0103783
0.0108142
0.0102772
0.0115471
0.0110266
0.0117285
0.0112607
0.0104245
0.010409
0.0103724
0.0103724
0.0107683
0.0107683
0.0118295
0.0116768
0.0107689
0.0107683
0.010376
0.0104766
0.0107822
0.0107822
0.012485
0.011434
0.0107793
0.0107793
0.0104776
0.0110584
0.0108605
0.0111529
0.0148586
0.0120357
0.0107687
0.0109533
0.0117987
0.0111615
0.0119891
0.0117471
0.0100414
0.013123
0.0111597
0.0106082
0.0119643
0.0117461
0.0120399
0.0117517
0.00869911
0.0111164
0.0113939
0.0106324
0.0105262
0.0101652
0.00989
0.00984456
0.00984074
0.00984074
0.00984511
0.00989055
0.0101646
0.0104074
0.00865998
0.00820461
0.0106671
0.00974486
0.00925543
0.00951308
0.00951311
0.00985427
0.0101024
0.0105889
0.00869135
0.00891741
0.00952225
0.00747104
0.00753658
0.00750268
0.00930459
0.00975791
0.0101259
0.0101173
0.0106637
0.00848577
0.00885991
0.0104002
0.0102061
0.00999516
0.00984398
0.00984021
0.00984021
0.00984072
0.00984072
0.00984398
0.0101465
0.0104496
0.0119786
0.0100131
0.0112574
0.010998
0.0112323
0.0102607
0.0116071
0.0107545
0.0131999
0.0111771
0.0107973
0.0116161
0.011085
0.0134771
0.00985282
0.0116722
0.00905083
0.0103641
0.00838908
0.0113386
0.0113386
0.0129643
0.0125568
0.0108605
0.0110221
0.00994705
0.0100314
0.0110333
0.0111213
0.0123282
0.0125145
0.0107828
0.0107828
0.0103725
0.0103725
0.0107683
0.0107683
0.0129458
0.0123033
0.0104693
0.0104102
0.010387
0.0102929
0.0107822
0.0107822
0.0156565
0.0132504
0.01091
0.0102344
0.010667
0.0102999
0.0108605
0.0108605
0.0126471
0.0165315
0.0116726
0.0114807
0.00955099
0.00771666
0.0115113
0.00880561
0.01127
0.00970095
0.0120492
0.0109338
0.00811153
0.0100536
0.0130567
0.0104102
0.0107082
0.00975085
0.0127504
0.0123583
0.0100639
0.00987769
0.0100102
0.00987432
0.00984018
0.00984018
0.00984074
0.00984834
0.00993842
0.0104811
0.0102797
0.0106608
0.00737
0.00790896
0.00750261
0.00930458
0.00975792
0.00951253
0.00951253
0.0085211
0.00972994
0.00926751
0.0114525
0.00883951
0.00848569
0.0106636
0.0101173
0.0101253
0.00975794
0.0093051
0.00750258
0.00790808
0.00772531
0.0112459
0.0105257
0.010566
0.00987811
0.0098478
0.00984019
0.00984022
0.00984022
0.00984074
0.00984074
0.00988852
0.00976968
0.0105086
0.00810714
0.0119632
0.0110062
0.0126441
0.0122312
0.013156
0.0133805
0.0089981
0.00822793
0.010004
0.0121737
0.0116074
0.0108628
0.0111142
0.0144076
0.00885557
0.00833002
0.00842349
0.0101788
0.0115033
0.0115033
0.0126935
0.0122156
0.0107187
0.0101522
0.0101891
0.0106253
0.0112738
0.0112738
0.012663
0.0126634
0.0103875
0.0106146
0.0103725
0.0103725
0.0112567
0.0112567
0.0132134
0.0129413
0.00952773
0.0100313
0.0103761
0.010376
0.01127
0.01127
0.0140012
0.0147571
0.00821045
0.00795356
0.0101753
0.00998735
0.0113249
0.0113249
0.0116482
0.00891969
0.0121878
0.00930982
0.00796416
0.0105775
0.01187
0.00949289
0.00930347
0.0115388
0.0136421
0.012631
0.00935621
0.0124218
0.0102202
0.0119163
0.0148973
0.0136335
0.0117799
0.00959656
0.00982588
0.0104496
0.00998028
0.0098478
0.00984019
0.00984021
0.00984076
0.00984454
0.00999464
0.0102746
0.0108184
0.0106698
0.0088646
0.0105561
0.00974481
0.00925541
0.0091849
0.00918387
0.00896122
0.00896169
0.00704522
0.00710104
0.0067008
0.00910942
0.0112106
0.00943292
0.0100044
0.0090457
0.00918435
0.00918385
0.0092544
0.00974483
0.0105403
0.00865622
0.00924984
0.00999989
0.0106578
0.0100102
0.00990832
0.00984019
0.00984019
0.00984019
0.00984022
0.00984022
0.00984074
0.00990887
0.00940182
0.0093991
0.00753952
0.0104914
0.0102594
0.0119721
0.0114322
0.0093504
0.011493
0.00917605
0.00782021
0.0125205
0.00971648
0.0116074
0.0109028
0.00920125
0.00988723
0.0104631
0.0103597
0.0121264
0.0121933
0.0116458
0.0115282
0.0115156
0.0119475
0.0114464
0.0107359
0.0108137
0.0102774
0.0112742
0.0117307
0.0114227
0.0119409
0.0109373
0.0109373
0.0103725
0.0103724
0.0111272
0.0112605
0.012111
0.0116216
0.0105456
0.0111425
0.010376
0.0104766
0.0108963
0.0111808
0.0113514
0.00972872
0.00803358
0.010454
0.0104776
0.0110589
0.010861
0.0110226
0.0127479
0.0132649
0.013061
0.00997586
0.0117992
0.011161
0.0111464
0.00880584
0.0142293
0.0141369
0.0136088
0.0103828
0.0119637
0.0117467
0.0131206
0.0103318
0.0113728
0.0133847
0.0111735
0.00975673
0.0105267
0.0101646
0.00988943
0.009844
0.00984021
0.00984021
0.00984074
0.00984834
0.00993845
0.0105903
0.010307
0.00861562
0.00819296
0.00855765
0.00771168
0.00786587
0.00930458
0.00975794
0.00975794
0.00930513
0.00786632
0.00771125
0.00796153
0.00792589
0.00794124
0.00952287
0.00747101
0.00753616
0.00750268
0.00930459
0.00975792
0.00975792
0.00930511
0.00750312
0.0079081
0.00772522
0.0116461
0.0103688
0.0102369
0.0100697
0.00984401
0.00984018
0.00984018
0.00984018
0.00984018
0.00984021
0.00984833
0.00987863
0.0105653
0.00953291
0.0100131
0.0112573
0.0137385
0.0124969
0.0102187
0.0116352
0.0127032
0.0123446
0.0111771
0.0107973
0.00954429
0.0110432
0.013659
0.00953957
0.0143226
0.011128
0.0103641
0.00838952
0.0104319
0.0133059
0.0126886
0.0125067
0.0118551
0.0120631
0.00994754
0.0100317
0.0140501
0.0123138
0.0117065
0.012249
0.0114445
0.0114445
0.0103729
0.010373
0.0123033
0.01168
0.0114406
0.011289
0.0116423
0.0112886
0.0103875
0.0102934
0.0117055
0.0118771
0.0117232
0.00995782
0.0131101
0.0131868
0.0106675
0.0102994
0.0123259
0.0123188
0.0141473
0.0138996
0.0137317
0.0112459
0.00955054
0.00771713
0.0134005
0.0099358
0.0131303
0.0121941
0.0100475
0.00969401
0.00811233
0.0100539
0.0106143
0.0120824
0.0116278
0.0108182
0.0131241
0.0123245
0.010064
0.00987773
0.0100096
0.0098743
0.00984019
0.00984019
0.00984072
0.00984072
0.009844
0.00999464
0.0102049
0.0108701
0.01095
0.00740644
0.00789778
0.00735278
0.00896169
0.00896172
0.00918435
0.00918434
0.00925489
0.00974483
0.0105561
0.00886509
0.00985363
0.0089751
0.00837158
0.0103208
0.00974533
0.00925492
0.00918488
0.00918435
0.00925437
0.00974479
0.0107741
0.00916641
0.0109944
0.0105252
0.0105655
0.00987865
0.00984783
0.00984022
0.00984019
0.00984019
0.00984019
0.00984019
0.00984454
0.0100703
0.0102368
0.0103694
0.0123374
0.0114592
0.0145342
0.0148852
0.0130758
0.0135292
0.010133
0.0114379
0.0104161
0.0128481
0.0110079
0.00862999
0.010771
0.0145691
0.0132798
0.00949243
0.00871141
0.0104021
0.0111812
0.00821604
0.0120951
0.0118287
0.0125915
0.0122172
0.0101742
0.0100399
0.0132091
0.0138196
0.012009
0.012009
0.0117282
0.012092
0.0100267
0.0100272
0.0125803
0.012272
0.0122093
0.0118687
0.0114408
0.0112897
0.0103761
0.0103761
0.0120083
0.0120083
0.0134733
0.0134818
0.012179
0.00995742
0.0101755
0.0101094
0.0120957
0.0116463
0.0116535
0.00922134
0.0146317
0.014243
0.00800714
0.010474
0.0142393
0.0106652
0.00955864
0.0119301
0.0125043
0.0116893
0.00942652
0.0121764
0.0138648
0.0129073
0.0152739
0.0139793
0.0108696
0.0108184
0.00984055
0.0105521
0.00997974
0.00984781
0.00984021
0.00984074
0.00984074
0.00984021
0.00984781
0.00987812
0.0105647
0.0105249
0.0106694
0.0088651
0.010556
0.00974482
0.00925442
0.00918437
0.00918488
0.00896174
0.00896172
0.00735275
0.00789762
0.00740686
0.0109501
0.01058
0.00740638
0.00789778
0.00735328
0.00896172
0.00896174
0.00941434
0.00899221
0.0078659
0.00771126
0.00855757
0.00819355
0.00861579
0.0100003
0.0106578
0.0100102
0.0099094
0.00984127
0.00984076
0.00984076
0.00984072
0.00984072
0.00984072
0.00990885
0.0100107
0.010657
0.00999983
0.0110094
0.0105897
0.0133847
0.0113728
0.00934981
0.0114922
0.0114925
0.00934936
0.0149236
0.011934
0.0142286
0.014137
0.00938636
0.0098874
0.00920205
0.0098874
0.0139206
0.0108927
0.0132649
0.0127473
0.0118413
0.0120955
0.0119484
0.0115151
0.00879212
0.00857229
0.0113519
0.00972824
0.0117065
0.0120586
0.0119395
0.0114222
0.00992931
0.0104135
0.0121112
0.0116227
0.0122682
0.0116212
0.0116227
0.0121103
0.0107718
0.01118
0.0114216
0.0119398
0.0113516
0.0092286
0.00972826
0.0113519
0.011155
0.0113599
0.0119484
0.0115151
0.0122003
0.0131798
0.0132647
0.0127472
0.0118732
0.00910578
0.00920221
0.00988713
0.0149732
0.0144056
0.0142293
0.014137
0.00981603
0.0114666
0.0114923
0.00934914
0.011373
0.0133855
0.0133855
0.011373
0.0103044
0.0103061
0.0100697
0.00984454
0.00984127
0.00984127
0.00984074
0.00984074
0.00984074
0.00990887
0.0100102
0.0106575
0.0100002
0.00861618
0.008193
0.00855714
0.00771125
0.00786632
0.00930511
0.00975847
0.00975843
0.00930507
0.00786578
0.00771122
0.00855761
0.00819303
0.00861616
0.00861523
0.00819301
0.00855714
0.00771125
0.0078663
0.00899216
0.00941431
0.00896172
0.00896122
0.00735324
0.00789807
0.0074066
0.0109502
0.0103692
0.0102364
0.0100692
0.00984454
0.00984074
0.00984019
0.00984022
0.00984022
0.00984019
0.0098478
0.00987811
0.0105652
0.0105249
0.0113729
0.0133849
0.0116288
0.0108186
0.0103924
0.0120368
0.0135295
0.0130764
0.0144822
0.013932
0.0131299
0.0121941
0.014072
0.00977926
0.0145687
0.010771
0.0114737
0.0128893
0.0141472
0.0138999
0.0133007
0.0128714
0.0120957
0.0118293
0.00866681
0.0108081
0.0117234
0.00995742
0.0125145
0.0127102
0.012009
0.012009
0.0110662
0.0116652
0.0114408
0.0112897
0.011639
0.0120637
0.0122091
0.0118687
0.0114445
0.0112869
0.0117059
0.0122483
0.0104356
0.0100686
0.0134736
0.0134815
0.0113348
0.0119482
0.0126894
0.0125068
0.01681
0.0128501
0.0116537
0.00922137
0.0092022
0.00988751
0.0136585
0.00953994
0.0179953
0.0131248
0.0119301
0.00955865
0.00934936
0.011492
0.0102175
0.0116357
0.0122757
0.0108184
0.0139792
0.0152738
0.00999972
0.010657
0.0100097
0.00990834
0.00984074
0.00984074
0.00984021
0.00984021
0.00984021
0.009844
0.0100692
0.0102368
0.0103694
0.0109501
0.00740689
0.00789762
0.00735272
0.00896172
0.00896174
0.00918438
0.00918438
0.0092549
0.0097448
0.0105561
0.00886463
0.0106699
0.0106694
0.00886509
0.0105561
0.00974483
0.00925438
0.00918386
0.00918486
0.0092554
0.00974481
0.0105561
0.00886508
0.0106692
0.0107124
0.0105655
0.00987812
0.00984833
0.00984072
0.00984018
0.00984018
0.00984021
0.00984021
0.00984398
0.0100692
0.0102368
0.0103694
0.015274
0.0139797
0.0139791
0.0152736
0.0142888
0.0140359
0.0102175
0.0116357
0.00955864
0.0119297
0.01193
0.00955879
0.0137141
0.0158741
0.0136581
0.00953993
0.0116535
0.00922134
0.0116536
0.00922136
0.0135683
0.0139638
0.0126896
0.0125063
0.0134733
0.0134823
0.0134731
0.0134821
0.0132119
0.0132119
0.011707
0.0122488
0.0122105
0.0118698
0.0122102
0.0118694
0.0128483
0.012728
0.0114406
0.0112901
0.0120088
0.0120088
0.0120083
0.0120083
0.0136322
0.0128867
0.0117229
0.00995782
0.012096
0.0118293
0.0120958
0.0118294
0.0144772
0.0143603
0.0141472
0.0138993
0.0107712
0.014569
0.0145685
0.0107709
0.0150013
0.014427
0.0131303
0.0121941
0.013076
0.0135299
0.0135295
0.0130764
0.0156527
0.0147643
0.0116278
0.0108183
0.0105255
0.0105653
0.00987811
0.00984833
0.00984072
0.00984019
0.00984019
0.00984018
0.00984778
0.00987811
0.0105658
0.0105254
0.0108839
0.00886506
0.0105561
0.00974428
0.00925487
0.00918485
0.00918435
0.00896119
0.0089612
0.00735329
0.00789821
0.00740645
0.0109501
0.0109501
0.00740686
0.00789775
0.00735318
0.00896223
0.00896222
0.0094143
0.00899168
0.00786641
0.0077117
0.0085572
0.00819295
0.0086163
0.0109764
0.0108861
0.00993471
0.00990835
0.00984022
0.00984074
0.00984074
0.00984019
0.00984019
0.00984022
0.00990835
0.0100096
0.0106575
0.0100002
0.0116279
0.0108182
0.013385
0.0113726
0.012871
0.0130346
0.0114928
0.00934959
0.0131297
0.0121935
0.0142286
0.0141369
0.0140018
0.0142951
0.0092022
0.00988737
0.0141473
0.0138996
0.0132651
0.0127478
0.0142975
0.0142975
0.0119483
0.0115155
0.0117231
0.00995745
0.0113514
0.00972873
0.0139598
0.0139598
0.01194
0.0114227
0.0114408
0.0112897
0.0121114
0.0116222
0.0139161
0.0139161
0.0116222
0.0121106
0.0117059
0.0122483
0.0114221
0.01194
0.0139594
0.013959
0.009729
0.0113514
0.0126893
0.0125071
0.011948
0.0115156
0.0142974
0.0142979
0.0132647
0.0127482
0.0136591
0.00953999
0.00920178
0.00988765
0.0146549
0.0144058
0.0142292
0.0141369
0.0102178
0.0116355
0.011493
0.00934981
0.0160226
0.0156033
0.0133843
0.0113729
0.0103693
0.0102363
0.0100697
0.00984454
0.00984021
0.00984021
0.00984019
0.00984019
0.00984021
0.00990834
0.0100102
0.0106575
0.0100003
0.0107095
0.0087725
0.00871445
0.00771125
0.00786629
0.00930509
0.00975742
0.00975797
0.00930511
0.0078659
0.00771126
0.00855756
0.00819309
0.00861515
0.00861615
0.00819302
0.0085571
0.00771116
0.00786545
0.00899117
0.00941375
0.0089617
0.00896171
0.00735278
0.00789776
0.00740703
0.0109506
0.0108794
0.0108793
0.00996102
0.00996102
0.00984018
0.00984022
0.00984022
0.00984073
0.00984073
0.00984018
0.00984779
0.00987813
0.0105653
0.0105254
0.0113729
0.0133849
0.0116288
0.0108189
0.0127516
0.0127514
0.0135297
0.0130765
0.0142292
0.0141375
0.0131297
0.0121936
0.0140021
0.0140023
0.0145689
0.0107709
0.0127479
0.0132654
0.0141472
0.0138994
0.0142975
0.0142975
0.0120957
0.0118293
0.00972873
0.0113514
0.0117231
0.00995783
0.0139602
0.0139598
0.012009
0.012009
0.0116223
0.0121109
0.0114412
0.0112897
0.0139165
0.0139165
0.0122095
0.0118687
0.0119395
0.0114216
0.0117059
0.0122483
0.0139594
0.0139594
0.0134728
0.0134821
0.0115152
0.011948
0.0126892
0.0125071
0.014298
0.0142978
0.0116532
0.00922137
0.00920168
0.00988722
0.0136591
0.00953953
0.0146555
0.0146555
0.0119302
0.00955889
0.00934937
0.011492
0.0102173
0.0116355
0.0161279
0.0161277
0.0139793
0.0152733
0.0100002
0.010658
0.0100107
0.00990887
0.0098402
0.00984018
0.00984018
0.0098402
0.0098402
0.00984454
0.0100697
0.0102363
0.0103694
0.0107549
0.00867979
0.00868015
0.00768167
0.00768169
0.00896121
0.00896119
0.00918435
0.00918486
0.00925541
0.00974482
0.0105561
0.00886462
0.0106699
0.0106698
0.00886462
0.0105566
0.00974535
0.00925543
0.00918488
0.00918436
0.00925491
0.00974485
0.010556
0.00886465
0.0106688
0.0108789
0.0108794
0.00996159
0.00996103
0.00984073
0.00984073
0.00984073
0.00984077
0.00984077
0.00984128
0.00984128
0.00984454
0.0100697
0.0102368
0.0103694
0.0152737
0.0139794
0.0139799
0.0152739
0.0127511
0.0127511
0.0102173
0.0116355
0.00955865
0.01193
0.0119295
0.00955838
0.0140029
0.0140021
0.0136589
0.00953958
0.0116534
0.00922087
0.0116535
0.00922107
0.0142978
0.0142983
0.0126893
0.0125071
0.0134731
0.0134821
0.0134733
0.0134818
0.0139602
0.0139602
0.0117065
0.0122484
0.0122102
0.0118693
0.01221
0.0118693
0.0139165
0.0139165
0.0114404
0.0112896
0.0120083
0.0120083
0.0120083
0.0120083
0.013959
0.0139594
0.0117237
0.0099577
0.0120958
0.0118294
0.0120956
0.0118292
0.0142979
0.0142976
0.0141472
0.0139
0.0107709
0.0145685
0.014569
0.0107712
0.0146551
0.0146551
0.0131305
0.0121946
0.013076
0.0135297
0.0135298
0.013076
0.0161279
0.0161272
0.0116284
0.0108184
0.0105254
0.0105652
0.00987866
0.00984834
0.00984073
0.00984075
0.00984075
0.00984128
0.00984888
0.00987866
0.0105647
0.010525
0.0107549
0.00867922
0.00868018
0.0076821
0.00768168
0.00896121
0.0089617
0.00918489
0.00918438
0.00896174
0.00896173
0.00735327
0.00789861
0.00740683
0.0109501
0.0109504
0.00740645
0.0078982
0.00735328
0.00896119
0.00896119
0.00941379
0.00899216
0.00786631
0.00771125
0.00855714
0.00819349
0.00861586
0.0108789
0.0108788
0.00996209
0.00996212
0.00984074
0.00984072
0.00984018
0.00984018
0.00984018
0.00984022
0.00984022
0.00984073
0.00996157
0.0100358
0.0106437
0.0098802
0.0116283
0.0108188
0.0133853
0.0113728
0.0127511
0.0127511
0.0111746
0.00920192
0.0131297
0.012194
0.0142286
0.0141369
0.0140021
0.0140021
0.00920205
0.00960732
0.0141472
0.0138998
0.0132647
0.0127477
0.0142979
0.0142974
0.0119484
0.0115151
0.0117234
0.00995764
0.0113516
0.00972873
0.0139598
0.0139602
0.0119395
0.0114222
0.0114411
0.0112897
0.0121112
0.0116224
0.0139161
0.0139161
0.0116227
0.0121103
0.0117059
0.0122487
0.0114216
0.0119399
0.013959
0.013959
0.00972826
0.0113519
0.0126897
0.0125067
0.0119482
0.011515
0.0142975
0.0142975
0.0132647
0.0127472
0.0136585
0.00953956
0.00920221
0.00988752
0.0146549
0.0146549
0.0143618
0.0142729
0.0102177
0.0116357
0.011492
0.00934937
0.0161276
0.0161277
0.0138899
0.0114066
0.0103694
0.0102368
0.0100692
0.00984399
0.0098402
0.0098402
0.00984073
0.00984073
0.0098402
0.00990887
0.0100102
0.0106575
0.0100002
0.0107549
0.00868019
0.00868018
0.00768165
0.00768116
0.00896172
0.00896223
0.00918486
0.00918384
0.00896125
0.00896172
0.00768168
0.00768168
0.00852579
0.00812126
0.00871254
0.00861525
0.00819302
0.00855714
0.00771125
0.00786589
0.0089922
0.00941483
0.00896171
0.00896124
0.00735325
0.00789808
0.00740661
0.0109502
0.0108794
0.0108794
0.00996158
0.00996211
0.00984074
0.00984021
0.00984021
0.00984019
0.00984019
0.00984019
0.00984019
0.00984022
0.00996106
0.00996158
0.0108794
0.0106924
0.0113729
0.0133848
0.0116288
0.0108186
0.0126793
0.0127511
0.0121699
0.0115911
0.0142293
0.0141369
0.0131299
0.0121941
0.0143286
0.0137665
0.0128263
0.0109084
0.0127476
0.0132647
0.0141472
0.0138995
0.0143601
0.0144767
0.0126943
0.0120174
0.00972852
0.0113516
0.0117232
0.00995772
0.0128867
0.013633
0.0126635
0.0126628
0.0116224
0.0121117
0.0114411
0.0112897
0.0127287
0.0128483
0.0132126
0.0129425
0.0119403
0.0114213
0.0117059
0.0122487
0.0132111
0.0132111
0.0137461
0.0145131
0.0115148
0.0119484
0.0126897
0.0125067
0.0139644
0.0135683
0.0115553
0.00875876
0.00920205
0.00988741
0.0136585
0.00953994
0.0143435
0.0149436
0.0119433
0.00915411
0.00934963
0.0114923
0.0102175
0.0116359
0.0163124
0.0161277
0.0153002
0.0157245
0.00999973
0.010657
0.0100096
0.00990834
0.00984021
0.00984074
0.00984074
0.00984021
0.00984021
0.009844
0.0100692
0.0102362
0.0103693
0.0107549
0.00868018
0.00867923
0.00768117
0.00768167
0.00896174
0.00896174
0.00918437
0.00918435
0.0089617
0.00896169
0.00768168
0.0076817
0.00867971
0.0086797
0.0105489
0.0106694
0.00886452
0.010556
0.00974533
0.00925438
0.00918386
0.00918487
0.0092554
0.00974481
0.0105561
0.00886461
0.0106699
0.0110449
0.0108794
0.00996104
0.00996104
0.0098402
0.00984073
0.00984073
0.0098402
0.0098402
0.00984018
0.00984018
0.00984018
0.00996102
0.00996105
0.0108794
0.0108793
0.0152739
0.0139801
0.0139797
0.0152735
0.0126064
0.0125814
0.0127509
0.0121933
0.00955889
0.0119298
0.0119298
0.00955888
0.01739
0.0128095
0.0141693
0.0135761
0.0135759
0.0116535
0.00922137
0.0116538
0.00922136
0.0122003
0.0128501
0.0168102
0.0136262
0.0138651
0.0134733
0.0134823
0.0134736
0.0134821
0.0113519
0.00922861
0.0100686
0.0104356
0.0130119
0.0134189
0.0122105
0.0118693
0.0122102
0.0118698
0.0122689
0.0116222
0.0120644
0.0116396
0.0136521
0.0129896
0.0120083
0.0120087
0.0120088
0.0120088
0.0117059
0.012058
0.0127095
0.0125138
0.0156028
0.0136867
0.0120962
0.0118294
0.0120962
0.0118294
0.0118413
0.0128715
0.0133014
0.0115604
0.0146998
0.010771
0.0145687
0.014569
0.010771
0.0148094
0.01052
0.0163292
0.0134801
0.0105991
0.0130764
0.0135302
0.0135301
0.0130765
0.0174304
0.0160153
0.0161283
0.0153372
0.0105255
0.0105653
0.00987811
0.00984834
0.00984073
0.0098402
0.0098402
0.00984019
0.0098478
0.00987811
0.0105653
0.0105255
0.0105944
0.00868015
0.0086798
0.00768167
0.0076821
0.00896223
0.00896173
0.00918436
0.00918437
0.00896121
0.00896172
0.0076821
0.00768209
0.00868026
0.00868015
0.0107549
0.0109501
0.00740688
0.00789775
0.00735317
0.00896223
0.00896173
0.00941433
0.0089922
0.00786589
0.00771167
0.00855761
0.00819253
0.00861532
0.012163
0.0113247
0.0101851
0.00996104
0.0098402
0.0098402
0.0098402
0.00984073
0.00984073
0.0098402
0.0098402
0.00984018
0.00996102
0.00996102
0.0108793
0.01088
0.011629
0.0108184
0.0133841
0.0113726
0.00869049
0.0105869
0.00827705
0.0135998
0.0127516
0.0127509
0.0131294
0.0121944
0.0142286
0.0141369
0.00913007
0.0138953
0.0140637
0.0140025
0.013725
0.0141467
0.0138994
0.0132649
0.0127473
0.0116537
0.00922136
0.0131798
0.0138651
0.014111
0.0117231
0.00995744
0.0113519
0.00972826
0.0134815
0.0134736
0.0137923
0.0135792
0.0114408
0.0112897
0.0121109
0.0116227
0.0118693
0.0122097
0.01392
0.0137252
0.0117058
0.0122487
0.0114216
0.0119395
0.0120083
0.0120083
0.014457
0.0139594
0.0126897
0.0125071
0.0119484
0.0115151
0.0120957
0.0118293
0.012096
0.0142595
0.0144062
0.0136589
0.00954009
0.00920204
0.0098874
0.0112926
0.0102996
0.00970564
0.0146551
0.0138363
0.010218
0.011636
0.0114924
0.00934963
0.0118859
0.0145504
0.0129827
0.0145929
0.0161272
0.0161279
0.0103694
0.0102362
0.0100692
0.00984454
0.00984073
0.0098402
0.00984019
0.00984019
0.00984019
0.00990832
0.0100102
0.0106575
0.00999979
0.00923968
0.00820202
0.00857985
0.00768168
0.00768168
0.00896119
0.00896119
0.00918435
0.00918487
0.0089617
0.00896171
0.00768211
0.00768125
0.00867967
0.00868026
0.0107554
0.00861617
0.00819301
0.00855663
0.00771074
0.00786632
0.00899217
0.00941378
0.00896171
0.0089617
0.00735277
0.00789776
0.00740661
0.0109505
0.00776252
0.00851167
0.0110153
0.0119968
0.0103702
0.0104085
0.00984019
0.00984021
0.00984021
0.00984021
0.00984021
0.00984074
0.0103308
0.0100858
0.0103017
0.00993784
0.0101497
0.0106511
0.0113725
0.0133852
0.0116284
0.0108189
0.0121294
0.0102186
0.0118359
0.0120928
0.0142287
0.0141375
0.0131297
0.0121936
0.0126885
0.0119099
0.0115302
0.0128427
0.0132092
0.0127478
0.0132652
0.0141472
0.0138993
0.0127479
0.0138993
0.0141472
0.0144057
0.0142593
0.00972873
0.0113516
0.011723
0.00995742
0.0113514
0.00972874
0.00995783
0.011723
0.013959
0.0144566
0.0116224
0.0121109
0.0114408
0.0112897
0.0121112
0.0116222
0.0112901
0.0114412
0.0137252
0.0139196
0.0119395
0.0114216
0.0117059
0.0122483
0.0114218
0.0119399
0.0122488
0.0117063
0.0135792
0.0137923
0.0115151
0.0119479
0.0126893
0.0125064
0.0115152
0.0125067
0.0126896
0.014111
0.0138651
0.00920185
0.00988752
0.0136581
0.00953956
0.0143596
0.0102654
0.0150054
0.0142059
0.0143604
0.00934937
0.011492
0.0102177
0.0116357
0.0159371
0.0146013
0.0155205
0.0154468
0.0100002
0.0106575
0.0100102
0.0099094
0.00984074
0.0098402
0.0098402
0.0098402
0.0098402
0.00984401
0.0100697
0.0102368
0.0103689
0.0102645
0.00877913
0.0115337
0.00950465
0.00762558
0.00750977
0.00732623
0.00863322
0.00863322
0.00867795
0.00916995
0.00929664
0.00930828
0.00813233
0.00771114
0.00866936
0.00853709
0.0105665
0.0106692
0.00886519
0.010556
0.00974484
0.00925491
0.00918489
0.00918489
0.00925492
0.00974536
0.0105566
0.00886508
0.0106692
0.0119168
0.0105664
0.010148
0.0103022
0.0100863
0.0103308
0.00984074
0.00984073
0.00984073
0.00984074
0.00984074
0.00984074
0.010409
0.0103707
0.0119961
0.0110147
0.00851216
0.00769121
0.0152743
0.0139795
0.0139795
0.0152743
0.00869089
0.0101009
0.00827709
0.0126583
0.010336
0.0122596
0.00955891
0.0119302
0.0119302
0.00955854
0.00912998
0.0136475
0.0133592
0.0111979
0.01007
0.0116535
0.00922135
0.0116538
0.00922107
0.0116536
0.00922136
0.0132649
0.0146996
0.01156
0.0134733
0.0134818
0.0134736
0.0134815
0.0134821
0.0134731
0.0136863
0.0156028
0.01221
0.0118693
0.0122097
0.0118694
0.0118694
0.0122102
0.0129893
0.0136517
0.0120083
0.0120083
0.0120083
0.0120083
0.0120083
0.0120083
0.0134186
0.0130116
0.0120955
0.0118291
0.0120957
0.0118293
0.0120958
0.0118294
0.011948
0.0138651
0.0136257
0.0107709
0.0145685
0.0145687
0.010771
0.0112925
0.0102999
0.00950863
0.0134552
0.0142059
0.013076
0.0135298
0.0135295
0.0130764
0.0118864
0.0140727
0.0127231
0.014108
0.0146502
0.0146863
0.010525
0.0105653
0.00987919
0.00984834
0.00984074
0.00984074
0.00984074
0.00984074
0.00984835
0.00987919
0.0105658
0.0105249
0.00906814
0.00806075
0.00856683
0.00771114
0.00813274
0.00930827
0.00929663
0.00917045
0.00867795
0.00863322
0.00863322
0.00732572
0.00750977
0.00762567
0.00950465
0.011534
0.00877825
0.0104224
0.0109504
0.00740646
0.00789776
0.00735276
0.0089617
0.00896172
0.00941377
0.00899218
0.00786631
0.0077108
0.00855664
0.00819301
0.0086163
0.00776293
0.00851207
0.0110148
0.0119963
0.0103702
0.0104085
0.00984074
0.00984074
0.00984021
0.00984021
0.00984021
0.00984019
0.0103297
0.0100852
0.0103017
0.010148
0.0105669
0.0119173
0.0116283
0.0108188
0.013385
0.0113723
0.0121293
0.0102189
0.0126592
0.00827732
0.0101013
0.00869347
0.0131297
0.012194
0.0149719
0.0144057
0.012689
0.0119102
0.0115304
0.0137729
0.0134826
0.00873728
0.0141473
0.0138996
0.0131802
0.0122007
0.0127472
0.0139
0.0141472
0.0132651
0.0115556
0.00875876
0.0117232
0.00995782
0.0113519
0.00922907
0.0113516
0.00972826
0.0099577
0.0117237
0.014514
0.0137464
0.0114412
0.0112897
0.0122689
0.0116222
0.0121109
0.0116224
0.0112897
0.0114411
0.0129424
0.0132141
0.0117059
0.0122484
0.0117059
0.012058
0.0114216
0.0119395
0.0122487
0.0117058
0.0126627
0.0126627
0.0126894
0.0125068
0.012096
0.0118413
0.011515
0.0125067
0.0126897
0.0119485
0.0126942
0.0120173
0.0136585
0.00953956
0.00938678
0.0098874
0.0143596
0.0102663
0.0150048
0.0100266
0.00950891
0.0114481
0.0102173
0.0116355
0.0114925
0.00934937
0.0159365
0.0146011
0.0141069
0.0127236
0.0140724
0.0116832
0.0103693
0.0102368
0.0100697
0.009844
0.0098402
0.0098402
0.00984021
0.00984021
0.00984074
0.00990887
0.0100097
0.010657
0.0100003
0.0102649
0.00877868
0.0115342
0.00950449
0.00762557
0.00750977
0.00732571
0.00863323
0.00863322
0.00867795
0.00916999
0.00929609
0.00930821
0.00813222
0.00771111
0.0085673
0.00806077
0.0090681
0.00861517
0.00819252
0.0085576
0.00771168
0.00786589
0.00899222
0.0094138
0.00896124
0.00896222
0.00735318
0.00789776
0.00740703
0.0109502
0.0119169
0.0105664
0.010148
0.0103017
0.0100858
0.0103303
0.00984018
0.00984073
0.00984073
0.0098402
0.0098402
0.0098402
0.0104085
0.0103701
0.0119967
0.0110151
0.0085127
0.00776286
0.0113728
0.0133843
0.0122758
0.0108185
0.00869347
0.0101009
0.00827709
0.0126581
0.0102181
0.0121294
0.0142293
0.0141369
0.0179953
0.0131244
0.00873729
0.0137726
0.0134823
0.0115302
0.0126883
0.0119101
0.0127473
0.0132649
0.01681
0.0128496
0.0115553
0.00875877
0.0132647
0.0139
0.014147
0.0127472
0.00972834
0.0113515
0.0104352
0.0100686
0.0145135
0.0137461
0.00995782
0.0117236
0.00972833
0.0113515
0.0116222
0.0121114
0.0116396
0.0120644
0.0129425
0.0132137
0.0112897
0.0114412
0.0116222
0.0121114
0.01194
0.0114216
0.0125138
0.0127095
0.0126628
0.0126628
0.0122484
0.0117059
0.01194
0.0114221
0.0115151
0.0119484
0.0133014
0.0128715
0.0126941
0.0120174
0.0119482
0.0125067
0.0126892
0.0115156
0.00920205
0.0098874
0.0140718
0.00978007
0.0114481
0.0100261
0.00950909
0.0150057
0.0143598
0.0102659
0.00934937
0.0114926
0.0103923
0.0120373
0.0116824
0.0140721
0.0127235
0.0141076
0.0146017
0.0159372
0.0100003
0.0106575
0.0100102
0.00990832
0.00984019
0.0098402
0.0098402
0.00984019
0.00984073
0.00984454
0.0100692
0.0102362
0.0103693
0.00906858
0.00806176
0.00856681
0.00771072
0.00813232
0.00930771
0.00929657
0.00917046
0.00867795
0.00863322
0.00863323
0.00732623
0.00750977
0.00762558
0.00950464
0.0115337
0.00877868
0.010265
0.0106699
0.00886461
0.0105561
0.00974482
0.00925541
0.00918487
0.00918386
0.0092544
0.00974483
0.0105561
0.00886508
0.0108841
0.00769088
0.00851207
0.0110153
0.0119969
0.0103707
0.010409
0.00984021
0.00984021
0.00984021
0.00984019
0.00984019
0.00984074
0.00984074
0.00984021
0.00996104
0.0101845
0.0113236
0.0121624
0.0152735
0.0139797
0.0147647
0.0156529
0.012191
0.0103355
0.0135999
0.00827731
0.0105875
0.00869008
0.00955889
0.0119298
0.0144266
0.0150006
0.010293
0.0109829
0.0138953
0.0140637
0.00913007
0.0116538
0.00922136
0.014477
0.0143607
0.0149017
0.0118115
0.0131798
0.0116531
0.00922114
0.0134736
0.0134821
0.0136334
0.0128867
0.0126541
0.0152644
0.0134818
0.0134729
0.0122102
0.0118694
0.0128483
0.0127287
0.0118915
0.0125949
0.0118694
0.01221
0.0120083
0.0120088
0.0132111
0.0132111
0.0127095
0.0123276
0.0120083
0.0120083
0.0120962
0.0118294
0.0135683
0.0139644
0.0135603
0.0129282
0.0120955
0.0120956
0.0118292
0.010771
0.0145687
0.0158728
0.0137142
0.0139198
0.0137417
0.0102993
0.00970545
0.0112927
0.013076
0.0135291
0.0140358
0.0142876
0.014881
0.0146508
0.0145929
0.0129827
0.0145504
0.0118856
0.0105254
0.0105658
0.00987811
0.00984781
0.00984021
0.0098402
0.0098402
0.00984074
0.00984835
0.00987811
0.0105653
0.0107123
0.0104224
0.00877914
0.0115337
0.00950464
0.00762558
0.00750977
0.00732663
0.00896173
0.00896121
0.00918436
0.00918437
0.00896173
0.00896223
0.0076821
0.00768168
0.00857985
0.00820202
0.00923969
0.0109501
0.00740681
0.00789861
0.00735328
0.00896122
0.0089617
0.0094143
0.00899216
0.00786631
0.00771126
0.0087145
0.00877215
0.0107092
0.0108057
0.0101495
0.00993785
0.0103017
0.0100858
0.0103302
0.00984019
0.0098402
0.0098402
0.0098402
0.0098402
0.00984019
0.0103308
0.0100863
0.0103017
0.00993785
0.0101492
0.010805
0.0116286
0.0108184
0.015603
0.0160229
0.0119624
0.0116763
0.0116764
0.0119625
0.0131294
0.0121944
0.0144057
0.0146548
0.0163633
0.0128095
0.0130164
0.0130167
0.0163641
0.0128096
0.0141467
0.0138993
0.0142979
0.0142974
0.0122007
0.0131529
0.0169515
0.0131535
0.0169509
0.0122007
0.0117229
0.00995767
0.0139598
0.0139598
0.0113519
0.00922907
0.0100684
0.0108446
0.0100687
0.0108455
0.00922907
0.0113516
0.0114411
0.0112897
0.0139161
0.0139161
0.0122686
0.0116222
0.0119036
0.0116388
0.0119033
0.0116391
0.0116219
0.0122689
0.0117059
0.0122487
0.013959
0.013959
0.0117059
0.0120576
0.0123759
0.0123763
0.012376
0.012376
0.012058
0.0117059
0.0126897
0.0125067
0.0142975
0.0142975
0.0118413
0.0127175
0.0129079
0.0127175
0.0129079
0.0118413
0.0136586
0.00953998
0.0142964
0.0140028
0.0145271
0.01052
0.0159062
0.0159062
0.0145271
0.01052
0.0102182
0.0116357
0.013034
0.0128714
0.0167144
0.0154237
0.0154242
0.016714
0.0103694
0.0102373
0.0100697
0.00984401
0.0098402
0.0098402
0.00984074
0.00984074
0.0098402
0.00990832
0.00993465
0.0108863
0.0109761
0.0104076
0.00853653
0.00866891
0.00771114
0.00813275
0.00930821
0.00929609
0.00916946
0.00867795
0.00867795
0.00916995
0.00929658
0.00930773
0.00813233
0.00771114
0.00866891
0.008537
0.0104087
0.00871252
0.00812127
0.0085258
0.00768168
0.00768168
0.00863322
0.00863322
0.00863323
0.00863322
0.00768167
0.00768168
0.00868027
0.00867991
0.0107551
0.012163
0.0113246
0.0101845
0.00996104
0.00984074
0.00984128
0.00984128
0.00984073
0.00984073
0.00984074
0.00984074
0.00984074
0.010409
0.0103707
0.0119961
0.0110147
0.00851216
0.0076908
0.0114061
0.0138895
0.0161272
0.0161272
0.00869049
0.0105876
0.00827752
0.0136001
0.0103357
0.0121916
0.0143612
0.0142735
0.0146542
0.013836
0.00823324
0.0138948
0.0140637
0.0109829
0.010293
0.0127482
0.0132652
0.0142596
0.0144058
0.0111812
0.00821653
0.0131798
0.0149009
0.0118115
0.00972899
0.0113516
0.0144574
0.0139606
0.0138193
0.0132088
0.0126544
0.0152641
0.0116224
0.0121112
0.0139196
0.0137248
0.012272
0.01258
0.0118915
0.0125945
0.0119399
0.0114216
0.0137927
0.0135796
0.0120083
0.0120083
0.0127095
0.0123276
0.011515
0.0119482
0.0138655
0.0141114
0.0120958
0.011646
0.0120956
0.0135602
0.012928
0.00920205
0.00960733
0.0140028
0.0137255
0.0111819
0.0102994
0.00970525
0.0137422
0.01392
0.00920219
0.0111749
0.0127511
0.0127505
0.0118862
0.0145507
0.0129832
0.0145935
0.0146502
0.0148806
0.00988018
0.0106439
0.0100363
0.00996145
0.00984074
0.00984128
0.00984128
0.00984074
0.00984074
0.00984074
0.00996091
0.00996092
0.0108792
0.0108797
0.00923978
0.00820195
0.00857941
0.00768168
0.00768168
0.00896174
0.00896174
0.00918436
0.00918486
0.0089617
0.00896122
0.00732623
0.00750977
0.00762557
0.00950504
0.0115343
0.00877865
0.0104219
0.010549
0.00867971
0.00867972
0.00768168
0.00768168
0.00863322
0.00863322
0.00863322
0.00863322
0.00768168
0.0076821
0.0086803
0.00867935
0.0107551
0.00776287
0.00851262
0.0110148
0.0119963
0.0103701
0.0104085
0.00984074
0.00984074
0.0098402
0.00984074
0.00984074
0.00984019
0.0103297
0.0100852
0.0103017
0.010148
0.0105665
0.0119167
0.0157242
0.0152994
0.0161272
0.0153364
0.0119178
0.0102183
0.0126587
0.00827732
0.0101016
0.00869347
0.00915439
0.0119441
0.0134797
0.0105981
0.0105432
0.00920434
0.0107488
0.0106395
0.0137726
0.0134823
0.00873729
0.0115553
0.00875877
0.0117972
0.0153985
0.0116459
0.0115279
0.0133061
0.0104317
0.0132649
0.0115556
0.00875877
0.0137461
0.0145135
0.0163477
0.0144569
0.0112737
0.0117307
0.0123141
0.0140505
0.0145135
0.0137464
0.0132137
0.0129421
0.0144135
0.0135379
0.0111267
0.0112601
0.0116803
0.0123036
0.0129428
0.0132137
0.0126624
0.0126624
0.013604
0.013604
0.010896
0.0111803
0.0118768
0.0117059
0.0126631
0.0126631
0.0126937
0.0120173
0.0138651
0.0138651
0.0108605
0.0110224
0.0123196
0.0123256
0.0119484
0.0126946
0.0120173
0.0109082
0.0128263
0.0135756
0.0135756
0.00909673
0.01408
0.0106825
0.0146482
0.0100264
0.00950891
0.0114483
0.0115916
0.0121699
0.0127505
0.0121928
0.0156915
0.014601
0.0141069
0.0127237
0.0140718
0.011683
0.0106928
0.0108792
0.00996091
0.00996091
0.00984074
0.00984074
0.0098402
0.0098402
0.00984074
0.00984074
0.00996146
0.00996145
0.0108797
0.0108797
0.0102644
0.00877819
0.0115343
0.00950503
0.00762558
0.00750977
0.00732623
0.00863322
0.00863322
0.00867795
0.00916999
0.0092961
0.00930771
0.00813232
0.00771114
0.00856727
0.0080613
0.00906808
0.0107544
0.00867971
0.00867972
0.00768168
0.00768168
0.00863322
0.00863369
0.00863369
0.00863274
0.00768125
0.0076821
0.0086803
0.0086803
0.0108193
0.0122541
0.0105664
0.010148
0.0103017
0.0100858
0.0103302
0.0098402
0.0098402
0.0098402
0.0098402
0.0098402
0.00984074
0.0104085
0.0103696
0.0119966
0.0110151
0.00851173
0.00776253
0.0153362
0.0161276
0.0156719
0.0169774
0.00886019
0.0122681
0.0102387
0.0132165
0.0102187
0.0121294
0.0105996
0.0134802
0.0118787
0.00879956
0.0106998
0.0111846
0.0105041
0.011184
0.0115305
0.0126886
0.0119105
0.0115604
0.0146998
0.0112586
0.008307
0.0113386
0.0113386
0.0115033
0.0115038
0.0139002
0.0141473
0.0127473
0.0156028
0.0136867
0.0137238
0.0152928
0.0110333
0.0111213
0.0112742
0.0112737
0.00995742
0.0117236
0.00972826
0.0113519
0.0136521
0.01299
0.01418
0.0135901
0.0107683
0.0107683
0.0112572
0.0112572
0.0112897
0.0114408
0.0116227
0.0121109
0.0130123
0.0134189
0.013357
0.0131257
0.0107827
0.0107822
0.01127
0.0112705
0.0122483
0.0117059
0.0119395
0.0114216
0.0136262
0.0138656
0.0134632
0.0124981
0.0108605
0.0108609
0.0113253
0.0113249
0.0125068
0.0126894
0.0115151
0.0135761
0.0135759
0.0133397
0.012027
0.00909683
0.0125098
0.0102546
0.0113171
0.0150051
0.0143596
0.0102659
0.0121928
0.0127505
0.0122863
0.0119377
0.0125729
0.0141412
0.0129761
0.0144417
0.0146017
0.0159372
0.0108792
0.0108792
0.00996091
0.00996146
0.00984074
0.0098402
0.0098402
0.0098402
0.0098402
0.0098402
0.00996145
0.00996199
0.0108803
0.0106051
0.00906858
0.00806121
0.0085673
0.00771111
0.0081318
0.00930774
0.00929658
0.00917045
0.00867795
0.00863323
0.00863322
0.00732571
0.00750977
0.00762567
0.00950464
0.0115342
0.00877868
0.010265
0.0109594
0.00884293
0.00870931
0.0076821
0.0076821
0.00863321
0.00863322
0.00863369
0.00863369
0.0076821
0.00768168
0.00869674
0.00856348
0.0105104
0.00934851
0.00965249
0.0114463
0.012532
0.0103707
0.010409
0.0098402
0.00984021
0.00984021
0.0098402
0.0098402
0.0098402
0.0103308
0.0100858
0.0103017
0.010148
0.0105669
0.0119172
0.0164222
0.0164057
0.0176296
0.0184903
0.00858094
0.0112876
0.00996143
0.0103145
0.0126582
0.00827726
0.0101009
0.0086905
0.0138366
0.014791
0.0160995
0.0106757
0.0124462
0.0127995
0.0119101
0.00947919
0.0122569
0.00905215
0.0111648
0.0136479
0.0133589
0.00913057
0.0142595
0.0144059
0.00991851
0.010636
0.0109959
0.0107728
0.0130568
0.0131691
0.0131727
0.0132647
0.0116532
0.00922165
0.0144566
0.013959
0.010381
0.0110358
0.00991636
0.0103294
0.0107351
0.0114403
0.0134823
0.0134728
0.0139196
0.0137248
0.0115731
0.0123006
0.010385
0.00985915
0.0103761
0.0104621
0.0118694
0.0122105
0.0137919
0.0135792
0.013552
0.0131001
0.0122682
0.0103834
0.0108763
0.0103869
0.0120083
0.0120083
0.0138652
0.0141106
0.0122194
0.0131445
0.00929565
0.00966017
0.0116524
0.0113051
0.0107084
0.0119476
0.0120957
0.0118296
0.0137249
0.0142961
0.0113709
0.0122399
0.00992273
0.00770167
0.00778309
0.00773215
0.0121051
0.0114315
0.0112995
0.0102991
0.00950831
0.0112927
0.0128708
0.013034
0.0118497
0.0116007
0.0123408
0.0140196
0.0125371
0.014111
0.014108
0.0127235
0.0140727
0.0118856
0.0109761
0.0108868
0.0099352
0.00990833
0.0098402
0.0098402
0.0098402
0.0098402
0.0098402
0.00984074
0.00996146
0.00996092
0.0106329
0.0102566
0.00930142
0.00869457
0.0115371
0.00950464
0.00762567
0.00750977
0.00732612
0.0086337
0.00863322
0.00867799
0.0091705
0.00929658
0.00930822
0.00813275
0.00771115
0.00856691
0.00806117
0.00906858
0.0108507
0.00875075
0.00861572
0.00768125
0.0076821
0.0086337
0.00863322
0.00863322
0.00863322
0.00768172
0.00805132
0.00875985
0.00862437
0.00873747
0.00915461
0.00934554
0.0111849
0.0118798
0.0103323
0.0107406
0.0100852
0.0103303
0.00984074
0.0098402
0.0098402
0.0098402
0.0098402
0.0098402
0.0104085
0.0103707
0.0119961
0.0110147
0.00851257
0.00776294
0.0186395
0.0171476
0.0139116
0.0121416
0.0109904
0.00828496
0.00937564
0.00884025
0.00945326
0.00966382
0.0102184
0.0121291
0.0153928
0.0167403
0.0115304
0.0126888
0.0119101
0.0148458
0.0143854
0.0138994
0.0141472
0.0127478
0.0136322
0.012887
0.00995808
0.0117233
0.00972873
0.0113512
0.0128494
0.0127287
0.0112901
0.0114415
0.011622
0.0121109
0.0132111
0.0132111
0.0122491
0.0117063
0.0119395
0.0114216
0.0135683
0.0137327
0.0125071
0.0126901
0.0115151
0.0135766
0.0155104
0.0150048
0.0143599
0.010266
0.0141297
0.0143819
0.0134622
0.0116076
0.0114539
0.0100089
0.00976241
0.0116936
0.0118202
0.0136466
0.0146015
0.0159369
0.0107128
0.0105658
0.00987811
0.0098478
0.0098402
0.0098402
0.0098402
0.00984074
0.00984074
0.0098402
0.00996091
0.0101845
0.0105956
0.0118057
0.00893017
0.00869457
0.0115498
0.00954998
0.00764535
0.00753701
0.0077699
0.00930824
0.00929611
0.00916948
0.00867795
0.00863322
0.0086337
0.00732663
0.00750937
0.00762509
0.00950451
0.0115337
0.00877913
0.0102644
0.0104992
0.00854035
0.0085328
0.00771114
0.00814448
0.00899017
0.00949369
0.00914067
0.0106011
0.00899578
0.00960039
0.00761361
0.00739083
0.00732699
0.00676408
0.00873093
0.00846662
0.0104588
0.011026
0.0119939
0.0103328
0.0107411
0.0100852
0.0103297
0.0098402
0.0098402
0.0098402
0.00984074
0.00984128
0.00984074
0.0103303
0.0100858
0.0103017
0.0101475
0.0105664
0.0119167
0.0149846
0.00745248
0.0140739
0.0126585
0.00827775
0.0101019
0.00869049
0.0187844
0.00936776
0.0136479
0.0133589
0.00912982
0.0170629
0.0124377
0.0132647
0.0116535
0.00922106
0.0104358
0.0100686
0.0134815
0.0134733
0.0116396
0.0124904
0.0118694
0.0122097
0.0126387
0.0122707
0.0120083
0.0120083
0.0123587
0.0116037
0.0119484
0.0120957
0.0118293
0.0129765
0.0100194
0.0102996
0.00950909
0.0112925
0.010926
0.0124884
0.0141076
0.0127235
0.0140721
0.0118861
0.0108702
0.010206
0.00999518
0.009844
0.0098402
0.0098402
0.00984074
0.00984074
0.0098402
0.0098402
0.0098402
0.010408
0.0103696
0.0122485
0.011896
0.0117101
0.0096823
0.0102822
0.00972181
0.0101467
0.00939299
0.00741632
0.00753701
0.0077699
0.00930772
0.0092961
0.00916998
0.00867795
0.00867796
0.00917046
0.00929663
0.00930775
0.00813232
0.00771114
0.00856728
0.00806176
0.00906858
0.0107232
0.00917847
0.0111213
0.00979023
0.00798672
0.00863878
0.00905824
0.00837361
0.00873206
0.00791824
0.00773127
0.00970444
0.00917742
0.00998629
0.00951307
0.00984074
0.00984074
0.00984074
0.00984074
0.00984073
0.0103308
0.0100863
0.0107406
0.0103323
0.0113593
0.0107612
0.00823224
0.00776294
0.00658102
0.0131799
0.00973844
0.0137707
0.00741549
0.013546
0.0110544
0.0149057
0.0102187
0.0121294
0.00870868
0.0143316
0.0115305
0.0126886
0.0119105
0.0122329
0.0150845
0.0138999
0.0141472
0.0127476
0.00966598
0.0117698
0.00995743
0.0117234
0.00972852
0.0113519
0.0113542
0.0133062
0.0112897
0.0114408
0.0116227
0.0121112
0.0121963
0.00982411
0.0122487
0.0117059
0.0119399
0.0114213
0.0085288
0.00867621
0.0125067
0.0126897
0.0115148
0.00815699
0.0107349
0.0150048
0.0143596
0.0102663
0.0102877
0.012664
0.0146011
0.0159365
0.0102796
0.0104811
0.00993898
0.00984834
0.00984074
0.00984128
0.00984128
0.00984074
0.00984074
0.00984074
0.00984074
0.00984074
0.0103303
0.0100857
0.0106993
0.0101259
0.0102412
0.00990182
0.00988119
0.00987486
0.00935035
0.00916993
0.00867795
0.00867795
0.00916993
0.00929663
0.00930826
0.0077698
0.00753702
0.00764588
0.00954998
0.0115449
0.00877824
0.0102644
0.0109046
0.00895315
0.00894538
0.00771114
0.00813275
0.00930822
0.0092961
0.00951595
0.00943587
0.00975793
0.0103742
0.0103328
0.0118793
0.0111843
0.0093461
0.00912385
0.0118664
0.0116038
0.00997386
0.0126791
0.0103915
0.00938549
0.0120103
0.00765391
0.00900562
0.00939396
0.00929449
0.0175954
0.0111503
0.0182423
0.00981856
0.00804126
0.00921621
0.00869049
0.0124241
0.0106345
0.0134461
0.0136256
0.00913022
0.0134202
0.0115373
0.0128893
0.0116536
0.00922136
0.0134347
0.0108537
0.0134821
0.0134731
0.0108248
0.0103363
0.0118693
0.0122102
0.0113825
0.0133979
0.0120083
0.0120083
0.00999825
0.0131302
0.011948
0.0120958
0.0118294
0.0117545
0.00957269
0.0102994
0.00950851
0.0112925
0.0100658
0.011779
0.0138173
0.0122662
0.0139535
0.0118862
0.0103875
0.0101646
0.00988944
0.009844
0.00984074
0.00984074
0.0098402
0.0098402
0.0098402
0.0098402
0.0098402
0.0098402
0.0098402
0.0098402
0.0098402
0.0098402
0.00951255
0.00951253
0.00898752
0.00951595
0.0092961
0.00930772
0.0077699
0.00753701
0.00764578
0.00954999
0.0115492
0.00869415
0.00930151
0.0117665
0.00974212
0.0116809
0.00941092
0.00774165
0.00767951
0.00901198
0.0110903
0.0100882
0.0101286
0.0108065
0.0103466
0.0113337
0.0128426
0.011838
0.0113328
0.00954898
0.00814751
0.00771117
0.00894538
0.00895312
0.0182423
0.0109044
0.0182704
0.0112588
0.00996152
0.0123435
0.00891106
0.00775811
0.0113634
0.0118802
0.0151107
0.0113096
0.01236
0.00843545
0.0114564
0.0151249
0.0114738
0.00990083
0.0144415
0.00900975
0.00929685
0.00866708
0.0108079
0.00807745
0.00807242
0.0108887
0.0104235
0.011066
0.0116654
0.0121958
0.00838074
0.0115841
0.0112703
0.0114447
0.0112871
0.014802
0.0151804
0.0114905
0.0116377
0.011335
0.0137301
0.00841167
0.0116316
0.0127588
0.00984646
0.0101379
0.0101939
0.0148527
0.012993
0.0143029
0.0128693
0.0113232
0.00999283
0.0103623
0.00987432
0.00984074
0.00984074
0.0098402
0.0098402
0.0098402
0.0098402
0.0098402
0.0098402
0.0098402
0.0098402
0.00951255
0.00951201
0.00896122
0.0089617
0.00732571
0.00750978
0.00736034
0.00941124
0.0112256
0.00873595
0.00954887
0.0083169
0.008909
0.0123945
0.0100506
0.0105311
0.00874441
0.00964172
0.00918437
0.00896117
0.00896117
0.00768169
0.00768169
0.00868319
0.00841412
0.0154039
0.00937346
0.0151435
0.0153563
0.0124482
0.0103709
0.012483
0.0119585
0.0113957
0.0114247
0.0147251
0.0148043
0.0125595
0.0114325
0.0118581
0.0113765
0.0120657
0.0120127
0.0128075
0.0122767
0.0122252
0.0149628
0.0126871
0.0113275
0.0112539
0.0116511
0.0109418
0.00959029
0.00902047
0.0115968
0.0110918
0.0109162
0.0107562
0.00929078
0.00855241
0.0121951
0.0120705
0.01118
0.0108958
0.0123857
0.0131504
0.0122678
0.0126858
0.0110221
0.0110224
0.0144178
0.0136847
0.0148747
0.0138001
0.0105603
0.00916169
0.0117293
0.0115156
0.0122808
0.0144235
0.0129071
0.0166555
0.00886019
0.00848573
0.0106631
0.0101173
0.0101259
0.00984074
0.00984074
0.0098402
0.0098402
0.0098402
0.0098402
0.0098402
0.0098402
0.00951256
0.00951256
0.00896174
0.00896223
0.0076821
0.00768168
0.00826764
0.00802459
0.00882819
0.00966779
0.0073476
0.00709812
0.00718392
0.00930456
0.00975793
0.00951201
0.00951201
0.00896116
0.00896116
0.0073262
0.00750975
0.00760715
0.00965697
0.0120843
0.00968412
0.0139658
0.0113128
0.0107672
0.0105748
0.01047
0.0133225
0.0104794
0.0161175
0.0158959
0.0102756
0.0134368
0.0120357
0.014567
0.0117001
0.0117866
0.0096767
0.0103476
0.0111206
0.0089015
0.0125136
0.00894437
0.00869789
0.0087387
0.0087589
0.0128077
0.0099336
0.0123042
0.0119578
0.011451
0.0133824
0.0121234
0.0132773
0.0123372
0.0148471
0.0113124
0.0123528
0.0149233
0.0128196
0.0138419
0.0140492
0.0138717
0.0147344
0.0116456
0.00772545
0.00790851
0.00750262
0.00930459
0.00975793
0.00984074
0.00984074
0.0098402
0.0098402
0.0098402
0.0098402
0.0098402
0.0098402
0.00975793
0.00930456
0.00786587
0.00771074
0.00855024
0.00836972
0.00973781
0.00876199
0.00849467
0.0110526
0.0101173
0.0101264
0.00984074
0.00984074
0.00951253
0.00951255
0.00898801
0.00951647
0.0092966
0.00930821
0.00815643
0.00787826
0.00893396
0.0113824
0.0121756
0.0107373
0.0105446
0.0126692
0.0119415
0.0126556
0.0116527
0.0122079
0.0124935
0.0126784
0.0111729
0.0110691
0.0114715
0.0109967
0.0105707
0.0116627
0.0104262
0.0124949
0.00821009
0.0103012
0.0133951
0.00922116
0.0122811
0.00963562
0.0135739
0.0128422
0.0110293
0.00830726
0.0131121
0.0131413
0.0144376
0.00967678
0.0152651
0.0153455
0.0125783
0.0121254
0.0106161
0.013517
0.0112174
0.0091664
0.0107736
0.00974485
0.00925542
0.00951255
0.00951253
0.00984128
0.00984128
0.00984074
0.00984074
0.00984074
0.00984074
0.00951307
0.00951255
0.00925491
0.00974535
0.0113669
0.00898121
0.0107654
0.0121681
0.0108199
0.0103625
0.00990134
0.0098402
0.0098402
0.0098402
0.0098402
0.0098402
0.0098402
0.00951256
0.00951256
0.0092968
0.00975001
0.0101256
0.0101483
0.0100584
0.00965503
0.0133519
0.0138595
0.00822091
0.00967564
0.0121696
0.012403
0.0114237
0.00928144
0.0106247
0.0109053
0.00989326
0.0107311
0.0113248
0.0113685
0.0131156
0.00919349
0.0140048
0.0116154
0.0137117
0.0117739
0.0122495
0.0156053
0.0115456
0.0145247
0.0129219
0.0125369
0.0131812
0.0166295
0.0126621
0.0105338
0.0109408
0.013158
0.017216
0.0132346
0.0152344
0.0156026
0.014991
0.0164807
0.0126637
0.0107089
0.00877245
0.00871441
0.00771122
0.00786578
0.00930509
0.00975793
0.00984021
0.00984021
0.00984074
0.00984074
0.0098402
0.0098402
0.0098402
0.0098402
0.00975793
0.00930511
0.00750254
0.00790807
0.00820969
0.0121355
0.0108198
0.0103725
0.00990133
0.00990133
0.0098402
0.0098402
0.0098402
0.0098402
0.0098402
0.0098402
0.0098402
0.0098402
0.00984074
0.00984074
0.0099008
0.0103614
0.00952687
0.0109575
0.0123493
0.0121111
0.0100099
0.00949073
0.0119382
0.0124273
0.0122281
0.009027
0.0119559
0.0148443
0.0129356
0.012484
0.00938783
0.00842677
0.00797672
0.0106584
0.0106998
0.0122365
0.0132032
0.00933108
0.00954999
0.0111066
0.0126864
0.0152695
0.0119094
0.0114467
0.00968062
0.0132185
0.0102015
0.0138663
0.0145104
0.00985702
0.00935991
0.0121645
0.0162276
0.0138656
0.0157236
0.0152994
0.0110049
0.0132663
0.0107805
0.0105495
0.00868018
0.00867923
0.00768117
0.00768165
0.00896173
0.00896173
0.00951255
0.00951255
0.0098402
0.0098402
0.00984074
0.00984074
0.0098402
0.0098402
0.00951201
0.00951201
0.00925489
0.00974482
0.0111252
0.00846474
0.00964684
0.0103725
0.0103725
0.00990134
0.00990134
0.0098402
0.0098402
0.0098402
0.0098402
0.0098402
0.0098402
0.00984021
0.00984021
0.00984074
0.00984074
0.0101254
0.0101173
0.0106636
0.00848569
0.00883931
0.01183
0.0116776
0.0110059
0.0119631
0.00776913
0.0109019
0.0113988
0.0101934
0.0114768
0.0117971
0.0120506
0.0100722
0.00926544
0.00746106
0.0100739
0.0155102
0.0144511
0.0107483
0.00860835
0.00822154
0.00873391
0.00898039
0.0101773
0.00850519
0.0134026
0.0125756
0.0116015
0.0101623
0.0120565
0.0102369
0.0120617
0.0101203
0.0131356
0.0134027
0.011299
0.0127022
0.00933546
0.00980822
0.0109359
0.0143621
0.0146713
0.0130631
0.0106613
0.0114065
0.0138892
0.0141484
0.0161773
0.0105
0.00871293
0.00812168
0.00852588
0.00768168
0.0076821
0.00896222
0.00896174
0.00951255
0.00951255
0.00984021
0.00984021
0.00984021
0.00984021
0.00984074
0.00984074
0.0098402
0.0098402
0.00975793
0.00930459
0.00750262
0.00790852
0.00820969
0.0117264
0.0103725
0.0103725
0.00990133
0.00990133
0.00984019
0.00984019
0.00984019
0.00984019
0.00984019
0.00984019
0.00984019
0.00984019
0.00984073
0.00984073
0.00975792
0.0093046
0.00750268
0.00753616
0.00747102
0.00952286
0.00939225
0.00908395
0.0116903
0.0113921
0.00973072
0.0112573
0.0107027
0.0113021
0.00979937
0.0100392
0.00970618
0.0116932
0.0115792
0.0118058
0.0106803
0.0110224
0.0142727
0.0105816
0.0132686
0.0116449
0.00865749
0.00848027
0.0106366
0.00847474
0.0102115
0.0120366
0.0144438
0.0107036
0.0102356
0.0115919
0.0104047
0.0153391
0.0129436
0.0141472
0.0138994
0.00890637
0.0101642
0.00743316
0.0080245
0.00781862
0.00871766
0.0130575
0.0131303
0.0121941
0.0163436
0.0136509
0.0116278
0.0108182
0.0110045
0.0129907
0.0103931
0.0109506
0.00740639
0.00789777
0.00735327
0.00896171
0.00896123
0.00951201
0.00951254
0.00984018
0.00984018
0.00984019
0.00984019
0.00984019
0.00984019
0.00984073
0.00984073
0.009512
0.00951254
0.0092554
0.00974483
0.0111252
0.00846473
0.00964683
0.0103731
0.0103731
0.00990189
0.00990134
0.0098402
0.0098402
0.0098402
0.0098402
0.0098402
0.0098402
0.00984021
0.00984021
0.00984074
0.00984074
0.00951202
0.00951201
0.0090457
0.0100054
0.00943343
0.0107705
0.0092365
0.00882645
0.00896174
0.00892592
0.00907496
0.0133613
0.0113954
0.0112574
0.0100161
0.0100005
0.0101109
0.0120645
0.0130862
0.0139792
0.0116326
0.0114141
0.010818
0.012231
0.011493
0.0122726
0.00936297
0.01233
0.0118619
0.0108288
0.0115489
0.0125694
0.0121769
0.0123547
0.0124891
0.0108062
0.0107454
0.0134838
0.0135911
0.0110339
0.0122416
0.0116535
0.00922108
0.0102407
0.0119283
0.00917735
0.0121706
0.0103152
0.0139939
0.0131972
0.0113578
0.00955839
0.0119299
0.0104448
0.00955676
0.00670095
0.0066555
0.0152737
0.0139791
0.0136709
0.0162105
0.0100205
0.0106693
0.00886462
0.0105565
0.00974479
0.00925437
0.00951254
0.00951256
0.0098402
0.0098402
0.0098402
0.0098402
0.00984021
0.00984021
0.00984021
0.00984021
0.00984074
0.00984074
0.00975793
0.00930458
0.00750264
0.00790843
0.00846154
0.0121377
0.0073235
0.00746373
0.00948093
0.00977065
0.0123321
0.0103789
0.00985845
0.00957165
0.00904622
0.00951256
0.00951307
0.00984074
0.00984074
0.00984074
0.00984074
0.00984074
0.00984074
0.00984128
0.00984128
0.00984074
0.00984074
0.0101264
0.0101173
0.0101943
0.00812244
0.00838478
0.00867798
0.00815853
0.0125777
0.0147547
0.00911837
0.0112737
0.0112731
0.010587
0.00934669
0.00920178
0.00921795
0.0117354
0.0116304
0.0125794
0.0129708
0.0124959
0.0120316
0.0110018
0.0105141
0.0105986
0.0115148
0.0119479
0.0105584
0.0101432
0.0116692
0.0117234
0.0103851
0.0104313
0.0113511
0.00973247
0.0102493
0.0101321
0.012748
0.0132647
0.00748648
0.00797646
0.0142292
0.0141369
0.00961678
0.00845103
0.00747758
0.00639228
0.0132566
0.00613342
0.014045
0.013916
0.0151792
0.0128954
0.00917499
0.0130017
0.00680423
0.011373
0.0133855
0.0137235
0.0154783
0.0105241
0.00861572
0.0081935
0.00855715
0.00771125
0.00786588
0.00930456
0.00975846
0.00984128
0.00984128
0.00984073
0.00984073
0.00984073
0.00984073
0.00984074
0.00984074
0.00984074
0.00984074
0.00951307
0.00951308
0.00925491
0.00974483
0.0110747
0.00879342
0.0102484
0.00927719
0.00994755
0.00975161
0.0101249
0.0114631
0.00831602
0.00921311
0.00976761
0.00752243
0.0075555
0.00779389
0.00930822
0.0092961
0.00951594
0.00898752
0.00951201
0.00951202
0.00984021
0.00984021
0.00984074
0.00984074
0.0098402
0.0098402
0.00975793
0.00930406
0.00718349
0.00709855
0.00714151
0.00929919
0.00989347
0.0111971
0.0103196
0.0117603
0.00940849
0.0116597
0.0111895
0.0118024
0.0091025
0.0136582
0.00953939
0.017291
0.0136624
0.0136272
0.01137
0.0115814
0.0117485
0.0113781
0.00846977
0.012689
0.0125066
0.00933915
0.0071877
0.0112961
0.0117873
0.00997864
0.0094304
0.0115916
0.00980071
0.0104563
0.0102379
0.0141472
0.0138994
0.0075874
0.0109857
0.0131305
0.0121947
0.00645976
0.0125478
0.008907
0.0132002
0.007421
0.00803473
0.0116284
0.0108184
0.0158157
0.0156921
0.0125281
0.00859948
0.00762385
0.0127684
0.0151138
0.0130116
0.0115951
0.0155173
0.00947838
0.0080117
0.0109501
0.00740646
0.00789809
0.00735325
0.00896122
0.00896171
0.00951255
0.00951201
0.00984075
0.00984075
0.0098402
0.0098402
0.0098402
0.0098402
0.00951202
0.00951201
0.00898804
0.00951594
0.00929559
0.00930821
0.00779437
0.00791793
0.00821719
0.0121241
0.0105257
0.010566
0.00987811
0.00975272
0.00930509
0.00750258
0.00753617
0.00781386
0.00961569
0.00959095
0.00906485
0.0113174
0.00948826
0.00741291
0.00753702
0.0077699
0.00930772
0.00929658
0.00951649
0.00898754
0.00951253
0.00951256
0.0098402
0.0098402
0.00951202
0.00951256
0.00852217
0.00930973
0.00928633
0.00974159
0.0130763
0.0135295
0.0113258
0.0130906
0.0113875
0.0125423
0.0136824
0.0111931
0.0115154
0.0107709
0.0145684
0.0148517
0.0125025
0.0117281
0.014271
0.0136379
0.014638
0.00861004
0.0113017
0.0120952
0.0118288
0.00764375
0.00825784
0.0123551
0.0118786
0.00957824
0.00908081
0.0134836
0.0135916
0.0104546
0.00990451
0.0116536
0.00922135
0.0111802
0.0102801
0.00955888
0.0119303
0.00862858
0.00892984
0.0152729
0.0139787
0.0156311
0.0163778
0.0118006
0.00932143
0.0116265
0.0116629
0.0117941
0.0148035
0.0126666
0.0118961
0.0126313
0.0123026
0.00793815
0.00693566
0.0106698
0.0088646
0.0105561
0.00974481
0.00925541
0.00951256
0.00951201
0.00951255
0.00951201
0.00898753
0.00951702
0.00935032
0.00987432
0.00988066
0.00990074
0.00982726
0.00933821
0.00778659
0.00753746
0.00738094
0.00944308
0.0113013
0.00899998
0.0101131
0.00886512
0.00845414
0.00859638
0.00714106
0.0100004
0.0106578
0.0100102
0.00990831
0.00984018
0.00951254
0.00951201
0.00904571
0.00957161
0.00984712
0.00985078
0.00882857
0.00843545
0.0110156
0.00927941
0.00758035
0.00750937
0.00732612
0.00896223
0.00896172
0.00951254
0.00951254
0.00984019
0.00984019
0.00962947
0.00990084
0.00926221
0.00962896
0.00935026
0.0114932
0.00911555
0.00901767
0.00861487
0.0144174
0.0128006
0.0139076
0.0123522
0.0080755
0.00971048
0.00920164
0.00988766
0.0121098
0.0120706
0.0132927
0.0141675
0.0123318
0.0139469
0.0103623
0.0126746
0.0113475
0.00944349
0.011335
0.011948
0.0100488
0.0127201
0.0115321
0.0112437
0.00974493
0.0101981
0.0109403
0.00866708
0.00967344
0.00976497
0.0115667
0.0126996
0.0103505
0.00980068
0.0137356
0.0135972
0.00797951
0.00957799
0.0103632
0.0129787
0.0113657
0.0125033
0.0122363
0.0146027
0.00954039
0.0109071
0.0106562
0.0072991
0.00643018
0.00831733
0.0122399
0.0153462
0.0159074
0.00784333
0.009609
0.00837066
0.00819295
0.00855765
0.00771122
0.00786579
0.0093051
0.00975791
0.00951255
0.00951255
0.00896172
0.00896223
0.00732612
0.00750937
0.00735242
0.00912285
0.00989201
0.00949808
0.0100234
0.00955052
0.0106774
0.00840418
0.00862933
0.0126377
0.0105506
0.00972075
0.00718722
0.00752822
0.00753591
0.00911606
0.00887128
0.0103044
0.0103056
0.0100697
0.00984454
0.0098402
0.0098402
0.0098402
0.0098402
0.00990135
0.0099915
0.00987659
0.0107218
0.00890621
0.00795673
0.00848786
0.00769598
0.00777433
0.00929678
0.0095241
0.00984021
0.00984021
0.00990081
0.0103625
0.00952734
0.0105359
0.00981646
0.011467
0.0119795
0.0109612
0.0106238
0.0140867
0.0127535
0.0144337
0.00954734
0.00925776
0.0118728
0.00910501
0.0147926
0.0123415
0.0145564
0.00980707
0.0129498
0.0109311
0.0114465
0.012078
0.00882855
0.0111553
0.0113602
0.0138264
0.0100717
0.011129
0.00958473
0.00937974
0.0108351
0.0127096
0.0127613
0.00993203
0.0107818
0.0110884
0.0106209
0.00871977
0.00857273
0.0102988
0.00978335
0.014724
0.0109331
0.00861903
0.00896231
0.0150793
0.011367
0.00983489
0.0101645
0.0093965
0.0122735
0.0101687
0.0148307
0.0107638
0.012334
0.00928035
0.00853797
0.0136962
0.0124121
0.0115893
0.010058
0.0100575
0.0109959
0.0113899
0.0110832
0.00741517
0.00796389
0.0103218
0.0133229
0.0100326
0.0130976
0.0131388
0.0124347
0.00869094
0.00705972
0.0075387
0.00735277
0.0089617
0.00896122
0.00918438
0.00918489
0.00896174
0.00896174
0.00768168
0.00768168
0.00848025
0.00768363
0.00832148
0.00990512
0.00886837
0.0116822
0.0101051
0.00962403
0.00951895
0.00901292
0.00921376
0.00989409
0.00984007
0.0105516
0.00998029
0.00984888
0.00984127
0.00984073
0.00984073
0.00984073
0.00984834
0.00998082
0.0105527
0.0110071
0.010856
0.00892522
0.0105974
0.00949639
0.00876706
0.00951256
0.00951307
0.0101264
0.0101173
0.0101943
0.00812292
0.00838436
0.00942648
0.0121768
0.0143129
0.0143437
0.0184041
0.0164612
0.010587
0.00934669
0.00800654
0.0104733
0.0155924
0.0149627
0.0108578
0.0114284
0.0130842
0.0152322
0.0102885
0.0105143
0.0105986
0.0101087
0.010175
0.0100287
0.013705
0.00891461
0.00949748
0.00970139
0.012193
0.0130275
0.0128682
0.0126461
0.0131721
0.00975788
0.010528
0.0101433
0.0100309
0.0100276
0.00830338
0.00900625
0.00716997
0.00702484
0.00737347
0.00712788
0.0104051
0.0112486
0.0119934
0.0103333
0.0109823
0.0103218
0.0118654
0.00869601
0.0115568
0.00880025
0.0111965
0.010334
0.0103996
0.0100647
0.011082
0.0106636
0.0118804
0.00877069
0.00911657
0.0115391
0.01091
0.0103234
0.0103308
0.00984074
0.00974893
0.00978035
0.00765476
0.00822496
0.0078333
0.009663
0.0112072
0.0118569
0.0104569
0.0103285
0.0114411
0.0106102
0.0126521
0.0138503
0.0137444
0.012586
0.0107943
0.0103698
0.00966015
0.00962995
0.00936682
0.00914259
0.0106416
0.0100956
0.0107405
0.00939624
0.0110365
0.0118254
0.0124316
0.00962531
0.0117403
0.012444
0.0129571
0.0148999
0.0128564
0.0136169
0.0125291
0.0104597
0.00973178
0.00909479
0.00917916
0.00880272
0.0075753
0.0087152
0.0136114
0.0172297
0.012671
0.011734
0.0115895
0.0100942
0.0156298
0.0163338
0.0155908
0.0131418
0.0114001
0.00796884
0.00996661
0.00929966
0.0100111
0.00896323
0.00911034
0.00917046
0.00929663
0.00930827
0.00813222
0.00771112
0.00865632
0.00823798
0.0100786
0.00831817
0.00794931
0.0075829
0.00929983
0.00975846
0.00984074
0.00984834
0.00932956
0.00936764
0.00777036
0.0100639
0.00987794
0.0100102
0.00987433
0.00984074
0.00984074
0.0098402
0.0098402
0.009844
0.00999464
0.0102752
0.0108185
0.0111662
0.00694629
0.00749333
0.00718432
0.00930509
0.00975793
0.00975793
0.00930456
0.00718392
0.00709812
0.007141
0.00929918
0.00811235
0.0100538
0.0107218
0.0127397
0.01498
0.0104027
0.0118024
0.0091025
0.00771709
0.00955131
0.0143149
0.0100624
0.00797635
0.0103933
0.0113783
0.00846992
0.0102996
0.0106664
0.0125151
0.0128883
0.0105971
0.00762436
0.00933858
0.00718776
0.0102935
0.0108225
0.0123973
0.0111415
0.0132848
0.012963
0.00992434
0.00942985
0.0108505
0.0125024
0.0116781
0.0111506
0.0118673
0.0118797
0.01044
0.00990128
0.0104081
0.00574625
0.00998385
0.0119797
0.0120371
0.0123819
0.0116671
0.0101826
0.00578294
0.011329
0.0146576
0.0106732
0.0140729
0.0119445
0.00763767
0.00856041
0.00811543
0.0063896
0.00814572
0.0179677
0.0177809
0.0124755
0.0120229
0.00646044
0.00633568
0.00752073
0.00980933
0.0116877
0.0115525
0.00946114
0.0076796
0.00749802
0.00916288
0.0108899
0.00930245
0.0113099
0.0100967
0.00930243
0.00955966
0.00951649
0.00984021
0.00984021
0.00991975
0.00968379
0.0101023
0.00801367
0.0105258
0.0101642
0.00988943
0.00984453
0.00984072
0.00984019
0.00984018
0.00984779
0.00993842
0.0105898
0.0103065
0.00775634
0.00775246
0.0100288
0.0101173
0.0101259
0.00951254
0.00951254
0.00852164
0.00930971
0.00928631
0.00974209
0.0119637
0.0117461
0.0128271
0.0105314
0.00760614
0.00842585
0.0112105
0.0115153
0.0119892
0.0111612
0.0114314
0.00919913
0.00978966
0.00862071
0.00825008
0.010692
0.010861
0.0111529
0.0115666
0.0113756
0.0113817
0.0150562
0.00753743
0.00778657
0.0115397
0.0110316
0.0128718
0.0111853
0.014404
0.011887
0.00951646
0.00898854
0.0131936
0.0129389
0.0137684
0.0136719
0.0119644
0.0103219
0.00984019
0.00984019
0.0128298
0.00716133
0.0113229
0.00854512
0.0108923
0.0108019
0.00992171
0.00990073
0.00698963
0.00801013
0.01185
0.00872709
0.00987064
0.00783542
0.0070095
0.00891803
0.00758712
0.00747469
0.00733183
0.00599716
0.0114872
0.0112083
0.0139127
0.00962262
0.0099579
0.0136182
0.0127025
0.0174009
0.00790592
0.00980193
0.00781472
0.0100653
0.00736596
0.00849155
0.00770768
0.00985563
0.00989415
0.0100845
0.00987431
0.00984019
0.00984019
0.00990126
0.010157
0.00961523
0.0104385
0.0102797
0.0104814
0.00993845
0.00984834
0.00984074
0.00984021
0.00984021
0.009844
0.0100692
0.0103056
0.0103044
0.0109103
0.00965348
0.0103558
0.00962949
0.00984021
0.00984021
0.00962948
0.00990139
0.00926269
0.00960947
0.0104113
0.0130568
0.00981648
0.011467
0.00882741
0.0110787
0.00959491
0.00973622
0.00880487
0.0115112
0.0120961
0.00910606
0.00881768
0.0114367
0.00949802
0.00958646
0.0108605
0.0108605
0.0120308
0.0114906
0.0129555
0.0102296
0.0093382
0.00982725
0.0110258
0.0111155
0.0113088
0.0114678
0.0106682
0.00970275
0.00951256
0.00951253
0.0115451
0.0115347
0.0112364
0.00946532
0.010058
0.0105002
0.0098402
0.0098402
0.0111552
0.0125452
0.0127399
0.0119931
0.0104409
0.0117969
0.0102183
0.00991921
0.0118925
0.0076125
0.0149121
0.0117811
0.00925625
0.0106939
0.00938617
0.00965844
0.00766756
0.00772403
0.0110673
0.0105717
0.013064
0.0102551
0.00842635
0.00910286
0.0082272
0.00799888
0.0106832
0.0114235
0.0123477
0.00817194
0.0108247
0.00963725
0.0100096
0.0096598
0.0103911
0.0100845
0.00962871
0.00951256
0.00904668
0.00957209
0.00915342
0.00982498
0.010819
0.0102752
0.00999465
0.00984401
0.00984074
0.00984074
0.00984021
0.00990834
0.0100097
0.0106575
0.0100002
0.0101123
0.009041
0.00930973
0.00852165
0.00951256
0.00951256
0.00990134
0.00990134
0.00934182
0.00934232
0.0102204
0.0119169
0.0114931
0.00934976
0.0115832
0.0115988
0.00927794
0.00927844
0.0118693
0.00949157
0.00920203
0.00988749
0.0115477
0.00871303
0.00934231
0.00934181
0.0113249
0.0113249
0.0119474
0.0113348
0.00827558
0.00767573
0.00990075
0.00990128
0.0112575
0.0112575
0.0111126
0.0112596
0.00918373
0.00960465
0.00984074
0.00984074
0.0115033
0.0115033
0.00924781
0.0109224
0.0101958
0.0103815
0.0098402
0.0098402
0.0116074
0.0108896
0.0144
0.0108154
0.0111715
0.0086867
0.0100865
0.00924206
0.0125979
0.0119531
0.0148325
0.0152895
0.0108364
0.0132228
0.0114427
0.0104277
0.0113074
0.00937085
0.0102147
0.0117161
0.0112954
0.00862074
0.00609478
0.00640699
0.00882322
0.0115407
0.012912
0.0111556
0.0125004
0.011135
0.0115817
0.0112999
0.0101166
0.00928869
0.00917613
0.00745276
0.00755537
0.00746058
0.00961639
0.0103733
0.0105521
0.00997972
0.0098478
0.00984019
0.00984072
0.00984888
0.00987865
0.0105655
0.0105255
0.00873985
0.006556
0.00709812
0.00718433
0.00930508
0.00975792
0.00990132
0.00990132
0.0093418
0.00934182
0.0101074
0.0130115
0.0135294
0.0130764
0.0114569
0.00843987
0.00927793
0.00927794
0.00868159
0.011029
0.0145684
0.0107709
0.0088872
0.0115359
0.00934181
0.0093418
0.0108267
0.0106084
0.011677
0.011422
0.00757239
0.00983098
0.00990073
0.00990075
0.0107691
0.0107691
0.0123665
0.0116292
0.00990017
0.0103854
0.00984073
0.00984073
0.0109533
0.0109533
0.0126915
0.0129006
0.0101256
0.00961804
0.00984019
0.00984019
0.0108628
0.0116074
0.0135709
0.0132029
0.00770408
0.00864397
0.00891746
0.00868193
0.0114322
0.0117484
0.0149838
0.015204
0.00928471
0.00847404
0.00912654
0.00704969
0.0092057
0.0086909
0.0105883
0.00976609
0.00999071
0.00948212
0.0100002
0.0104086
0.00828475
0.0106265
0.00877236
0.0114441
0.0106086
0.0104705
0.00849493
0.0128575
0.0134941
0.00879045
0.00800741
0.00892783
0.00852655
0.00894242
0.0108323
0.0103011
0.00999149
0.00990133
0.00984074
0.0103308
0.0100899
0.0104257
0.0101925
0.00962127
0.00744793
0.00775297
0.0100282
0.0101168
0.0101264
0.00990187
0.00990187
0.00934232
0.00934182
0.010013
0.0116849
0.00989369
0.0111967
0.00726546
0.00815582
0.00881836
0.00927794
0.0113457
0.00930577
0.013659
0.00953957
0.0117087
0.00865499
0.0091548
0.0089001
0.0104151
0.0108887
0.0118106
0.0120423
0.0121111
0.0126596
0.0101775
0.010181
0.01113
0.0110023
0.0095432
0.00977848
0.0111523
0.0107184
0.0098754
0.0103628
0.0114502
0.0113575
0.0159299
0.0118869
0.0101717
0.0106804
0.00984454
0.00988998
0.0116074
0.0108628
0.0168612
0.0131244
0.00985308
0.0117683
0.00850231
0.00885229
0.0126435
0.0122301
0.0122758
0.0108191
0.00858516
0.0101337
0.00668976
0.00724004
0.0112454
0.00772573
0.00758312
0.00719435
0.00845083
0.00884903
0.00735278
0.00789776
0.00740687
0.0109505
0.00794427
0.0097513
0.0103116
0.0100193
0.0117984
0.0144719
0.0112492
0.0135604
0.00813307
0.00703696
0.0072897
0.0107614
0.0103714
0.00994545
0.0099223
0.0100989
0.0112647
0.0114419
0.00934374
0.00769525
0.01086
0.00962489
0.0100054
0.00904572
0.00957119
0.00957525
0.00934183
0.0093418
0.00852623
0.0121935
0.0107333
0.00862167
0.00867854
0.00882792
0.0112714
0.00857677
0.00904884
0.00775794
0.00985267
0.00920222
0.00921836
0.00913287
0.0114413
0.00733009
0.00757926
0.00958552
0.00961406
0.0120926
0.0113466
0.0127395
0.0100495
0.0115923
0.00948407
0.0106672
0.0106674
0.00936755
0.0109693
0.0101996
0.009693
0.0101103
0.0123801
0.0107861
0.0108666
0.0130852
0.012133
0.0103386
0.0109672
0.00985632
0.00991389
0.0108626
0.0116075
0.0149725
0.0144056
0.0114018
0.0112182
0.00904787
0.00921811
0.0114327
0.0119719
0.0133849
0.011373
0.0116128
0.0109315
0.0069859
0.00775073
0.00925025
0.00865616
0.0105403
0.00960581
0.00872931
0.00753596
0.00740334
0.00855715
0.00819254
0.00861569
0.00983873
0.00981532
0.0105062
0.0128911
0.0122936
0.0125971
0.00865877
0.00673781
0.00541558
0.00556136
0.0104538
0.0101035
0.00950591
0.00774012
0.00888414
0.0098796
0.00747101
0.00753616
0.00750268
0.0093657
0.00976721
0.0093418
0.00935019
0.00764349
0.010976
0.0123281
0.0121754
0.00818494
0.0119936
0.0108144
0.0105806
0.0121192
0.011792
0.00786035
0.00900859
0.00752818
0.00893602
0.0139178
0.0107194
0.0118912
0.00932142
0.00907145
0.00892721
0.00971511
0.00912108
0.0124073
0.0118123
0.00864926
0.00784121
0.0152873
0.011419
0.0109242
0.0104991
0.013635
0.0137212
0.00907644
0.00899834
0.0129788
0.012078
0.0114032
0.0114033
0.011685
0.00923789
0.00985124
0.00995466
0.00892669
0.00836852
0.0116071
0.0108626
0.0119297
0.00955863
0.00936327
0.00730726
0.00890313
0.0103762
0.0126441
0.0122312
0.0139797
0.0152741
0.00811483
0.0105107
0.00757176
0.00943204
0.0112459
0.0077253
0.00758261
0.00719395
0.00872931
0.00960585
0.0105561
0.0088651
0.0106694
0.0107587
0.00960448
0.010163
0.0104008
0.0100852
0.0106654
0.008981
0.00864365
0.00741237
0.00699897
0.0092067
0.00861445
0.0104802
0.00974723
0.00964308
0.00918267
0.0101696
0.0123683
0.0106824
0.0117567
0.0093532
0.0105241
0.0104962
0.00925861
0.0119699
0.00821628
0.0101205
0.0100495
0.0133411
0.0124685
0.00976452
0.00927964
0.00928606
0.0105452
0.0148041
0.0143982
0.0105121
0.0149566
0.0149981
0.00906319
0.00822221
0.00856551
0.0124769
0.0123936
0.00859414
0.00833244
0.0148542
0.00985135
0.010109
0.0107794
0.0117861
0.0104816
0.00735321
0.00794616
0.0104936
0.00807635
0.0108665
0.0108671
0.0141422
0.0139587
0.00930635
0.0111696
0.00949299
0.0113616
0.010863
0.0116071
0.0132079
0.0121206
0.00856007
0.00763784
0.0104176
0.00987343
0.0114326
0.011972
0.011628
0.0108191
0.00646023
0.00633475
0.00950355
0.00832062
0.00924976
0.00838189
0.0101598
0.00879318
0.0083725
0.00704844
0.00755374
0.00740644
0.0109501
0.00801336
0.0101023
0.00968373
0.0099192
0.00984018
0.00984018
0.00937773
0.00915834
0.00873995
0.00869946
0.0110288
0.00747093
0.00798347
0.00750713
0.00919349
0.0073573
0.00794849
0.00976723
0.00805182
0.00776413
0.00925377
0.00994806
0.0105054
0.0120141
0.0132237
0.0127203
0.0136589
0.012438
0.0111416
0.0102694
0.0108698
0.0129543
0.0132817
0.01343
0.0160463
0.0127672
0.0120888
0.0128141
0.0119189
0.00888397
0.0123623
0.0132683
0.00938538
0.0142082
0.00899893
0.0110933
0.0112344
0.0112341
0.0124262
0.00977889
0.00808972
0.0104951
0.00795279
0.00779395
0.0114033
0.0114033
0.0133502
0.0125265
0.0116606
0.0100443
0.0106988
0.00930632
0.0116071
0.010863
0.0141051
0.0140406
0.0126716
0.0117352
0.00726638
0.00840075
0.0126446
0.0122312
0.0133847
0.0113736
0.00796832
0.011401
0.0062969
0.0076116
0.0112459
0.00772532
0.00769883
0.00704958
0.00741044
0.00755542
0.00855705
0.00819355
0.00861564
0.00777106
0.00936764
0.00932908
0.00984782
0.00984022
0.00991977
0.00994189
0.0103718
0.00982321
0.00882699
0.00819019
0.00794622
0.00523475
0.00525784
0.00661547
0.00826858
0.0101575
0.00994271
0.00960463
0.00936449
0.00990228
0.0102548
0.0109569
0.0115392
0.0117139
0.0101748
0.0126655
0.0114393
0.0091358
0.010493
0.0129154
0.0138732
0.0143172
0.0109549
0.00613695
0.011251
0.00804872
0.00880575
0.0113212
0.0150824
0.0119629
0.0131799
0.00720724
0.00921673
0.00714301
0.0107797
0.0107797
0.0142675
0.0138434
0.0123315
0.0118082
0.00930825
0.00929662
0.0108668
0.0110163
0.011783
0.00908344
0.00928786
0.00912446
0.00959732
0.00953497
0.0110508
0.0114608
0.0117862
0.00929914
0.0107631
0.0130026
0.00700935
0.00891803
0.0110304
0.0116112
0.0139795
0.0152738
0.0132192
0.0124192
0.00782642
0.0102414
0.00896639
0.00838228
0.0101604
0.00907462
0.00907462
0.0101584
0.00858888
0.0106698
0.0101123
0.00954624
0.00988997
0.00984454
0.00990182
0.010157
0.00961524
0.0106532
0.00994464
0.00763309
0.00842763
0.00711174
0.0108184
0.0102754
0.00999524
0.00984451
0.00984451
0.0100691
0.0102364
0.0103692
0.00986616
0.0152418
0.0119879
0.0171196
0.00779536
0.0104351
0.00945302
0.0102197
0.0119162
0.0102179
0.0116359
0.00508744
0.0089344
0.00754496
0.00906686
0.0118698
0.00949243
0.0130122
0.00932045
0.00597086
0.00977791
0.00727335
0.00719234
0.01159
0.0112344
0.012115
0.0104053
0.0116653
0.00953237
0.00951646
0.00898801
0.0105452
0.0115667
0.0139753
0.0140257
0.00983138
0.00988263
0.00990131
0.00990078
0.0119938
0.0120706
0.0129816
0.0120608
0.0100322
0.0093407
0.00908585
0.00934286
0.0116939
0.0100673
0.0116284
0.0107277
0.00987453
0.0102324
0.00937526
0.00946274
0.00908848
0.00755205
0.00735242
0.00684878
0.00727532
0.00767221
0.0074145
0.0110044
0.0100234
0.00985433
0.00990449
0.00987431
0.00990127
0.00990127
0.00934199
0.00961526
0.0103069
0.0105905
0.00993842
0.0098483
0.00990876
0.0100095
0.0106578
0.0100003
0.0116765
0.00872757
0.0147962
0.00854577
0.0112071
0.0142091
0.00936903
0.0106552
0.00844489
0.00674416
0.0103321
0.0131211
0.0114923
0.00934984
0.0108957
0.011766
0.00793079
0.00651813
0.00907951
0.0111461
0.00903673
0.00988525
0.0101517
0.00856547
0.00859044
0.00898329
0.0111408
0.0125533
0.0115036
0.00940511
0.00829577
0.00767574
0.00951254
0.00951306
0.0104566
0.005825
0.013185
0.0119086
0.00926042
0.00926349
0.00990079
0.00990079
0.00598278
0.0113609
0.0142038
0.013517
0.0087618
0.00724997
0.00934234
0.00934231
0.00798854
0.00623018
0.00823345
0.0135638
0.0114168
0.00763625
0.00925001
0.00927758
0.00927755
0.0071247
0.00882191
0.00954672
0.00915515
0.0109348
0.00841731
0.00899549
0.00963263
0.00943168
0.00999097
0.00990073
0.00990127
0.00990127
0.00934199
0.00934199
0.0108189
0.0102748
0.00999473
0.00984456
0.00987861
0.0105655
0.0105257
0.00694913
0.00506476
0.00554527
0.00708871
0.0119382
0.0121655
0.0116161
0.00941669
0.00712815
0.0102205
0.0119168
0.0138641
0.0129065
0.0113758
0.00812188
0.00898841
0.00753482
0.0122367
0.00970559
0.0139136
0.0107927
0.00872128
0.0116303
0.00921515
0.0112136
0.0125832
0.0131517
0.0135302
0.0126022
0.00757188
0.00987879
0.00984076
0.0103303
0.0124428
0.00717046
0.011587
0.00871946
0.0097434
0.0100895
0.00990079
0.00990082
0.00725824
0.00830544
0.01123
0.00886358
0.00784594
0.0105776
0.00934231
0.00934231
0.00752431
0.00733083
0.00723439
0.00589765
0.0103439
0.0104236
0.0116901
0.0107634
0.0108393
0.0150158
0.00935653
0.0124223
0.00927755
0.00927755
0.00693706
0.00982641
0.0104496
0.00997976
0.00987863
0.0099013
0.00934202
0.00934199
0.00984011
0.0105518
0.00997961
0.00984453
0.0102779
0.0104669
0.0110707
0.0068009
0.00757771
0.0102124
0.0109386
0.0103641
0.00959819
0.00956636
0.0092495
0.0124597
0.0102591
0.0121326
0.00698581
0.00788427
0.0112195
0.0101534
0.00783201
0.010101
0.0127721
0.00927211
0.011709
0.00865486
0.0108668
0.0114364
0.00980837
0.00849191
0.0113545
0.00990445
0.0120925
0.0126863
0.0100857
0.0106993
0.0100425
0.0134468
0.0122696
0.0117973
0.0112085
0.0112819
0.0102184
0.00991927
0.0132028
0.00800732
0.0153166
0.0113253
0.0117992
0.0113473
0.0096584
0.00965843
0.00799536
0.00772447
0.0106804
0.0104018
0.0119949
0.00832619
0.00862159
0.0114636
0.0106427
0.0122093
0.0117466
0.00953599
0.00981929
0.010198
0.00981467
0.00900336
0.00954629
0.00915344
0.00956849
0.0100192
0.00994839
0.00999084
0.0101067
0.0102106
0.0120843
0.0117776
0.0106522
0.00973771
0.0103118
0.00984508
0.00933294
0.00963884
0.00811246
0.00991566
0.0126008
0.00914338
0.00846231
0.010554
0.0095383
0.0096788
0.00739085
0.00889323
0.00963652
0.00868852
0.00877333
0.0111462
0.00970384
0.00970367
0.00813355
0.00982641
0.00926793
0.0107783
0.0127416
0.0105225
0.0101264
0.0102412
0.0106104
0.0106365
0.0141057
0.0105201
0.0108301
0.010181
0.0100871
0.00924251
0.0105433
0.0127332
0.0140657
0.0158257
0.00963014
0.00875119
0.0112291
0.0103681
0.0104606
0.00920934
0.00945549
0.0113417
0.012038
0.00808949
0.0083275
0.0094227
0.0100408
0.0114268
0.0107847
0.00970163
0.00941896
0.00760155
0.00748422
0.0074749
0.009403
0.0105655
0.010214
0.00986059
0.0096132
0.0108661
0.00861553
0.00997789
0.00923443
0.00951255
0.00898364
0.00899684
0.00903575
0.0117816
0.0115551
0.011545
0.00881466
0.00995022
0.0100904
0.00927844
0.00927793
0.0116482
0.0108152
0.0111853
0.0108722
0.0102561
0.00986029
0.0093418
0.00934232
0.0118267
0.0120832
0.0137226
0.0128361
0.0103269
0.00938468
0.0095349
0.00957516
0.0117419
0.00880131
0.0141499
0.0106755
0.00936158
0.0086717
0.00887586
0.00824038
0.00732687
0.00872455
0.0114219
0.0105355
0.00832057
0.00683198
0.00930011
0.00724267
0.00721626
0.00714106
0.0089202
0.00745331
0.0081202
0.00765859
0.0112706
0.00890766
0.00686573
0.00976118
0.0107469
0.0116485
0.00856796
0.00934204
0.0105483
0.00859699
0.00890833
0.0106807
0.00982743
0.00893971
0.00822031
0.00711165
0.00950633
0.00747151
0.00748022
0.00746409
0.00884103
0.00909868
0.00865825
0.0122315
0.0107491
0.00843616
0.00809124
0.0112806
0.0112642
0.00927796
0.00927793
0.0079068
0.0100267
0.0111112
0.0101069
0.0108567
0.00845633
0.0093418
0.00934183
0.00966189
0.00966795
0.0113242
0.00973084
0.00780226
0.00763607
0.00904269
0.00954784
0.0103075
0.0107003
0.0119294
0.0119318
0.00839688
0.00863069
0.00673569
0.00700981
0.0104313
0.0082969
0.0129904
0.0106417
0.00725255
0.00960363
0.00778647
0.00692863
0.00837327
0.00605832
0.00529206
0.00535456
0.00799989
0.00812158
0.00861584
0.00833866
0.0099854
0.0109858
0.00862779
0.0116275
0.009664
0.0100804
0.00835245
0.00954895
0.00975004
0.00814571
0.00698656
0.00883974
0.00846573
0.0104442
0.00944431
0.00926279
0.00764315
0.0109759
0.012328
0.0116472
0.00805258
0.0100656
0.0119893
0.0110056
0.00922761
0.00927796
0.00747159
0.00873524
0.0116557
0.0108938
0.00909775
0.0117946
0.00961018
0.00969826
0.00875964
0.00875563
0.00951699
0.0116072
0.00767933
0.00992991
0.0097508
0.0105332
0.0101671
0.0101912
0.0137338
0.0107686
0.009118
0.0108058
0.00689418
0.00873516
0.0120061
0.0115458
0.0138461
0.0153492
0.0108498
0.00864224
0.0104879
0.00753411
0.0103682
0.00890982
0.00996381
0.00738147
0.00998479
0.00902511
0.0109456
0.0100509
0.0113625
0.010091
0.0109397
0.0109651
0.0107103
0.00924118
0.00944991
0.00906694
0.0122808
0.0104944
0.0118158
0.00944351
0.0104484
0.0123505
0.0099955
0.0100095
0.00949114
0.00776229
0.00923746
0.00834861
0.0102883
0.0135899
0.0121966
0.0122284
0.00902669
0.0104944
0.00858478
0.00570956
0.00729101
0.0141544
0.0139266
0.0122367
0.0132031
0.0109864
0.0120589
0.00835313
0.01172
0.0141499
0.0106755
0.0111064
0.0124918
0.0107168
0.0115691
0.0128403
0.0113737
0.0116553
0.0105322
0.00866041
0.010184
0.0118215
0.0110462
0.00810872
0.00619735
0.00806162
0.00736912
0.0105209
0.00809218
0.00962226
0.0115094
0.0109244
0.011605
0.00930289
0.00932468
0.00884623
0.00933821
0.00954119
0.00773197
0.00791062
0.0102137
0.0121126
0.00829945
0.00987022
0.00927515
0.00897885
0.00949392
0.0122832
0.0142138
0.0137503
0.00935294
0.01129
0.0113241
0.00848593
0.00636094
0.00769553
0.0117804
0.0107019
0.0126591
0.0106553
0.0102307
0.0103523
0.00867842
0.0110752
0.0120459
0.0121416
0.011317
0.0108812
0.0100469
0.0131819
0.0136307
0.0130799
0.0127723
0.0106728
0.0116124
0.0109313
0.0097131
0.00989577
0.00870381
0.00587561
0.00654066
0.0059317
0.00803695
0.00983866
0.00944019
0.00886406
0.00937907
0.00705097
0.00934716
0.00749464
0.00744778
0.00594598
0.00801463
0.00930635
0.00948893
0.00995932
0.0100114
0.0112943
0.0112634
0.0104584
0.00945396
0.00927158
0.0119231
0.0133833
0.0139511
0.0113867
0.00881724
0.0104602
0.0100645
0.00850877
0.0092597
0.0143889
0.0100332
0.00818263
0.0075684
0.00990954
0.011363
0.0102154
0.0104759
0.013918
0.0111889
0.00844251
0.00693497
0.0110123
0.00995125
0.00946575
0.0108844
0.0131786
0.0148302
0.0082914
0.0107637
0.00819802
0.00818492
0.00784812
0.00864876
0.0093557
0.00971546
0.0110769
0.00960497
0.00952449
0.00880549
0.00848009
0.00712938
0.00869234
0.00594519
0.00729231
0.00707036
0.00839199
0.00999673
0.0096776
0.00990874
0.0102486
0.0123831
0.011734
0.0114152
0.00888999
0.00970689
0.011179
0.00975286
0.0116766
0.00909831
0.0120893
0.0110262
0.00820778
0.0094526
0.0121813
0.0149567
0.0106615
0.00757952
0.00899532
0.00995098
0.00719884
0.0111415
0.00788108
0.0141503
0.0103903
0.00726354
0.00819095
0.00688416
0.00791908
0.00677719
0.0076205
0.0106856
0.00953518
0.00808507
0.00795159
0.0062971
0.0074872
0.00577368
0.00533547
0.00528486
0.00760226
0.00801395
0.010148
0.00955849
0.0098668
0.0103715
0.00954797
0.00895165
0.00658525
0.00679425
0.00887483
0.00991409
0.0103447
0.00992995
0.0130867
0.0111431
0.00709827
0.0102921
0.00942068
0.00928285
0.0116533
0.0103933
0.0084037
0.0130791
0.0123925
0.00772416
0.00954861
0.00866452
0.0110688
0.00808755
0.00699774
0.0119643
0.0115816
0.00721193
0.00698943
0.0112359
0.00854434
0.0115716
0.0106504
0.0100325
0.0114756
0.00672669
0.00810922
0.00654099
0.00562033
0.0122391
0.0101348
0.00858528
0.0101343
0.00782674
0.0102411
0.00687228
0.00672389
0.00741127
0.00742914
0.00887119
0.00941179
0.0095292
0.010653
0.00681927
0.00837692
0.00846356
0.00997643
0.0106386
0.00949302
0.00958658
0.00887557
0.00693984
0.0081758
0.00685393
0.0074057
0.00784843
0.0114585
0.0115335
0.0117438
0.00850284
0.00843209
0.00682456
0.00624751
0.00555718
0.0108712
0.00765359
0.00948712
0.00806877
0.00847032
0.008809
0.00554299
0.00905416
0.0120424
0.00940487
0.0108441
0.0110973
0.00879464
0.00892906
0.00634626
0.00740784
0.0066997
0.0100417
0.00765983
0.0131232
0.0114398
0.0106866
0.00937498
0.00946297
0.00927652
0.00881315
0.00911595
0.0095171
0.00608881
0.00963412
0.0112996
0.0109589
0.0110896
0.0101136
0.00713816
0.00653662
0.00522959
0.00691102
0.00975127
0.00558279
0.00750704
0.009558
0.00898058
0.00786452
0.00464084
0.00360698
0.00961739
0.00531306
0.00744074
0.00861691
0.00905345
0.010776
0.00403089
0.00528416
0.00866302
0.0100021
0.0090011
0.00824858
0.0093418
0.00961948
0.00517113
0.00574619
0.00631193
0.00829744
0.00893014
0.00962321
0.00927793
0.00927796
0.00938798
0.00903738
0.0090269
0.00908635
0.0115981
0.00957703
0.00908929
0.00737889
0.00369895
0.00442092
0.0109746
0.0115722
0.010733
0.0103222
0.00375893
0.00314776
0.00485481
0.00383152
0.00402444
0.00426413
0.00960943
0.00753257
0.0108601
0.0110985
0.00426373
0.00459604
0.0057903
0.00635897
0.00614688
0.00518213
0.0097276
0.0101669
0.00656424
0.00864785
0.00953641
0.00981964
0.00837188
0.00867856
0.00874935
0.00922814
0.00983405
0.00849
0.00948074
0.0125504
0.0115371
0.00747367
0.00879717
0.00808805
0.0119145
0.00909048
0.0071721
0.00574393
0.00843055
0.0114544
0.0107109
0.00818719
0.00842749
0.0116013
0.0102911
0.00670358
0.00688175
0.00867439
0.00921282
0.006323
0.0118543
0.0103219
0.0045324
0.00623548
0.0126929
0.011053
0.00534829
0.00415943
0.0122481
0.0104393
0.0101301
0.00584073
0.0106949
0.00875675
0.00889468
0.0113064
0.00970083
0.0074378
0.00824846
0.00699283
0.00793523
0.00798663
0.00605355
0.00979885
0.00655337
0.00639767
0.00424991
0.00694626
0.00424741
0.00789894
0.00582617
0.0097114
0.0059457
0.0106149
0.00893231
0.00884544
0.00644105
0.00689526
0.00477495
0.00481522
0.0062422
0.00734579
0.00382078
0.00330831
0.002867
0.00727333
0.00538781
0.00435132
0.00466393
0.00698906
0.00374339
0.00259283
0.00279874
0.00208031
0.00266747
0.00247243
0.00280365
0.00304309
