0.0106446
0.0109941
0.00986106
0.010961
0.0114654
0.0103572
0.010099
0.00996691
0.0128573
0.0125084
0.0120109
0.0109943
0.013183
0.0102999
0.00998494
0.00991003
0.0105146
0.00953886
0.0114079
0.0102194
0.00973854
0.0112978
0.00951857
0.0127997
0.0103176
0.0117242
0.00982954
0.0114399
0.0109504
0.0104654
0.0102864
0.00917806
0.00936567
0.0116256
0.0142217
0.0104637
0.0117066
0.0145213
0.0120091
0.011678
0.0117737
0.0103934
0.00915451
0.011472
0.010028
0.00933468
0.0106738
0.0132375
0.00916069
0.0108211
0.0112045
0.0117975
0.0101084
0.0132166
0.0154475
0.0145162
0.0105826
0.0118443
0.0116612
0.0137458
0.0117574
0.0130625
0.00929282
0.009838
0.00920126
0.0101256
0.0101462
0.0106393
0.0102206
0.0116594
0.0110947
0.0122795
0.0119022
0.0102709
0.0112019
0.00962912
0.0114886
0.00960995
0.0107791
0.0115785
0.0120182
0.0118206
0.0109674
0.0105455
0.0116091
0.0119193
0.0107513
0.01086
0.0118645
0.0106828
0.0130523
0.0115654
0.0109408
0.012114
0.0109526
0.0136866
0.0110457
0.0116666
0.0108909
0.0104628
0.00996634
0.0100489
0.0111482
0.010549
0.0122726
0.011148
0.0127887
0.0109042
0.010043
0.0117895
0.0101724
0.0110167
0.0101991
0.0102597
0.0106258
0.0105878
0.0104395
0.0104747
0.0107609
0.010344
0.0107839
0.0114936
0.0115663
0.0107252
0.0113089
0.0108242
0.0101477
0.0103594
0.01197
0.0117781
0.0119736
0.0124404
0.0119175
0.0112271
0.00953585
0.00919584
0.011332
0.0100697
0.0120189
0.0104088
0.0118106
0.0122579
0.0101432
0.0118316
0.0143369
0.0140529
0.0113323
0.0140153
0.0112096
0.0130783
0.00835648
0.0109358
0.0100061
0.0118105
0.0131882
0.0116891
0.0116928
0.0125002
0.0101647
0.013231
0.00952886
0.0108406
0.0102664
0.010234
0.0140433
0.0118919
0.00981633
0.011518
0.0102923
0.0121871
0.0101244
0.0101773
0.00916993
0.0104854
0.0119995
0.0112415
0.0113858
0.0104741
0.0112249
0.00978816
0.0121253
0.011995
0.0111437
0.0122196
0.0110868
0.0105229
0.0105394
0.0122485
0.00983593
0.010807
0.011956
0.0135304
0.00991387
0.0107741
0.0111375
0.012374
0.0109076
0.0126394
0.0098281
0.0102441
0.0114202
0.0099122
0.00941581
0.0101669
0.0118838
0.0103408
0.00894984
0.0124431
0.0138755
0.0126421
0.00990984
0.00939201
0.0100896
0.011869
0.0093644
0.010335
0.0100315
0.0108885
0.0119617
0.0119867
0.00928566
0.0099347
0.011528
0.0102538
0.0141227
0.0124479
0.0105223
0.0106001
0.0120674
0.0106997
0.0127982
0.0107081
0.0124804
0.0113614
0.0121307
0.0117928
0.0130117
0.0126819
0.0133091
0.0105074
0.0116897
0.0114592
0.00953324
0.0101464
0.00963837
0.0133297
0.00957855
0.012941
0.0104535
0.0107212
0.0099191
0.0104005
0.00882094
0.0113763
0.0092465
0.0108945
0.0109147
0.013461
0.00928005
0.0122919
0.0127555
0.0102498
0.0108831
0.00910129
0.00956876
0.0110516
0.0133027
0.0113426
0.0112133
0.0109183
0.0112858
0.0111601
0.0116103
0.0118593
0.0110566
0.00982619
0.0126717
0.0122887
0.0120143
0.0116706
0.0114589
0.0127777
0.0110379
0.00962696
0.00953373
0.0128538
0.0113025
0.00819583
0.00947014
0.0108867
0.00989123
0.0105644
0.00951051
0.0117421
0.00990306
0.00982355
0.012944
0.0112808
0.0111275
0.0121991
0.0110255
0.0108075
0.00986903
0.0114783
0.00982826
0.0127733
0.0118616
0.0134281
0.012282
0.0116459
0.0132442
0.0106657
0.0108474
0.0112316
0.0139585
0.0131916
0.00916253
0.00908172
0.00931754
0.0152368
0.0122428
0.011735
0.013342
0.011506
0.0112985
0.0107583
0.0106341
0.0133338
0.0110376
0.0107325
0.0129511
0.0122611
0.0101799
0.0113527
0.0104682
0.0123731
0.00951545
0.0130267
0.0116507
0.0102531
0.0102502
0.0104791
0.0127393
0.0114173
0.00794856
0.0089917
0.00943382
0.0116816
0.0119678
0.0118141
0.0107211
0.0127576
0.010847
0.010188
0.0122866
0.0115844
0.0142731
0.0112317
0.0105278
0.0089372
0.01186
0.00947668
0.0102521
0.00921124
0.0103704
0.0122335
0.0109519
0.0111912
0.0132908
0.0125434
0.00977648
0.00881058
0.0134303
0.0117352
0.0101971
0.00948489
0.0121736
0.0126156
0.0115292
0.0124759
0.0098724
0.0113367
0.0112021
0.0117166
0.0128853
0.0112301
0.0104281
0.0118275
0.0102065
0.0121659
0.0107982
0.0106502
0.00900035
0.0104957
0.0117711
0.0100125
0.0121285
0.0121701
0.0111151
0.0130094
0.0095414
0.0144822
0.0118165
0.01087
0.0107221
0.0139147
0.0120081
0.0111064
0.0109785
0.0125084
0.0150728
0.00948787
0.00947587
0.013579
0.0112107
0.0101553
0.0103965
0.0101964
0.0117181
0.0100179
0.00984241
0.00997574
0.00993768
0.00989327
0.0117879
0.0110308
0.0129641
0.0126063
0.010486
0.0109004
0.00924204
0.0100277
0.0114446
0.0114821
0.010922
0.0104345
0.0105716
0.0108039
0.0123661
0.0114377
0.010102
0.0111753
0.0108832
0.0107457
0.0111036
0.00944165
0.0110739
0.0113989
0.0110043
0.0116238
0.0100775
0.00986162
0.0133898
0.0102887
0.0129327
0.0135593
0.0147334
0.0120528
0.0131205
0.0109805
0.0170989
0.0162534
0.0122526
0.00938005
0.0104673
0.0121725
0.011811
0.0124451
0.0111115
0.0122582
0.0117248
0.00992338
0.0109985
0.0110799
0.0100854
0.0123565
0.00891669
0.00906122
0.00927003
0.0103171
0.0103748
0.0115206
0.0128483
0.0126459
0.0108024
0.0099596
0.012636
0.00893557
0.0114768
0.0121063
0.010013
0.0125097
0.0110462
0.0125788
0.0111862
0.0145756
0.01498
0.0104637
0.0132542
0.00957625
0.0119455
0.0104421
0.0127992
0.00970807
0.0100726
0.0121136
0.00994119
0.0121577
0.00986524
0.0111656
0.0129246
0.0100483
0.0115515
0.0120654
0.010796
0.0138146
0.0127589
0.010414
0.0095964
0.0126835
0.0127251
0.010426
0.01145
0.0129489
0.00942953
0.0113474
0.0124737
0.0146377
0.00863124
0.00951305
0.010342
0.00909765
0.0116579
0.0108904
0.0130116
0.0116865
0.00950207
0.0120269
0.0107617
0.0102904
0.0111493
0.00937123
0.0105872
0.0113793
0.0106303
0.010743
0.0126686
0.0119124
0.0121086
0.010841
0.0126293
0.0128782
0.011682
0.0107426
0.0148784
0.0112555
0.0146429
0.01381
0.010026
0.0146618
0.00873681
0.0111158
0.0134931
0.0128409
0.0124567
0.0113144
0.0139593
0.0117141
0.0105732
0.0112341
0.0128848
0.0121173
0.0104859
0.0123903
0.0113041
0.0100831
0.00945299
0.0115131
0.0142459
0.00907213
0.00884501
0.0095813
0.00929375
0.0109534
0.00948271
0.0112357
0.0115559
0.0124324
0.0108933
0.0118591
0.0132725
0.0105266
0.0116986
0.0111483
0.0103823
0.0110914
0.0104595
0.0115889
0.0113591
0.0123191
0.0104004
0.0139164
0.0102148
0.0111773
0.0123116
0.0110672
0.0108947
0.0135025
0.0100752
0.0116902
0.0137797
0.0110994
0.0120816
0.0112884
0.0109049
0.0113825
0.00958859
0.0129793
0.0111484
0.0111313
0.0128572
0.0141149
0.0156343
0.0121764
0.0120217
0.0123858
0.00996308
0.0121245
0.00977882
0.0125362
0.0120165
0.010903
0.0104507
0.00965949
0.0104852
0.00962171
0.0107751
0.0145195
0.0107409
0.00983183
0.0118655
0.0104267
0.0105877
0.0132789
0.0104634
0.0119182
0.0130748
0.011914
0.0144035
0.0119483
0.0107968
0.0155353
0.00967659
0.011969
0.012284
0.011888
0.0111418
0.01177
0.0111328
0.0102973
0.0113351
0.0114371
0.01108
0.0113721
0.011884
0.0132235
0.0114418
0.0134648
0.0102758
0.0111558
0.0116263
0.0102455
0.0122257
0.0127043
0.0119697
0.0132835
0.0114755
0.0119547
0.0110898
0.0125642
0.0102293
0.0115572
0.011818
0.0120513
0.0100429
0.0116041
0.00931256
0.0105627
0.00896965
0.00957623
0.0161986
0.00943396
0.0105835
0.0105511
0.0114717
0.010465
0.0115224
0.0116738
0.01268
0.0116587
0.0102146
0.0107848
0.0121022
0.0117591
0.0134528
0.0125076
0.0113741
0.0133323
0.00989746
0.014467
0.0126562
0.0107027
0.0115285
0.0133642
0.0104974
0.0168646
0.0101213
0.0143169
0.0120231
0.0103384
0.0101146
0.0116427
0.0172882
0.0126514
0.0104253
0.00860484
0.0128307
0.0125916
0.0122063
0.0161643
0.0126398
0.011956
0.011334
0.0148001
0.010555
0.0101373
0.0171791
0.0117453
0.011904
0.0143921
0.0116653
0.0131346
0.0149937
0.0129047
0.00961999
0.00961322
0.00898798
0.00918041
0.0106687
0.00910421
0.0110724
0.0111278
0.0126774
0.0111048
0.016257
0.0136102
0.0145205
0.0109796
0.0101599
0.0110261
0.0127544
0.011714
0.0107146
0.0170064
0.01166
0.0111351
0.010914
0.0113214
0.0129611
0.0116026
0.0108139
0.0108922
0.0106861
0.0119275
0.0119548
0.0116892
0.0145224
0.0151664
0.0122238
0.0124229
0.0109697
0.0132462
0.0112349
0.0108657
0.0112765
0.0135208
0.0101341
0.0111061
0.0117454
0.0117405
0.0142215
0.0120493
0.011519
0.0116277
0.0137817
0.0118205
0.0115842
0.0142715
0.00989346
0.00987365
0.0094718
0.00960843
0.00949188
0.0097216
0.0104218
0.0095777
0.010529
0.0110143
0.0103742
0.0112254
0.0118952
0.010312
0.0176964
0.0138259
0.0112269
0.00991669
0.0117136
0.0140098
0.0167548
0.0119282
0.0109558
0.0125568
0.0162769
0.0121464
0.010479
0.0107332
0.0142713
0.0121322
0.0115339
0.0107786
0.0113803
0.0169127
0.0120312
0.0112593
0.01011
0.0114014
0.0149359
0.0113215
0.0101837
0.0120243
0.012558
0.0118568
0.0123867
0.0135339
0.0117676
0.0122734
0.0116644
0.0111373
0.0115241
0.0120196
0.015199
0.0119609
0.0100195
0.0110423
0.00960706
0.0100454
0.00959851
0.00972111
0.0101553
0.009656
0.0113185
0.0100837
0.0118416
0.0128955
0.0108381
0.0118691
0.00967518
0.0123005
0.0111414
0.0135115
0.0112814
0.0127281
0.0118063
0.0113059
0.0104249
0.0103568
0.0138186
0.0114425
0.00983922
0.0115927
0.0100275
0.0107433
0.0133372
0.0117315
0.010085
0.0121946
0.0117221
0.0142162
0.0121982
0.0150691
0.0142969
0.0118075
0.012265
0.0135025
0.0107886
0.0104986
0.0126041
0.012447
0.0115251
0.0126394
0.0121416
0.0109707
0.012172
0.0116855
0.0120438
0.010442
0.0123127
0.013301
0.0126414
0.00966086
0.0102543
0.00966112
0.0096801
0.0101128
0.00964954
0.0110629
0.0100468
0.0127696
0.0107444
0.0120886
0.0121772
0.014348
0.00974071
0.0118493
0.0106964
0.0092923
0.00982445
0.0126188
0.0116172
0.0107279
0.00984414
0.0103237
0.0113258
0.0122392
0.011878
0.0113283
0.0116249
0.0120177
0.0129403
0.011652
0.0125899
0.0110949
0.0126107
0.0124817
0.0105832
0.00994006
0.015696
0.0144255
0.0115741
0.0121676
0.0150936
0.013139
0.0123572
0.0145939
0.0131865
0.014302
0.0124944
0.0147291
0.010917
0.0152631
0.012071
0.0136151
0.0157524
0.0120283
0.0112336
0.0116113
0.00975455
0.0102925
0.00957501
0.00971225
0.00970955
0.00962612
0.0102418
0.00994243
0.0105252
0.0107427
0.0103995
0.0115853
0.0118448
0.0118546
0.00945868
0.0140251
0.011648
0.00904486
0.0101753
0.0115947
0.0134491
0.0167379
0.0100149
0.0121567
0.0135311
0.0114748
0.0100691
0.0100151
0.012834
0.017803
0.0105714
0.0117603
0.0137705
0.0137951
0.0112075
0.0101036
0.0108715
0.0130118
0.0108377
0.0122173
0.0119217
0.0124244
0.010433
0.0124575
0.0112562
0.0113531
0.0102729
0.0114905
0.0132064
0.0118095
0.014043
0.0111963
0.0120393
0.0119411
0.0100111
0.0101632
0.00967805
0.00973814
0.00963556
0.0095527
0.0101779
0.00966688
0.0112729
0.0101195
0.0118415
0.0107023
0.0107932
0.0141951
0.0107417
0.0126187
0.0121131
0.011565
0.0122916
0.0119314
0.00879825
0.0113529
0.0106463
0.0105744
0.0110804
0.0113937
0.0103212
0.0118106
0.0120689
0.01149
0.0108241
0.013011
0.0165095
0.0101853
0.0112409
0.0118957
0.0112391
0.0128601
0.0125742
0.0152094
0.0117175
0.0129609
0.0104624
0.0130303
0.0142717
0.0127646
0.0120327
0.0141696
0.0108672
0.0106814
0.0146198
0.0112177
0.0137589
0.0109488
0.0101166
0.0120829
0.00984934
0.0112834
0.00979825
0.00993702
0.00957133
0.00955329
0.00994873
0.00964697
0.0110197
0.00997689
0.0127599
0.0107106
0.0136257
0.011502
0.0105849
0.0106328
0.0114581
0.0110292
0.0124066
0.0116729
0.0149343
0.0100155
0.0110059
0.0102942
0.0122343
0.011769
0.0101139
0.0104619
0.0120918
0.0146343
0.0166477
0.0111431
0.0116034
0.0140959
0.00925046
0.0127797
0.0111049
0.0128132
0.0114047
0.0125459
0.012029
0.00971564
0.0102011
0.0109387
0.0129147
0.0109464
0.0101903
0.0103256
0.012738
0.0132601
0.0114282
0.0120482
0.0120366
0.0112744
0.0108739
0.0107789
0.0115587
0.0106525
0.0122039
0.0115262
0.0136246
0.0138563
0.0125855
0.0110547
0.0104249
0.010553
0.0109912
0.0148576
0.0120822
0.0119087
0.0121802
0.0130199
0.0121298
0.0131612
0.0141986
0.0130007
0.0126269
0.0110789
0.0146652
0.0141166
0.0124531
0.011111
0.0109507
0.0121381
0.0148397
0.0136404
0.0133347
0.0126275
0.0140107
0.0148578
0.0107881
0.00912699
0.00896603
0.0108064
0.00940223
0.0096422
0.0098457
0.00985571
0.010552
0.0105205
0.010553
0.0139882
0.0134436
0.011987
0.0112679
0.0117848
0.012014
0.01013
0.0103691
0.0101892
0.00989821
0.0117639
0.0123409
0.0116653
0.0115048
0.0131951
0.0105164
0.0138363
0.010902
0.0103293
0.00929451
0.0101433
0.0107216
0.0109353
0.0119123
0.0114946
0.010533
0.0124232
0.0107009
0.0119048
0.0123895
0.0142497
0.0101748
0.0135287
0.0118212
0.013287
0.0119264
0.0149676
0.0120946
0.0125302
0.0118415
0.0115663
0.0116127
0.0107298
0.0124447
0.0123806
0.0130682
0.0110053
0.0120788
0.0125878
0.0131901
0.0124075
0.0131262
0.014957
0.0132257
0.0125932
0.0108124
0.0124808
0.0102961
0.00982211
0.00972107
0.0100146
0.0126523
0.0131049
0.0112606
0.0117275
0.0124326
0.0140484
0.0133019
0.0156638
0.0131599
0.0119072
0.0134238
0.0119584
0.0108924
0.0121571
0.0132903
0.0122824
0.0133739
0.0153676
0.0136421
0.0140179
0.0115223
0.0102226
0.0120083
0.0120793
0.0117316
0.0107544
0.0108416
0.00921984
0.0106195
0.00879001
0.00925678
0.00980345
0.00946259
0.0106365
0.00989793
0.0121111
0.0102086
0.0130698
0.0114079
0.0134192
0.0153171
0.0112748
0.012696
0.0117825
0.0112169
0.0104122
0.0116672
0.0128393
0.011947
0.0113365
0.0140858
0.00951455
0.0109253
0.0117458
0.0129319
0.010681
0.0129064
0.0121265
0.0125215
0.0137967
0.0126315
0.0105721
0.0108646
0.0116179
0.0108797
0.0117266
0.0120847
0.00947325
0.0120511
0.0108514
0.0116179
0.0132525
0.0116512
0.0100103
0.0128959
0.0117039
0.0113198
0.0141835
0.0152685
0.011871
0.0136805
0.0118656
0.0120206
0.0129757
0.0115429
0.010201
0.0115256
0.0111081
0.0124976
0.0111914
0.0109467
0.0112048
0.0119512
0.0141329
0.0122113
0.0124031
0.0128795
0.0122312
0.0155858
0.0114446
0.0122162
0.0132546
0.0121521
0.0136756
0.012249
0.0116104
0.0115519
0.0100636
0.0117928
0.00950266
0.0108484
0.0128849
0.0171574
0.0121463
0.0128488
0.010596
0.00931549
0.0141654
0.0126448
0.0113801
0.0120878
0.0108863
0.0135399
0.0132926
0.0130898
0.0115925
0.0134495
0.0108191
0.0139693
0.0109302
0.0126493
0.0112573
0.01591
0.011858
0.0111428
0.0125165
0.00992043
0.0104154
0.00995344
0.00991852
0.011055
0.0108571
0.0100055
0.00983843
0.0105613
0.0100481
0.0118279
0.0104113
0.0136261
0.0131085
0.0101167
0.0115474
0.0125735
0.0121819
0.0105799
0.011861
0.00943946
0.00947721
0.00953192
0.0120614
0.012932
0.0141132
0.010987
0.0107927
0.0142028
0.0126006
0.0108021
0.0122347
0.0121392
0.0132424
0.0139597
0.013181
0.0124921
0.00899856
0.0136686
0.0115633
0.0140213
0.0134926
0.0135622
0.0125424
0.012248
0.0126119
0.0135249
0.0116386
0.0134882
0.0117446
0.0119935
0.0125447
0.0122744
0.01067
0.012704
0.0122673
0.0120416
0.0112566
0.0127125
0.0117807
0.0126331
0.0141555
0.011922
0.0131133
0.0113451
0.0119671
0.0112897
0.0105728
0.0121411
0.0119982
0.0134671
0.0122175
0.0141847
0.0111162
0.00951427
0.0112798
0.0124869
0.0132973
0.0139574
0.0147586
0.0131077
0.0111597
0.0111373
0.00957821
0.0139943
0.01051
0.00965663
0.0115319
0.0115411
0.0110309
0.0133676
0.0133166
0.013285
0.0133415
0.0144003
0.0149955
0.0151518
0.0122532
0.0126934
0.0126886
0.0111667
0.011264
0.0129722
0.0122875
0.0114045
0.013188
0.0112218
0.0100987
0.0110811
0.00967482
0.0100763
0.00918501
0.00965021
0.00891864
0.00984946
0.00947154
0.0100538
0.0100293
0.00997541
0.0110625
0.0105587
0.0111476
0.0107613
0.0112366
0.0160699
0.0167962
0.0130984
0.0135176
0.0113878
0.0109324
0.0106465
0.0136298
0.0132167
0.00892664
0.0108645
0.0125999
0.0137812
0.0115248
0.0121973
0.012933
0.0127046
0.0122838
0.0107599
0.0116888
0.0128725
0.0120948
0.0134096
0.0126133
0.0129359
0.0115308
0.0128413
0.0157489
0.0118691
0.0141189
0.0129418
0.0125584
0.0156175
0.0132046
0.0117685
0.0127135
0.0120638
0.0115468
0.0126402
0.012587
0.010219
0.0138951
0.0136457
0.0142165
0.0110442
0.012937
0.0127524
0.00964679
0.0136932
0.0131911
0.0131141
0.0134984
0.0113256
0.0114749
0.0121047
0.0100923
0.0143853
0.0130061
0.0136047
0.0130477
0.0126232
0.009115
0.0123052
0.0136351
0.0125316
0.0117561
0.0134427
0.0130969
0.00938332
0.00947454
0.00948636
0.0133103
0.0127574
0.00954375
0.0110329
0.0103391
0.0115704
0.0113241
0.0102689
0.0120481
0.0136083
0.0135357
0.01171
0.0122939
0.0133671
0.0125642
0.0122158
0.011871
0.0122833
0.0132127
0.0146899
0.012824
0.014823
0.0107797
0.0119036
0.0135034
0.0129392
0.00808476
0.0106032
0.00877349
0.0108708
0.0123973
0.0127346
0.0107318
0.0110699
0.0106421
0.00901909
0.0105766
0.0106786
0.00953543
0.00933801
0.00931382
0.00943096
0.0111774
0.00960819
0.0105197
0.0118078
0.0112699
0.010754
0.0114913
0.014203
0.014588
0.0144824
0.0153403
0.0110222
0.0115525
0.0138089
0.0125098
0.0130817
0.0147526
0.00913795
0.0127078
0.0112567
0.0131076
0.0109343
0.0150149
0.0130288
0.0131705
0.0119425
0.0127647
0.0127441
0.0118344
0.0116707
0.0128393
0.0135218
0.0126077
0.0118514
0.0116972
0.0101968
0.0118026
0.0129073
0.0116568
0.0099681
0.013707
0.0129144
0.0125033
0.0151677
0.014178
0.0152044
0.0124416
0.0121863
0.0120848
0.011874
0.0127528
0.0124648
0.0125404
0.0138911
0.0124699
0.0134355
0.0122369
0.0130291
0.0127598
0.0106245
0.0127688
0.0117595
0.012888
0.0130121
0.0114223
0.0154454
0.0104519
0.013661
0.0115039
0.0117011
0.0132944
0.0125455
0.0121694
0.0107673
0.00959372
0.0115512
0.0120112
0.0135932
0.0131027
0.00996662
0.0101183
0.0103514
0.00921624
0.00873507
0.0090999
0.0109314
0.0101593
0.0118259
0.011246
0.0113673
0.00992746
0.0107827
0.013426
0.0132808
0.0144106
0.01343
0.0131326
0.0133807
0.0133223
0.0147851
0.0142321
0.0119299
0.0114546
0.0133335
0.0126284
0.0109861
0.0102305
0.0109461
0.0151928
0.0148358
0.0124951
0.0119787
0.0135406
0.0105779
0.0110463
0.00896833
0.0113998
0.0106616
0.0101281
0.0106356
0.0101177
0.0102177
0.00959263
0.0108651
0.0103229
0.0114972
0.00985107
0.0105499
0.0135848
0.0139459
0.0141689
0.0143705
0.0121195
0.0118584
0.011475
0.0107007
0.0130241
0.0128247
0.0137551
0.0148623
0.011203
0.0116326
0.0103193
0.0123627
0.010557
0.0112475
0.0110546
0.0128612
0.0113659
0.0118914
0.010923
0.0125415
0.0134529
0.012385
0.0118707
0.0107907
0.0120245
0.0120239
0.0107501
0.0136403
0.0129433
0.0116749
0.0135981
0.0109312
0.011916
0.0120218
0.0145155
0.0107017
0.0122278
0.0124495
0.0132012
0.0114203
0.012373
0.0125655
0.0111491
0.0120747
0.0119279
0.0102493
0.0120142
0.0133067
0.0114531
0.00779565
0.0106597
0.0124088
0.0115378
0.0140477
0.0095086
0.0116843
0.0119791
0.0118421
0.00856251
0.0106372
0.0111894
0.0135156
0.00908881
0.0119037
0.0133949
0.0122228
0.0119864
0.0121931
0.0128436
0.0129839
0.00962162
0.00975938
0.0133448
0.0114259
0.0105079
0.0117221
0.00992024
0.01019
0.0112254
0.0110175
0.0120482
0.0104017
0.0117241
0.0104335
0.0125598
0.0135645
0.0134723
0.0141256
0.0135628
0.0142098
0.014026
0.0133333
0.0129307
0.013345
0.013583
0.011844
0.0119201
0.012333
0.0109743
0.0132833
0.0144041
0.00911428
0.0141528
0.0081835
0.0154205
0.015324
0.01518
0.015728
0.013753
0.0123905
0.0100961
0.0111383
0.00963853
0.0101537
0.00870431
0.00974888
0.00887752
0.0089079
0.00873598
0.00915101
0.0102134
0.00990373
0.0115607
0.0103831
0.0126147
0.0133786
0.0117698
0.0144539
0.0147069
0.0126401
0.0101947
0.0109549
0.011119
0.0140027
0.0122003
0.0131428
0.0117493
0.0095715
0.0107646
0.0128802
0.0116029
0.013235
0.0132011
0.0134135
0.0126983
0.0115879
0.0107933
0.0113216
0.0122377
0.00973331
0.0110052
0.0132057
0.0123794
0.0103461
0.0120405
0.0120413
0.0122693
0.0113255
0.00990805
0.0126772
0.0125188
0.0103674
0.0120638
0.0121298
0.012025
0.0111904
0.0118986
0.0122787
0.0141365
0.0113361
0.0109025
0.0161009
0.0128068
0.0117025
0.0118691
0.012305
0.0115747
0.0112963
0.0151035
0.0105195
0.0157837
0.0100297
0.0138471
0.0135671
0.00994273
0.0123445
0.0144324
0.0120896
0.0140858
0.0101212
0.00873219
0.0165821
0.0110927
0.0107265
0.0124194
0.0118763
0.0131857
0.0107304
0.0119104
0.0141528
0.0138136
0.00980436
0.00919575
0.0132598
0.0118035
0.0107337
0.0106593
0.00991236
0.00969565
0.0109908
0.0117864
0.0094181
0.0103496
0.0104557
0.011109
0.0107795
0.0137375
0.0121917
0.0128069
0.0115712
0.0135317
0.0136365
0.0121137
0.0135055
0.0134982
0.0146486
0.0131149
0.0137735
0.0094789
0.0112943
0.0138721
0.00811661
0.00802773
0.0127842
0.0150818
0.0154813
0.0139015
0.0112131
0.0125274
0.0110314
0.0107664
0.0110104
0.0088438
0.00897877
0.0109764
0.00901404
0.00903569
0.0101734
0.00889735
0.0114056
0.0107272
0.0108745
0.0122397
0.0120409
0.0118041
0.0110812
0.0146685
0.0149193
0.0126692
0.0116367
0.0114357
0.012863
0.010546
0.00918761
0.0124749
0.0116817
0.0111027
0.0126782
0.0124663
0.0126357
0.0104987
0.011735
0.0126546
0.0090934
0.0130031
0.0175622
0.011267
0.0101415
0.0113745
0.0138751
0.0135023
0.0116619
0.0111642
0.0130125
0.0116542
0.0136187
0.0116214
0.0121885
0.0101165
0.0123131
0.012165
0.0117191
0.012313
0.0121528
0.0119193
0.0130802
0.0116543
0.0119998
0.0123531
0.00993286
0.0112214
0.0120592
0.0113319
0.0118757
0.012463
0.0132085
0.0117342
0.0125326
0.0117634
0.0122231
0.0131627
0.0117981
0.0117579
0.0107276
0.0121658
0.0101206
0.0119004
0.0118556
0.0119272
0.0116569
0.0142856
0.0121044
0.0120794
0.0116053
0.0133695
0.0110983
0.0143462
0.0103368
0.0119852
0.0127923
0.0129467
0.0120267
0.0128842
0.0141903
0.0130117
0.0136861
0.0136321
0.0115769
0.0113251
0.0148043
0.0124733
0.0114808
0.0110903
0.0100091
0.0124771
0.0122465
0.0110995
0.0119797
0.00954627
0.0118803
0.0124824
0.0133794
0.0123883
0.0107877
0.0101651
0.0112797
0.0126035
0.0115535
0.0115248
0.0109833
0.0111692
0.00982618
0.00965526
0.00946087
0.0097943
0.00950039
0.00948183
0.0113352
0.0113733
0.00995523
0.0133939
0.0145386
0.0136351
0.013293
0.0148084
0.0140767
0.0106545
0.0136241
0.00985148
0.0152915
0.00830471
0.00822841
0.0152696
0.00950727
0.0127556
0.0130554
0.0154215
0.0133474
0.0118583
0.0133494
0.00956152
0.0110783
0.0102693
0.0113259
0.00905809
0.0108302
0.0098508
0.0102788
0.0101134
0.00970356
0.0111415
0.0100816
0.0118468
0.0101337
0.0109358
0.0118111
0.0107175
0.0146976
0.0121208
0.0137839
0.0114716
0.0119057
0.0118281
0.0115619
0.0108616
0.0117418
0.014242
0.0140286
0.0153066
0.0114131
0.0110069
0.0118778
0.0111667
0.012159
0.0120878
0.0121577
0.0138926
0.0130041
0.0124194
0.0123062
0.0140027
0.0129531
0.012075
0.0138104
0.0139334
0.0147573
0.0116997
0.0106747
0.0123984
0.0120244
0.0120532
0.0138822
0.0112182
0.0118076
0.0119218
0.0117107
0.0121968
0.0116964
0.0117377
0.0114484
0.0124745
0.0121272
0.00866308
0.0133617
0.012353
0.0121052
0.0140432
0.0103425
0.0107203
0.0108049
0.0117808
0.0120692
0.0101608
0.0124722
0.0110967
0.0118811
0.0136774
0.0136158
0.0113648
0.0104215
0.0123138
0.0116098
0.0117632
0.0140894
0.0133715
0.0124594
0.0122969
0.0130402
0.0147608
0.010914
0.0110761
0.0112432
0.0115143
0.0126891
0.0132285
0.0126602
0.0122119
0.0110926
0.0108584
0.0132354
0.0115665
0.0114439
0.0107094
0.00977659
0.00961006
0.00958808
0.0103196
0.00935108
0.00965519
0.0111148
0.0110057
0.0109994
0.0134974
0.0133853
0.0141233
0.0135973
0.0142221
0.0141225
0.0132477
0.0130753
0.0134363
0.0118001
0.0126345
0.0118783
0.0109338
0.012806
0.0107191
0.0122233
0.011646
0.0112105
0.0129132
0.0110194
0.0108909
0.0111908
0.0113513
0.0126791
0.0120468
0.0120818
0.0119966
0.0106507
0.0109698
0.00953866
0.0103587
0.00921403
0.00935569
0.00948706
0.00936283
0.0102863
0.00889019
0.0106353
0.00869987
0.0115867
0.0103689
0.0127411
0.0104627
0.0109937
0.0117666
0.010962
0.0106733
0.0118139
0.0109751
0.0112854
0.012131
0.0118446
0.0100057
0.010895
0.0121904
0.0129044
0.0126059
0.010233
0.0141145
0.013843
0.0117483
0.0119107
0.0139452
0.0105292
0.0121326
0.0126165
0.0108846
0.00968925
0.0120536
0.0115692
0.0133265
0.0120185
0.0119952
0.0138138
0.0114358
0.0101935
0.0136304
0.0136316
0.0106404
0.0111735
0.013783
0.0119158
0.0107159
0.0122
0.0107834
0.0101935
0.0117144
0.0128145
0.0113512
0.0123848
0.0114945
0.0140058
0.0149963
0.0119272
0.0119308
0.0118876
0.0113064
0.0110661
0.0117488
0.0118625
0.0120353
0.012453
0.0125991
0.011785
0.0120938
0.0117854
0.0135324
0.0122245
0.0100286
0.0109896
0.0117834
0.0114138
0.0128589
0.0120259
0.0120103
0.0109162
0.0119417
0.0159164
0.0126046
0.0120833
0.01354
0.0134453
0.0122015
0.0116459
0.0115788
0.0117579
0.0130892
0.011732
0.011242
0.0141048
0.0118922
0.0115252
0.0122824
0.0124631
0.0119997
0.0136698
0.0111793
0.0126862
0.0133145
0.012476
0.0118199
0.0141703
0.0120063
0.0108394
0.0112291
0.0122317
0.0137604
0.0123116
0.010636
0.0116131
0.00984884
0.00963223
0.0109073
0.0108127
0.0094421
0.00957956
0.0109567
0.0110137
0.0120788
0.0111319
0.0141925
0.0132748
0.0117864
0.0112417
0.0117822
0.0128509
0.0136156
0.0132465
0.0135015
0.0135828
0.0137589
0.0109413
0.00982054
0.0120586
0.0124479
0.0114712
0.0112389
0.0115814
0.0150099
0.0108011
0.00995212
0.0108071
0.0118204
0.0117607
0.0103121
0.0102119
0.00974887
0.0101905
0.0100569
0.00919664
0.00913458
0.00929238
0.00961077
0.00939142
0.0114023
0.0097162
0.0109041
0.0121474
0.0120553
0.0119687
0.0110933
0.0109732
0.0139012
0.0107121
0.0134666
0.0107291
0.0128545
0.0114637
0.0128971
0.01145
0.013616
0.0105774
0.0125857
0.0108048
0.0139724
0.00953884
0.0108525
0.0125602
0.012671
0.0132356
0.00956482
0.0108503
0.0121221
0.0135456
0.0121392
0.0129326
0.0110258
0.0116415
0.0127289
0.0129142
0.0122178
0.0138683
0.0137909
0.0103564
0.0110453
0.0111167
0.0112843
0.0116838
0.0111281
0.0115224
0.0114314
0.0155984
0.013278
0.0134263
0.0113759
0.0116195
0.0107731
0.0134383
0.0131889
0.0121633
0.0117588
0.0140687
0.0124645
0.0116895
0.0118395
0.0106135
0.0109728
0.0113885
0.0110578
0.0120447
0.0118479
0.0135604
0.0120645
0.0123787
0.0120638
0.0120165
0.0119054
0.0110739
0.0143297
0.0142613
0.00943485
0.0137531
0.0103763
0.0119545
0.0134459
0.0117223
0.0123285
0.0130905
0.0123716
0.0131819
0.0132661
0.010808
0.0115714
0.0118904
0.0133171
0.0107146
0.0120846
0.0118281
0.0119612
0.0118868
0.0134528
0.00959823
0.0109855
0.0120823
0.0113491
0.0134526
0.0127759
0.0116789
0.0133752
0.00999345
0.013344
0.0125203
0.0114272
0.0115658
0.0128869
0.013813
0.0116406
0.0103695
0.0123304
0.0109068
0.0106286
0.0098891
0.00889568
0.00925678
0.00936468
0.0094563
0.0131723
0.00933583
0.0115439
0.0119598
0.0107918
0.0131806
0.01345
0.0125731
0.0131957
0.0128248
0.0130924
0.011924
0.00951795
0.0108475
0.0138636
0.0148398
0.0125958
0.0123294
0.0152393
0.0119244
0.0103069
0.0126458
0.0127722
0.0120973
0.0124145
0.0121723
0.011471
0.0137101
0.0123987
0.0139249
0.0135759
0.0101144
0.0111097
0.00962268
0.0106958
0.0100779
0.0111764
0.0100764
0.0100767
0.0103117
0.0102952
0.00962108
0.0106751
0.0111045
0.0101077
0.0118084
0.0101155
0.0106837
0.01215
0.00904278
0.0141543
0.00992936
0.00863366
0.0117168
0.0126407
0.0119828
0.0115846
0.0108196
0.0111844
0.0123563
0.0142493
0.0141672
0.0125183
0.0107224
0.0128131
0.0112007
0.0123079
0.0098274
0.0146313
0.0142824
0.0134139
0.0140736
0.00967262
0.0123181
0.0131309
0.0119099
0.014033
0.0140252
0.0117274
0.010344
0.0102037
0.0122331
0.0114483
0.0118081
0.0113491
0.011982
0.0111173
0.0127317
0.0111638
0.0111523
0.0115463
0.0106102
0.0114721
0.0119771
0.0116941
0.0116347
0.0115189
0.0105114
0.0117652
0.0114308
0.0112456
0.0110297
0.012035
0.0110288
0.0137207
0.0141235
0.0109269
0.0100294
0.0105942
0.0124538
0.0122805
0.0144772
0.01215
0.0126955
0.0109905
0.012262
0.00945962
0.0128605
0.0115207
0.012831
0.0126709
0.0135646
0.0112915
0.0122952
0.013039
0.0103734
0.0117386
0.0126474
0.0132823
0.0109448
0.0110436
0.0132538
0.0124822
0.0108399
0.00978113
0.0126501
0.0121457
0.00992136
0.0105893
0.00916775
0.00999292
0.00976295
0.0106873
0.0101214
0.0089316
0.0117428
0.0118055
0.010828
0.0123188
0.013236
0.0135007
0.0126002
0.0137552
0.0133987
0.0132447
0.0139751
0.0129747
0.0134782
0.0118351
0.0129051
0.0109241
0.0132402
0.0115484
0.0133524
0.0122659
0.012653
0.0142975
0.0125456
0.0124952
0.0125297
0.0131336
0.0115434
0.0128326
0.0111041
0.0113369
0.0121768
0.0149054
0.0126151
0.0109508
0.0110834
0.0102671
0.0106201
0.0105572
0.00962612
0.00917158
0.0105838
0.00919881
0.00935811
0.0103146
0.00919511
0.00974753
0.010187
0.0111744
0.0102103
0.0111685
0.0116817
0.0124177
0.0116128
0.0126829
0.0126764
0.0142972
0.0147478
0.0138115
0.0153007
0.00997388
0.0112418
0.0111286
0.0132613
0.0120912
0.0107548
0.0119655
0.0120997
0.0125876
0.0133167
0.0115827
0.0124825
0.00994365
0.0103292
0.0112047
0.0134728
0.0120502
0.0128983
0.0121936
0.0120846
0.0119484
0.0126437
0.0103737
0.0116997
0.0102044
0.0116478
0.0133395
0.013655
0.0117374
0.0107278
0.0120995
0.0112933
0.0114248
0.0101155
0.0102139
0.0119813
0.0111514
0.0129525
0.0118909
0.0119078
0.0150672
0.0114009
0.0137179
0.0112184
0.0110952
0.0116288
0.0121061
0.0112305
0.0115125
0.0137437
0.011873
0.0130852
0.0132478
0.0102166
0.0105579
0.0119858
0.0122689
0.0107191
0.0151845
0.0124055
0.012002
0.0109741
0.0140816
0.0124511
0.0108138
0.0121248
0.0111193
0.0113043
0.0134607
0.011692
0.0111791
0.0119806
0.0122623
0.0129858
0.0129721
0.0109425
0.0109137
0.0131653
0.011444
0.0117678
0.0141197
0.0110047
0.011298
0.0123441
0.0115176
0.0115087
0.00942441
0.0111595
0.0124175
0.00976218
0.011375
0.00987
0.00960609
0.0107755
0.0110028
0.00944588
0.0101986
0.0109871
0.0130488
0.0122295
0.0116824
0.0137103
0.012066
0.0101738
0.0131291
0.0142322
0.0131511
0.0129329
0.0162872
0.0126987
0.0116365
0.015029
0.0126864
0.0124825
0.0106724
0.0126519
0.0125898
0.0125787
0.0130571
0.0120251
0.0117854
0.0109215
0.0114393
0.0141439
0.0120986
0.0124848
0.011233
0.0111351
0.0117699
0.0132322
0.00963738
0.0109975
0.01058
0.00975375
0.00964352
0.0109659
0.00936098
0.0113257
0.010359
0.0095375
0.0109642
0.0106468
0.0117839
0.0121898
0.0107632
0.0113914
0.0141389
0.0148553
0.0139218
0.0115715
0.00968066
0.0112988
0.0117356
0.0116326
0.0112147
0.0107005
0.012128
0.0091258
0.0101709
0.0120712
0.0122856
0.0124343
0.0118681
0.0108667
0.0108649
0.0139222
0.0118396
0.0105246
0.0108109
0.00922718
0.0127783
0.0121374
0.0116095
0.0117192
0.0112336
0.0113531
0.0125354
0.0122664
0.0145567
0.0143952
0.00993728
0.0118204
0.013922
0.0108381
0.0113434
0.0113036
0.0120633
0.0115022
0.0115384
0.0108916
0.0127811
0.0129249
0.0121694
0.0132793
0.0150106
0.0135114
0.0104015
0.0120566
0.0107341
0.0114965
0.0116073
0.0118786
0.0117486
0.0127002
0.0135605
0.0123464
0.0115175
0.0132731
0.010089
0.0139096
0.0123806
0.0119457
0.00994178
0.0127115
0.0113416
0.0109596
0.0126716
0.0120126
0.0127819
0.0144599
0.012024
0.0118099
0.0131213
0.0125299
0.00973826
0.0113028
0.012104
0.0101084
0.0139328
0.0124847
0.0121696
0.0103073
0.011778
0.0133851
0.0142516
0.0144203
0.0131539
0.0100595
0.00932774
0.0127662
0.0117504
0.0103969
0.0110169
0.0123792
0.0116713
0.0130644
0.0139217
0.0124774
0.0121578
0.0101768
0.0138516
0.012272
0.0101081
0.0118749
0.0118111
0.0124624
0.0125115
0.0109784
0.0101694
0.0114191
0.0120049
0.0111622
0.0111871
0.0115871
0.0111196
0.010127
0.00956682
0.0098309
0.00905375
0.0119552
0.0134718
0.00924136
0.0116964
0.0121958
0.0120685
0.0121533
0.0118734
0.0095157
0.00972485
0.0131584
0.0102837
0.0114328
0.0134315
0.0133174
0.0140168
0.0134444
0.0140629
0.0139119
0.0124179
0.0120093
0.0124083
0.01098
0.0144062
0.0117792
0.014782
0.0132615
0.0116188
0.0110634
0.0101233
0.0118288
0.0129304
0.0116311
0.0115865
0.00964499
0.0145347
0.0114854
0.0121213
0.0106932
0.0104695
0.0105772
0.0127645
0.0115014
0.0143254
0.0101697
0.0111778
0.010803
0.0100394
0.00903246
0.0115888
0.0115803
0.00973351
0.00950312
0.0104658
0.00982266
0.00947049
0.00972156
0.0116604
0.0101994
0.0126173
0.0140823
0.0125395
0.0104418
0.0148955
0.0106516
0.0113021
0.00891309
0.0110816
0.010996
0.0114152
0.0110668
0.012216
0.011364
0.0126597
0.0117411
0.012124
0.0123906
0.0104725
0.010197
0.0118562
0.0112404
0.0130994
0.0103817
0.0131813
0.0114403
0.0118815
0.0102327
0.0134886
0.0106551
0.0122299
0.0109707
0.0136608
0.0114939
0.0113127
0.00969756
0.00901506
0.0119174
0.0119135
0.0114877
0.0111497
0.0121068
0.0139495
0.0118149
0.0136731
0.0122164
0.0112679
0.0118688
0.0137075
0.0110361
0.0112414
0.015633
0.010948
0.00979779
0.0118854
0.0118953
0.0118683
0.0121649
0.0121166
0.0117132
0.0115203
0.0117119
0.0121417
0.0125398
0.0117683
0.0123391
0.0105031
0.0101417
0.00879467
0.0116322
0.0117879
0.0127862
0.0140512
0.0120663
0.0115291
0.0118027
0.0105043
0.01199
0.0101778
0.0117351
0.0104191
0.0122825
0.0113555
0.0107347
0.0105024
0.0112581
0.013418
0.0107893
0.0117046
0.0104875
0.0139201
0.0102191
0.0118489
0.0123175
0.011227
0.012848
0.0102451
0.00969991
0.00955362
0.0107355
0.0120788
0.0108708
0.0123322
0.0108977
0.011743
0.0123254
0.0128647
0.0144193
0.013344
0.011925
0.0107038
0.00927413
0.0128079
0.0100739
0.0106693
0.0101869
0.0103909
0.0125756
0.0119481
0.010971
0.0131964
0.0139414
0.0135204
0.0132815
0.0116477
0.0142122
0.00983683
0.0109014
0.0104504
0.0109239
0.012945
0.0109098
0.0117297
0.0134957
0.0101726
0.0139446
0.0108605
0.0107407
0.0108159
0.0106463
0.010783
0.0109863
0.00912015
0.0111932
0.0132452
0.0112611
0.0118426
0.0115892
0.0120419
0.0124235
0.0121975
0.0132087
0.0101719
0.0102422
0.00984178
0.0108319
0.0130646
0.011602
0.0102926
0.0131199
0.0111452
0.0109834
0.0106443
0.0116519
0.0135181
0.0114383
0.011596
0.0134035
0.0113285
0.0115826
0.0105804
0.0120764
0.0133457
0.0130444
0.0110226
0.0110492
0.012693
0.0136292
0.0112357
0.0156975
0.0111272
0.012593
0.0107854
0.0113699
0.00969718
0.010262
0.0117661
0.0115301
0.0105887
0.0103154
0.0100061
0.0101676
0.0101598
0.0108591
0.00947738
0.0092876
0.00959531
0.00909078
0.0111469
0.00975815
0.0108027
0.0120234
0.0120464
0.0142438
0.0134142
0.0125059
0.010946
0.0107903
0.0125666
0.0103152
0.00935306
0.00996582
0.0120028
0.0105674
0.0115926
0.0127076
0.0105679
0.010448
0.0114356
0.0128449
0.0114002
0.0116217
0.0144432
0.011126
0.0137138
0.0118663
0.0111605
0.011129
0.0103645
0.0100771
0.0106447
0.0114267
0.0127874
0.0114737
0.010158
0.0138079
0.0124944
0.0126176
0.0149795
0.0132769
0.0141872
0.0132736
0.0137593
0.00928269
0.0103917
0.0118143
0.0120336
0.0117564
0.0113254
0.0103754
0.0101484
0.0108553
0.01019
0.0113851
0.0104021
0.0121768
0.0116928
0.0116762
0.0114263
0.0117595
0.011941
0.0134209
0.012057
0.013534
0.0123936
0.0108766
0.0121826
0.0117575
0.00995739
0.0110117
0.0116293
0.0110427
0.0109096
0.0117393
0.0102677
0.00912192
0.0104351
0.0092111
0.0113331
0.0108272
0.0105678
0.0115111
0.0106514
0.0118858
0.0144569
0.0110551
0.0123514
0.0117409
0.011697
0.0136866
0.0128628
0.0114109
0.010181
0.01313
0.0127931
0.0129084
0.0113863
0.0109024
0.0128161
0.0102458
0.0106099
0.0109109
0.00965119
0.00973754
0.0116789
0.0107356
0.0111692
0.0103997
0.0104066
0.0133759
0.0130948
0.01128
0.0133577
0.0116218
0.012043
0.0106633
0.0142779
0.00981532
0.0116958
0.0131636
0.0127053
0.0122589
0.00993224
0.0129953
0.0113827
0.0102554
0.0113145
0.016526
0.0101311
0.0116824
0.0112324
0.0121809
0.0104766
0.0111034
0.0109094
0.0117871
0.0119664
0.0106075
0.0108117
0.0113171
0.0121184
0.0108452
0.0135378
0.0104004
0.00933538
0.00954457
0.00954137
0.0104361
0.010455
0.0100336
0.0117197
0.0134542
0.0125237
0.010899
0.0113559
0.0119499
0.0103345
0.0132792
0.010948
0.0124908
0.0112035
0.00915006
0.00965527
0.0129588
0.0112108
0.00976814
0.0107595
0.0113302
0.0101521
0.011438
0.0132412
0.0115984
0.0122432
0.012007
0.012205
0.0117236
0.0128642
0.00981401
0.0108096
0.0111023
0.0107288
0.0122899
0.0118376
0.0111076
0.00996024
0.0133014
0.0122258
0.0126166
0.0127656
0.011456
0.0102309
0.0111266
0.0121829
0.010481
0.0106379
0.0115064
0.0123485
0.0116122
0.0124834
0.0124085
0.0122736
0.0124027
0.00971155
0.0100991
0.0102028
0.00981074
0.00969781
0.00990009
0.0126343
0.0102423
0.0103539
0.0105213
0.0129994
0.0132881
0.0125942
0.0142565
0.0108453
0.0114419
0.0104609
0.0131639
0.0117587
0.0127432
0.0127882
0.0112219
0.0116688
0.0126365
0.0105945
0.00998584
0.0117013
0.0113867
0.0123743
0.00930921
0.0102409
0.0104533
0.0124602
0.0111254
0.0110504
0.0105676
0.0123938
0.0104758
0.011706
0.0117681
0.0124055
0.0103798
0.0122991
0.00995715
0.0111801
0.010368
0.0120369
0.00991566
0.0111859
0.0112285
0.0107014
0.0106398
0.00903951
0.0107955
0.00984906
0.0117294
0.0100582
0.0106056
0.0103402
0.0111166
0.00986168
0.013108
0.0117139
0.010645
0.0116739
0.0120959
0.0102998
0.0108777
0.00965762
0.0103352
0.0106086
0.0135103
0.0113846
0.00997263
0.011327
0.0108186
0.0139568
0.0122748
0.0107289
0.0103429
0.00881211
0.0125012
0.00882498
0.0130989
0.0109359
0.0111103
0.0108917
0.0124189
0.0104412
0.0123594
0.0128145
0.011636
0.0117993
0.0109126
0.0117747
0.0116185
0.0119097
0.0134791
0.0130235
0.0115073
0.0111348
0.0113372
0.0127011
0.0125957
0.0096021
0.00977699
0.0112457
0.0143287
0.0101113
0.0150402
0.0145435
0.014327
0.0101739
0.0115009
0.0110021
0.0129036
0.0106977
0.0110996
0.00998189
0.0106503
0.011653
0.0111075
0.0106108
0.0113745
0.0108806
0.0115399
0.0117757
0.0110509
0.0102007
0.0102627
0.0122466
0.01166
0.0119105
0.0108607
0.0106691
0.0117529
0.0104902
0.00925147
0.0102098
0.0116883
0.0115398
0.0102531
0.0116207
0.0116011
0.0115809
0.00989201
0.0113684
0.00961195
0.0125108
0.0101972
0.0110666
0.01188
0.0140521
0.0121205
0.0118961
0.0108118
0.0122969
0.0113461
0.0102543
0.010571
0.0101696
0.00900432
0.00937874
0.0112278
0.0102846
0.00942931
0.0120227
0.0116193
0.0105684
0.0118679
0.0116054
0.00931213
0.0100841
0.00944031
0.0103165
0.00913238
0.0131197
0.0110807
0.0120549
0.0115835
0.0115831
0.0112804
0.0123864
0.0125828
0.0127813
0.00918795
0.012325
0.0100698
0.0105829
0.0147764
0.0120834
0.0123254
0.0130723
0.011015
0.00984959
0.0119815
0.012356
0.0107257
0.0109091
0.0124167
0.011119
0.0102203
0.0102753
0.0108462
0.0115737
0.014979
0.0118335
0.0100639
0.0152601
0.012565
0.00906504
0.0108548
0.0111813
0.0111331
0.0101208
0.00952138
0.00871154
0.0135638
0.0102339
0.0119642
0.0114745
0.0112945
0.0127929
0.0107379
0.0136064
0.0119669
0.0164969
0.0117993
0.0115186
0.0116528
0.0109432
0.0116891
0.0104776
0.0126061
0.01289
0.0119297
0.00902634
0.0121498
0.0101599
0.0109806
0.0101937
0.0116796
0.0115968
0.0110884
0.0122583
0.0097455
0.00957863
0.0106191
0.00996954
0.016557
0.0119236
0.0119624
0.0134512
0.0110746
0.0119608
0.0127711
0.0112655
0.0129711
0.0117522
0.01199
0.0110683
0.0110085
0.0121098
0.0137932
0.0116022
0.0120462
0.0104823
0.0121851
0.0120285
0.0126628
0.0131232
0.0119797
0.0135743
0.0120791
0.0123712
0.0125179
0.0121944
0.0136609
0.0110923
0.0126861
0.00998063
0.0120481
0.0124932
0.00997716
0.0114118
0.0104099
0.0123039
0.0117082
0.0120884
0.00887872
0.0105827
0.010324
0.0103632
0.0114101
0.010312
0.0104478
0.00957914
0.0133828
0.0114972
0.0106519
0.0116864
0.0129684
0.0112856
0.01246
0.0138793
0.0129274
0.0134238
0.012047
0.011627
0.0117228
0.0118058
0.0107482
0.0106003
0.0105357
0.0111595
0.0126528
0.0126643
0.0111083
0.0116798
0.0124313
0.011423
0.00994442
0.0138619
0.00974777
0.0097835
0.0111572
0.0103041
0.0112618
0.00930387
0.0101205
0.00964819
0.0101881
0.0106913
0.00942839
0.00922627
0.00964072
0.0091772
0.0111228
0.0101474
0.00917384
0.013494
0.0122533
0.0131032
0.013802
0.0110398
0.0116182
0.0100728
0.0116522
0.0100551
0.0104774
0.00914864
0.00943302
0.0105078
0.00946101
0.0103682
0.0108655
0.0091361
0.00918292
0.010403
0.0100797
0.0120676
0.0129831
0.0105168
0.0141689
0.0153016
0.0119304
0.00856136
0.00841749
0.0102236
0.00836584
0.0139542
0.0117737
0.011662
0.0115025
0.0114554
0.011451
0.0132788
0.0108077
0.0110656
0.0102287
0.0121341
0.0111452
0.0130605
0.00988607
0.00916045
0.0106828
0.00981834
0.0116646
0.0133715
0.0131211
0.00925413
0.0140673
0.0105203
0.0119614
0.0114661
0.0135909
0.0137182
0.0129303
0.0125889
0.0116837
0.0106282
0.0124388
0.012267
0.00908552
0.00977961
0.0107249
0.009785
0.0122633
0.0120604
0.0119643
0.0109195
0.0102193
0.0102069
0.0126943
0.0113941
0.010089
0.0129243
0.0109948
0.0121686
0.0105581
0.0108637
0.0160653
0.0114793
0.00917736
0.0110123
0.0130382
0.0134077
0.0106864
0.0119328
0.0125817
0.0125913
0.010912
0.0111634
0.0109995
0.0100184
0.00914539
0.0108684
0.0114405
0.0103082
0.00945915
0.012872
0.0143355
0.0145031
0.0113603
0.010417
0.0118462
0.0150858
0.0124323
0.0127719
0.0123206
0.0106716
0.0169451
0.0123618
0.00834474
0.0106202
0.0149249
0.00920984
0.0121699
0.0131936
0.0111118
0.0101573
0.00924184
0.00930684
0.01148
0.0101362
0.0113111
0.0126165
0.011174
0.0116962
0.0104468
0.0112283
0.0104977
0.00827064
0.00852915
0.0138309
0.0147298
0.0120169
0.00970466
0.0131814
0.0117196
0.0127018
0.0119882
0.0116066
0.010693
0.0123453
0.0114286
0.0112927
0.0109228
0.0111522
0.010297
0.00917167
0.0109582
0.0108395
0.0122592
0.0103234
0.00957321
0.0139903
0.0115656
0.0105521
0.0114317
0.0125232
0.00998693
0.0104687
0.00912007
0.00968187
0.0110193
0.0122886
0.0133417
0.010618
0.00931311
0.0093763
0.0096607
0.0107211
0.00937319
0.0112765
0.0107697
0.0126066
0.0131897
0.0129103
0.0119243
0.013204
0.0106432
0.0118085
0.0140961
0.0118072
0.0118678
0.0123444
0.0123411
0.0130692
0.01243
0.00989797
0.0095855
0.0099186
0.00936728
0.0123079
0.0129938
0.0112192
0.0126209
0.0118601
0.00997625
0.0101478
0.00985821
0.0145059
0.0111603
0.0100117
0.0107895
0.0103275
0.0104015
0.00943424
0.00925397
0.0109897
0.00910626
0.0113308
0.0124843
0.0102317
0.0113286
0.0115012
0.00963561
0.0114066
0.0117007
0.0116143
0.0134657
0.0106541
0.0101421
0.00971257
0.0130602
0.0126003
0.0100847
0.0122448
0.0109903
0.0103765
0.0136937
0.014093
0.00955641
0.0124035
0.0106142
0.0123694
0.0108581
0.0136916
0.0128413
0.0114805
0.0107301
0.00946562
0.00978243
0.0113164
0.0112105
0.00940535
0.0114763
0.0113102
0.0111688
0.0111853
0.00901496
0.0116217
0.00906221
0.0110011
0.0098401
0.0101232
0.0103992
0.0112374
0.0107088
0.0140132
0.0110406
0.012995
0.0112417
0.0111176
0.0092953
0.0133504
0.0115642
0.0110672
0.0109425
0.00951206
0.0116128
0.00959281
0.0117176
0.0127793
0.0118084
0.0118706
0.0116155
0.0130986
0.0113114
0.0105987
0.00996413
0.0100409
0.0109789
0.0110752
0.0101096
0.00928328
0.00916057
0.0117149
0.0102313
0.00972565
0.00975792
0.010604
0.00946251
0.00981234
0.0105416
0.0103581
0.00964456
0.0104642
0.0106191
0.0121077
0.0137638
0.0115847
0.00953335
0.0129885
0.0110717
0.0109666
0.0107003
0.0168446
0.011065
0.0154015
0.0105461
0.0107523
0.0137209
0.0127209
0.0118073
0.0112662
0.0101118
0.0107826
0.00991826
0.0119791
0.0110723
0.0117403
0.0124875
0.0124382
0.0108476
0.00962184
0.0127786
0.0107886
0.0105224
0.00970943
0.0112965
0.0116824
0.0098521
0.0123133
0.0107458
0.0128312
0.0132479
0.0135154
0.0113786
0.0095203
0.014278
0.0130381
0.0114644
0.0106444
0.0116663
0.0107692
0.0123864
0.0103374
0.00949597
0.0104283
0.00976047
0.0107192
0.00999639
0.0138894
0.0115372
0.0120718
0.011599
0.0103768
0.0105506
0.0109251
0.0118985
0.0116525
0.0102904
0.0114726
0.0108183
0.0105794
0.0107831
0.014116
0.0116281
0.0109219
0.0106723
0.010505
0.0115292
0.0102583
0.0121161
0.012243
0.0138234
0.0131945
0.00973256
0.0133838
0.0103433
0.0116787
0.0108646
0.0117478
0.0133968
0.00988228
0.0101549
0.00997086
0.00982139
0.0110719
0.0116737
0.0105762
0.0106817
0.0113287
0.0114521
0.00880081
0.0132943
0.012117
0.0108525
0.0132373
0.0129707
0.0112604
0.0117045
0.0124541
0.0115736
0.0107523
0.0103564
0.0090381
0.0107884
0.0141603
0.0101711
0.00909083
0.00999148
0.0131761
0.0104734
0.0107446
0.0100689
0.00858016
0.0115194
0.0144211
0.0121449
0.0112418
0.0123579
0.010812
0.0100493
0.0109097
0.00925329
0.0106099
0.011866
0.0103336
0.0113941
0.0124449
0.0136783
0.00971729
0.00994743
0.00933961
0.0109876
0.0130115
0.0117672
0.00929123
0.0104973
0.0114384
0.0131171
0.0112395
0.0141249
0.00981244
0.0146451
0.0101504
0.0113918
0.0129018
0.0125815
0.0116901
0.0114817
0.0134606
0.00959024
0.00855718
0.0117209
0.00988637
0.0104959
0.0108775
0.0112297
0.00911071
0.0118169
0.0102037
0.0110756
0.0118329
0.0130661
0.0135427
0.010486
0.0132814
0.00926226
0.01348
0.0124318
0.0137495
0.00975128
0.0115878
0.0141678
0.0125061
0.0116414
0.010273
0.010662
0.00995501
0.00924026
0.00978672
0.00864842
0.0109943
0.0112347
0.0109525
0.0117141
0.0103105
0.00989412
0.010165
0.00951191
0.0101203
0.0105432
0.0106374
0.0099347
0.0119158
0.0121922
0.010166
0.0103968
0.0101014
0.0111096
0.0118644
0.0135127
0.00936487
0.00922365
0.011775
0.0104963
0.0110046
0.0109606
0.00992955
0.0109329
0.0115522
0.00946009
0.0111045
0.010598
0.0139854
0.0114792
0.00909403
0.00921872
0.0108882
0.0108675
0.00999917
0.0106369
0.0116079
0.0117049
0.00943119
0.012122
0.0134886
0.0116535
0.0131449
0.00970541
0.0106008
0.010108
0.0095381
0.0116148
0.0128101
0.0118595
0.0119627
0.0122309
0.010511
0.0120063
0.0111681
0.0130885
0.0114084
0.0119267
0.0113063
0.0120078
0.0099078
0.0122624
0.0106572
0.0100259
0.0118689
0.00980109
0.012047
0.0103432
0.00918343
0.00985143
0.0087104
0.00933247
0.00949369
0.0122878
0.00990045
0.0106479
0.0106496
0.0119584
0.0100471
0.00937488
0.00983913
0.00980481
0.00985789
0.0104848
0.0108649
0.0113541
0.0131495
0.0106932
0.0136904
0.0116244
0.0115478
0.00944471
0.0131685
0.011058
0.0125405
0.0115803
0.0105036
0.00882938
0.0108218
0.00996528
0.010247
0.0106577
0.0112052
0.0108418
0.00956718
0.0111156
0.010467
0.0114712
0.0105424
0.00975411
0.0101207
0.0110747
0.0102226
0.0104985
0.011404
0.010183
0.0110585
0.00863069
0.0105661
0.0102674
0.010538
0.00888469
0.00948987
0.0100442
0.00900227
0.011426
0.0119778
0.0103862
0.0108652
0.0139198
0.0144231
0.0111416
0.0125127
0.0114235
0.0121502
0.0107045
0.0113122
0.0105008
0.0123312
0.00913502
0.010664
0.0100219
0.0106259
0.0108228
0.0139178
0.0117187
0.0123133
0.012818
0.0105298
0.0135591
0.0132182
0.012753
0.0124681
0.0118901
0.013169
0.0112845
0.0123334
0.0115926
0.0104361
0.0113985
0.0122088
0.0106784
0.0100589
0.0110979
0.0146536
0.013774
0.0124949
0.0138291
0.0120583
0.00979758
0.0107501
0.01128
0.0115198
0.0121416
0.0124994
0.0151889
0.011284
0.0124299
0.0113683
0.0131732
0.0133505
0.011769
0.0124405
0.00926127
0.0115612
0.0131642
0.0127561
0.0102998
0.0111903
0.0112879
0.0102603
0.0143022
0.00989826
0.0129894
0.00950246
0.00951555
0.0134806
0.0112571
0.0106851
0.0101784
0.0112641
0.0105617
0.00954389
0.00984851
0.0108986
0.0117966
0.0104943
0.0130092
0.0117204
0.0103206
0.0112157
0.0116178
0.0106766
0.0107236
0.0128387
0.0126567
0.00951789
0.0098827
0.0106538
0.0132016
0.0112465
0.0109327
0.0102253
0.0102719
0.0141615
0.0135032
0.00986702
0.00970816
0.0166052
0.00992385
0.00912458
0.00925437
0.00994235
0.0102435
0.0115701
0.0163716
0.0104059
0.0111398
0.0113104
0.00863052
0.00908288
0.0123388
0.013684
0.0115933
0.0119511
0.0113156
0.0111205
0.00986024
0.010972
0.0124711
0.0111333
0.00979404
0.00973933
0.010608
0.0104588
0.0106668
0.00987394
0.0117422
0.0103439
0.0112384
0.0109314
0.00922971
0.0093407
0.00995962
0.00952143
0.0103196
0.0103881
0.00994852
0.00930399
0.010248
0.00971319
0.00950169
0.00916972
0.012157
0.00968545
0.00992422
0.011989
0.0123423
0.00968612
0.00984566
0.0124979
0.00968056
0.00947845
0.0119005
0.0104363
0.0107535
0.0105785
0.0110912
0.0102475
0.0117987
0.0114793
0.00947444
0.0100893
0.00951664
0.0107243
0.0114881
0.013385
0.0118583
0.0132647
0.0109226
0.0127519
0.010129
0.0120063
0.0100163
0.00948335
0.0099881
0.0106937
0.00954434
0.0121494
0.0109246
0.00899659
0.00948634
0.00951113
0.00974747
0.0111712
0.00978599
0.0110871
0.00974615
0.0098503
0.00981036
0.00972061
0.0104366
0.0107364
0.0120056
0.00889462
0.0112058
0.00981702
0.0101405
0.0112292
0.0098242
0.01049
0.0104422
0.00824052
0.00918213
0.00913584
0.00960264
0.010066
0.00929157
0.00936902
0.00955182
0.010706
0.0123971
0.0114916
0.0107854
0.0124178
0.0102681
0.00861531
0.0124983
0.0142649
0.0125805
0.0112448
0.0098799
0.0135078
0.0115063
0.012629
0.0131784
0.0113621
0.0114494
0.0114048
0.0105315
0.0118693
0.0134434
0.0116739
0.0119437
0.0120097
0.0109705
0.0109657
0.0121552
0.00953008
0.0125154
0.0120908
0.01045
0.0115688
0.0105761
0.0113933
0.0110797
0.0120173
0.00955983
0.0095888
0.00930965
0.0140318
0.013351
0.0135574
0.0114834
0.0119825
0.0135157
0.013654
0.0103904
0.013941
0.0115714
0.0105752
0.0111865
0.0109357
0.0113229
0.0121018
0.0108246
0.0114013
0.0110386
0.0103811
0.010847
0.0104981
0.0104586
0.0111839
0.0117535
0.0101374
0.00919794
0.00952212
0.0116399
0.0106922
0.0131641
0.0107272
0.00979935
0.0117163
0.00939547
0.0104041
0.0136683
0.00988149
0.0103456
0.01371
0.0105686
0.0101414
0.0100694
0.0106796
0.0117462
0.00926267
0.0106521
0.00984189
0.0102855
0.0111169
0.00883247
0.00945107
0.0118128
0.011844
0.0104794
0.0116056
0.0137559
0.0103157
0.00854742
0.0125941
0.0107397
0.00966398
0.0110314
0.0102687
0.00942111
0.0117419
0.0112799
0.0118009
0.0108884
0.0103436
0.0120893
0.0111801
0.011024
0.010036
0.0110084
0.0088198
0.0110696
0.0108724
0.0102719
0.00961103
0.0110608
0.0100201
0.010009
0.00884286
0.0122544
0.00964465
0.0105095
0.0113228
0.0092014
0.0109004
0.00954118
0.00955558
0.0105184
0.0103139
0.0146161
0.00865756
0.0104392
0.0128492
0.011681
0.00982878
0.0105427
0.00973942
0.0101968
0.0130514
0.01171
0.0104016
0.0108952
0.00994771
0.00926498
0.0087645
0.00933105
0.0121924
0.0108552
0.0113263
0.00911531
0.0105749
0.0101084
0.0112358
0.0108356
0.0101518
0.0108581
0.0108918
0.0112255
0.00981711
0.0101405
0.00934995
0.00956068
0.0115773
0.00937014
0.0113683
0.0116262
0.0102084
0.0112735
0.0123237
0.0100946
0.00989223
0.0112326
0.0111285
0.0120679
0.0110675
0.0105831
0.0099611
0.0111083
0.0100786
0.0108046
0.0100511
0.0131329
0.0156397
0.0164586
0.00990709
0.0103508
0.00991336
0.00961047
0.0100691
0.0107658
0.0111558
0.0100747
0.0119001
0.0111509
0.00912636
0.0108986
0.0102607
0.00857889
0.00934529
0.0103159
0.00883294
0.00906315
0.00945581
0.00996469
0.0103733
0.00924303
0.00920381
0.00984355
0.0161553
0.0157735
0.0121416
0.00985946
0.00955134
0.00837733
0.00988671
0.00873792
0.00925966
0.00927873
0.00954354
0.00936229
0.00986914
0.00981561
0.0118928
0.0107337
0.00961347
0.0104029
0.0100657
0.00972605
0.0136711
0.0113303
0.00921627
0.0122252
0.0143381
0.00946028
0.012041
0.0119054
0.00877023
0.0104068
0.0123346
0.0107591
0.0105751
0.0139316
0.010486
0.010402
0.011631
0.0118063
0.0104792
0.0111732
0.0103491
0.0103043
0.0102478
0.0129905
0.0107839
0.0122338
0.0120495
0.0120203
0.00997045
0.0121344
0.00891179
0.0112919
0.0102224
0.0114339
0.0104584
0.0124096
0.0102941
0.0110293
0.00969243
0.0110558
0.0153894
0.0103398
0.0147371
0.0115499
0.0114418
0.0123653
0.0134746
0.00986639
0.0118671
0.0107017
0.010707
0.00984673
0.0135259
0.0115335
0.00919406
0.0109004
0.0104073
0.0100471
0.0108421
0.00965447
0.00974967
0.0100775
0.0105033
0.00938131
0.0107843
0.0090762
0.0111273
0.0115808
0.0117647
0.0110519
0.00892677
0.00912438
0.00964507
0.00944345
0.00995085
0.0100025
0.0120798
0.0137634
0.0128141
0.00955289
0.0108281
0.011653
0.0109888
0.0112821
0.0108349
0.0110794
0.0116899
0.0123804
0.0102159
0.00979941
0.00938096
0.00969086
0.0114572
0.01098
0.0122679
0.0128081
0.0123013
0.0111132
0.0101052
0.0116688
0.0088161
0.0102141
0.0125522
0.011191
0.0102016
0.0100364
0.013878
0.0128569
0.00979773
0.00891631
0.0112417
0.0104726
0.00837692
0.00918971
0.0108183
0.00978802
0.0112382
0.0123624
0.010531
0.00960832
0.0124456
0.00993024
0.0125102
0.00982626
0.00984803
0.00941293
0.0111224
0.00971999
0.0101706
0.0120654
0.0128574
0.0134943
0.0131702
0.0111818
0.0105157
0.0125514
0.00908136
0.00952409
0.00949928
0.0106332
0.00947625
0.0110151
0.011354
0.0102178
0.0105448
0.0102088
0.0113949
0.00980595
0.0101065
0.0106179
0.0106733
0.010693
0.0109831
0.012818
0.0100242
0.0102837
0.0100403
0.012236
0.0126905
0.0139131
0.0133604
0.0107561
0.0098765
0.0108251
0.0109296
0.0107878
0.0106097
0.0120164
0.0104043
0.0115096
0.0105876
0.0131919
0.00964416
0.0125058
0.0102644
0.00911342
0.00893605
0.0103661
0.0103968
0.00951536
0.00864434
0.00969987
0.00959507
0.010324
0.0104434
0.0095526
0.00964237
0.0116582
0.0108631
0.0094963
0.0102622
0.00992322
0.0091554
0.00973466
0.00870846
0.0103544
0.00973475
0.0102029
0.00954713
0.0127848
0.011233
0.0100421
0.0119291
0.0107967
0.0129118
0.013938
0.0113203
0.00978018
0.0130632
0.0116997
0.0105115
0.0142901
0.0122828
0.0113483
0.0095013
0.0107651
0.0103929
0.00969431
0.0115313
0.0131955
0.0132272
0.0111028
0.0105203
0.0105717
0.00943198
0.00917096
0.0114133
0.0108705
0.0134865
0.0126368
0.0143665
0.0109165
0.00963559
0.0156963
0.0119642
0.0102192
0.00967666
0.0134474
0.0153288
0.0118257
0.0108464
0.00992611
0.00888764
0.010293
0.0114949
0.0102568
0.0103398
0.0094583
0.0107985
0.0109458
0.0133352
0.013018
0.0125876
0.0136555
0.0110068
0.0123665
0.0132463
0.0114132
0.0110675
0.0122678
0.0131679
0.0113663
0.0121027
0.0094996
0.0110237
0.0105065
0.0127609
0.0108305
0.012188
0.0114199
0.0112172
0.0107254
0.00936366
0.00946915
0.0102786
0.0113212
0.0107085
0.0117239
0.011186
0.0101668
0.0132566
0.011252
0.011302
0.00939429
0.0114951
0.0105511
0.010635
0.0111828
0.0133268
0.0127787
0.0112619
0.0106789
0.0116654
0.0104485
0.0106143
0.0107799
0.0112869
0.0142477
0.0109207
0.0100433
0.0119775
0.0124252
0.0111509
0.0103626
0.0136955
0.011637
0.0137197
0.0110945
0.0111875
0.00969472
0.0110085
0.011291
0.0108568
0.0131464
0.00977603
0.00933945
0.0115795
0.00977357
0.0102137
0.0107345
0.0113544
0.0115764
0.014087
0.00941248
0.0129847
0.0143392
0.0131335
0.00994478
0.0106043
0.0115714
0.0115474
0.0120845
0.0088796
0.0100072
0.0125644
0.00981066
0.011578
0.0111486
0.0100972
0.0091268
0.00998684
0.00877226
0.00900326
0.0131913
0.010329
0.0123061
0.0114523
0.0129061
0.0111646
0.0144221
0.0136391
0.00972576
0.00973453
0.00942791
0.0118404
0.0115126
0.0108019
0.0109796
0.0105139
0.00899715
0.00848349
0.0107442
0.0106151
0.0124349
0.0114218
0.0107059
0.0114098
0.0105373
0.0101829
0.0103286
0.0129282
0.0098481
0.0117558
0.0108575
0.0127706
0.0102929
0.0100098
0.0090261
0.00886834
0.00955746
0.00998258
0.0100948
0.010114
0.0152529
0.0201318
0.00887054
0.0109539
0.00886545
0.0105041
0.00896311
0.00920285
0.00967406
0.0102265
0.00978929
0.00899795
0.0103167
0.0108023
0.00912712
0.00941236
0.0129666
0.0104247
0.0106366
0.0103987
0.0108202
0.0120091
0.0136274
0.0107031
0.00986291
0.011295
0.00959128
0.011196
0.0122132
0.0120069
0.00998599
0.0108044
0.0138259
0.0102937
0.00948445
0.0136997
0.0101504
0.0126614
0.0109846
0.0136084
0.0145288
0.0124541
0.012606
0.0103797
0.00911844
0.0125128
0.0104396
0.0104011
0.0102709
0.010353
0.0133083
0.0105319
0.0108596
0.0122562
0.0127428
0.0106022
0.0126732
0.0113991
0.0110449
0.0102897
0.0109907
0.0112744
0.0102782
0.0107614
0.0119573
0.0101817
0.0134924
0.0144914
0.0124119
0.0113997
0.0137561
0.0104559
0.0127288
0.0103398
0.0111255
0.0103659
0.0110732
0.0112343
0.0104771
0.0122113
0.0111459
0.00902674
0.0116071
0.0109007
0.0116401
0.0107689
0.0111443
0.0113349
0.0124462
0.0126735
0.0107508
0.0111897
0.0110017
0.00966852
0.0100001
0.0115497
0.0115667
0.0114343
0.0100541
0.00951616
0.0111904
0.00931534
0.0110027
0.0105376
0.00969073
0.0136005
0.0100105
0.0131876
0.014054
0.0106854
0.0111001
0.0112868
0.0105534
0.0143013
0.0108958
0.0116673
0.00947407
0.0138482
0.0126624
0.0100606
0.0114713
0.0121345
0.0100317
0.0132622
0.0126119
0.0114928
0.00965056
0.0147247
0.0142221
0.0127363
0.0123617
0.0109198
0.0136336
0.0151101
0.0153531
0.0117516
0.0117853
0.0113479
0.0111132
0.0142947
0.0133421
0.0119744
0.0101254
0.0104747
0.01115
0.0106144
0.0105936
0.0107248
0.0104781
0.0107581
0.00992809
0.00991347
0.00987857
0.0107197
0.00997372
0.0112676
0.0110328
0.014391
0.00994038
0.00980818
0.0107297
0.010012
0.00966858
0.00970639
0.011227
0.0126165
0.0105042
0.00974004
0.0117704
0.0109117
0.0104833
0.0106485
0.0108923
0.0118941
0.0100303
0.0114064
0.00876789
0.0112299
0.0128624
0.00885093
0.00836954
0.0147542
0.00986066
0.00924508
0.0111832
0.0114047
0.0162069
0.0123944
0.0105529
0.0106101
0.0106013
0.00893316
0.00930331
0.0100732
0.00972914
0.0112082
0.00918826
0.0110654
0.00984473
0.00956246
0.0093811
0.0102919
0.00931093
0.00903309
0.00876192
0.00841592
0.00978149
0.00989984
0.0105406
0.0081807
0.0109362
0.0134086
0.00905171
0.0110991
0.0122887
0.0118019
0.0113271
0.00972866
0.0101721
0.0098056
0.00922799
0.0111236
0.0097564
0.0111097
0.011955
0.010795
0.0113399
0.0112966
0.0133917
0.0101748
0.0103696
0.0130522
0.0151388
0.0125223
0.0127094
0.0116172
0.0136111
0.0108343
0.013913
0.0103346
0.00952996
0.0137443
0.0101365
0.00985855
0.0104819
0.00966505
0.0137196
0.0132553
0.0126791
0.0135499
0.0136435
0.0132504
0.0100377
0.0104123
0.010276
0.0105924
0.00943759
0.00985263
0.00998328
0.0139463
0.00982292
0.0132873
0.012511
0.0117567
0.0110259
0.0101344
0.0109714
0.0112518
0.0102399
0.00952706
0.0113098
0.0111516
0.0099418
0.0103419
0.0114551
0.0105952
0.0104974
0.0131706
0.0100315
0.0107073
0.012951
0.01046
0.0111241
0.0102369
0.0101032
0.0133204
0.0104249
0.0122003
0.0100868
0.0101618
0.0117009
0.0134407
0.0114267
0.0105544
0.0113444
0.0121649
0.0111999
0.0111306
0.0111622
0.0112011
0.0142503
0.0111567
0.0111367
0.0098282
0.0103717
0.0103078
0.0114203
0.0132127
0.0133623
0.0115404
0.0139516
0.00950044
0.0104408
0.0110555
0.0109414
0.0105263
0.00993013
0.0134105
0.0120258
0.012459
0.0129032
0.0101724
0.0126777
0.00970796
0.0116416
0.0126871
0.0131112
0.0112446
0.0110622
0.0105382
0.0113695
0.010232
0.0124646
0.0108515
0.011584
0.0131165
0.011293
0.0104428
0.0123269
0.0104462
0.0114947
0.0108898
0.0142075
0.0102192
0.0109515
0.0107278
0.010601
0.00983616
0.0147003
0.0132803
0.0133245
0.0117163
0.00950121
0.0138721
0.0113465
0.0104645
0.0105178
0.00964192
0.0101567
0.0110167
0.0116842
0.0112297
0.00844507
0.0101461
0.01013
0.0111734
0.00996697
0.0100319
0.0100904
0.0115571
0.0107777
0.0113063
0.0110117
0.00918984
0.00893867
0.0105512
0.00937772
0.013858
0.0142149
0.0103569
0.0131541
0.00980502
0.0153652
0.0104869
0.0104953
0.00935241
0.0115421
0.010516
0.00991185
0.0117365
0.0165388
0.0121927
0.0109696
0.0113041
0.0120861
0.0117866
0.00910171
0.00998697
0.00980688
0.00942626
0.00826306
0.0110802
0.0114516
0.00953392
0.0112641
0.00932499
0.00908022
0.00864225
0.00970339
0.00991332
0.00844317
0.00905426
0.0108527
0.0110468
0.0124859
0.0118338
0.0117991
0.0115626
0.0130477
0.0103122
0.0114517
0.0118377
0.0131952
0.0135777
0.0136578
0.0110022
0.0134728
0.00953911
0.0113537
0.0125181
0.0106377
0.00958006
0.0113367
0.0151878
0.0111518
0.012183
0.0130594
0.0139495
0.0123563
0.0114414
0.0126203
0.0127644
0.0108633
0.0109863
0.0104378
0.0121564
0.0126782
0.00897731
0.0123569
0.0108791
0.012002
0.0105676
0.0114513
0.0112563
0.0102926
0.0120083
0.00947424
0.0123561
0.0104207
0.0160743
0.0107663
0.0126656
0.0119835
0.0134121
0.0115915
0.0123934
0.010426
0.0122467
0.0136874
0.0137067
0.00942924
0.00983647
0.00973209
0.00963557
0.0100667
0.0106691
0.0102806
0.0116872
0.0122525
0.0117934
0.00946226
0.014385
0.0111058
0.0110795
0.0142128
0.0113815
0.0112292
0.00930637
0.0124684
0.0104967
0.0101264
0.0106646
0.0103658
0.0115278
0.00974666
0.010325
0.0127881
0.0116278
0.0107553
0.0130364
0.0111464
0.0133256
0.0116645
0.0113169
0.010471
0.0109606
0.0110628
0.0111165
0.010483
0.0139613
0.0110884
0.0105808
0.0101962
0.00965855
0.0134991
0.0124821
0.0128342
0.0122666
0.00995049
0.0117512
0.0103332
0.0105009
0.0110386
0.013821
0.0104568
0.0104921
0.0134712
0.0101053
0.0112146
0.0134663
0.0133496
0.0127427
0.0130834
0.0140837
0.0102644
0.0110077
0.0147484
0.0136406
0.0110599
0.0117743
0.0116396
0.0138194
0.00945008
0.0104865
0.0117269
0.0121124
0.012973
0.0150511
0.0108291
0.0116339
0.0120132
0.0146983
0.0140314
0.0160531
0.0137821
0.0114239
0.014624
0.0111441
0.011166
0.0105156
0.00987865
0.0109429
0.0101843
0.0115855
0.0125378
0.0090151
0.0113014
0.0091994
0.00974537
0.0125473
0.00987939
0.00943831
0.00916571
0.012247
0.0107499
0.0137569
0.0101351
0.00993783
0.00972692
0.00999678
0.00987981
0.0145584
0.0115266
0.0135442
0.0152494
0.0122745
0.00903062
0.0104448
0.0109649
0.0119515
0.010557
0.0128304
0.0122137
0.01181
0.0108301
0.0104267
0.0142079
0.0144623
0.0112084
0.0109968
0.00806176
0.00776257
0.011549
0.0109967
0.00934519
0.012428
0.0142498
0.0145998
0.00876901
0.00995122
0.010699
0.00923217
0.0120122
0.0103135
0.00942035
0.0103274
0.0116973
0.0125822
0.0109133
0.0110285
0.0098952
0.0089952
0.0125138
0.0113943
0.0153219
0.0126858
0.0111902
0.0140678
0.0112732
0.0146336
0.0145453
0.010178
0.00991667
0.0130763
0.013075
0.00845057
0.0115931
0.0102625
0.0129912
0.0132549
0.0103338
0.0139057
0.0118412
0.0109984
0.0132083
0.0139209
0.0113207
0.0119303
0.0107397
0.0136208
0.012657
0.00992791
0.0119914
0.0138862
0.0104104
0.0133408
0.0118009
0.0101375
0.00999464
0.010156
0.0132986
0.0109291
0.0107046
0.0111321
0.0108017
0.0102613
0.0106558
0.00992583
0.0125856
0.0141626
0.013172
0.0136743
0.0144051
0.012591
0.0111719
0.0125163
0.0128067
0.0122724
0.0111436
0.0120525
0.0110517
0.0139704
0.0105202
0.010894
0.00946855
0.0104114
0.0149518
0.0123955
0.0131592
0.0116416
0.011007
0.012619
0.0120534
0.014425
0.00907376
0.0100886
0.00985988
0.0103157
0.0103499
0.012986
0.0111616
0.011008
0.0113803
0.00959983
0.00963224
0.00977305
0.0112455
0.0114275
0.010613
0.0110954
0.010819
0.00968662
0.00944904
0.0107005
0.00959102
0.0108328
0.0115555
0.0121605
0.0146898
0.0107942
0.012825
0.0146861
0.0110449
0.0096521
0.0102749
0.0104154
0.0096384
0.0145654
0.0122733
0.0109402
0.0109478
0.0125417
0.0155811
0.00946176
0.0109785
0.0104568
0.0136683
0.00798036
0.00971373
0.013265
0.0128136
0.00989282
0.00995221
0.0113861
0.00958885
0.00994848
0.0108475
0.0108492
0.0103542
0.0104672
0.0129935
0.0107705
0.0100303
0.0110762
0.0102385
0.0122725
0.0100559
0.0105644
0.010343
0.0122268
0.0132974
0.0115998
0.0127129
0.0110651
0.011367
0.0118612
0.0105376
0.0116888
0.0146012
0.00908027
0.0108583
0.0131348
0.0125005
0.0139747
0.0106355
0.0114917
0.0130521
0.0127959
0.00843697
0.0122666
0.0145108
0.0121443
0.0142109
0.0150004
0.0130509
0.0106207
0.0120117
0.0119875
0.0112215
0.0113921
0.0130314
0.0121638
0.0118649
0.0122788
0.0105849
0.0112795
0.0126302
0.0119919
0.0106191
0.0099481
0.0128773
0.011245
0.0106777
0.0101784
0.0111529
0.0109171
0.0114772
0.0133798
0.0127119
0.0115613
0.0103496
0.0135136
0.0109513
0.0100708
0.0109327
0.0135908
0.0122278
0.0121486
0.0113316
0.0117987
0.00897735
0.0123971
0.0115825
0.0109437
0.011669
0.0135468
0.0115767
0.0118189
0.0104705
0.00926986
0.013928
0.0110704
0.0122346
0.00999388
0.00990814
0.0126833
0.0115846
0.0121574
0.0096214
0.00952129
0.0101117
0.0110688
0.0106602
0.0105454
0.0121042
0.0105986
0.0125189
0.012203
0.00893194
0.00891124
0.014068
0.0140631
0.0115286
0.0130593
0.0127184
0.0102085
0.0111052
0.0107538
0.0106069
0.00964912
0.0126532
0.0117493
0.0113602
0.010387
0.0116026
0.0107494
0.0129761
0.0107249
0.0158463
0.00893944
0.00994883
0.00837033
0.0132475
0.00874142
0.00928144
0.0102755
0.0104932
0.0106174
0.0101161
0.0117567
0.0124219
0.0115247
0.0106706
0.0115946
0.0100139
0.0115949
0.0112101
0.0104632
0.0112916
0.0139251
0.01394
0.0140906
0.0127346
0.014747
0.0120406
0.012927
0.0114125
0.0112493
0.0106672
0.0116278
0.0118928
0.0137565
0.0103104
0.012322
0.0144261
0.0125259
0.00910074
0.0107057
0.0106348
0.0120939
0.0121425
0.0130889
0.0112727
0.0155146
0.0124678
0.0109021
0.0120026
0.0103246
0.0101691
0.0163839
0.0115166
0.0109451
0.0114975
0.0109918
0.0141183
0.012559
0.0138927
0.0111397
0.0152124
0.012708
0.0134533
0.0109563
0.0124261
0.0119055
0.0117228
0.0106249
0.0123789
0.0112251
0.0109387
0.00994988
0.0127133
0.0148075
0.013751
0.0134302
0.0128429
0.0121224
0.0128139
0.010798
0.0108033
0.00984543
0.0154186
0.0133114
0.0109774
0.0115965
0.0115368
0.0109895
0.00939153
0.0127497
0.0115517
0.0106501
0.0118521
0.0106643
0.0111429
0.0120808
0.013982
0.00872565
0.00975768
0.010413
0.0179265
0.00948762
0.0108336
0.0112385
0.0103754
0.0106878
0.0101462
0.00973116
0.013141
0.011935
0.0109143
0.0104355
0.0104111
0.00949645
0.00971808
0.0142273
0.0109784
0.012819
0.00876845
0.00878623
0.009729
0.00915968
0.0134102
0.0113932
0.011634
0.0126515
0.00984951
0.0098664
0.0111024
0.0106837
0.0101352
0.0123216
0.0131477
0.0117578
0.0110439
0.0130577
0.013641
0.0133397
0.0155232
0.0113157
0.00768191
0.0108904
0.00845974
0.00986128
0.0102059
0.00979093
0.010701
0.0108961
0.00922017
0.0121319
0.0110725
0.0106241
0.0143048
0.0118654
0.0134835
0.0125608
0.0145637
0.015067
0.0107692
0.0131801
0.0117239
0.0108889
0.010171
0.0108125
0.0114458
0.011173
0.00995557
0.0132148
0.0146491
0.0121703
0.013888
0.0151515
0.0127603
0.0119598
0.0105766
0.0128815
0.0130488
0.0123066
0.0127453
0.0112722
0.00997334
0.0125001
0.0110726
0.0106646
0.0108087
0.0120976
0.00943899
0.0101818
0.0119814
0.0121235
0.0137798
0.0118547
0.0141654
0.0115642
0.0131523
0.0118211
0.0126578
0.0117804
0.0127998
0.0124532
0.0127214
0.0121346
0.0116292
0.0115787
0.0115762
0.0105519
0.0135593
0.0139415
0.0115264
0.0143663
0.0129722
0.0141524
0.0165243
0.0132057
0.011813
0.010046
0.0117046
0.0111244
0.0102103
0.014255
0.0112261
0.0101799
0.0104136
0.0108458
0.0121472
0.00968907
0.00853786
0.0135328
0.013622
0.0134948
0.0123709
0.0121014
0.0121441
0.0150517
0.0123864
0.00876543
0.00892026
0.010095
0.0118705
0.0099609
0.0147906
0.011039
0.0098687
0.00979933
0.0105059
0.00976376
0.00906582
0.0110212
0.00931148
0.009568
0.00887531
0.00980271
0.0167991
0.0095894
0.0122208
0.0121701
0.0113925
0.0115352
0.0132345
0.0102646
0.0117593
0.0117146
0.0122649
0.0109509
0.0101637
0.0114347
0.0099768
0.0114965
0.013882
0.0105311
0.0106989
0.0108839
0.0122321
0.0106612
0.0111172
0.0134814
0.0106139
0.0100595
0.010769
0.0130391
0.0109125
0.0124192
0.0116842
0.0124891
0.0106451
0.0135858
0.00950798
0.0134754
0.0122982
0.00974015
0.0131267
0.0113179
0.0111764
0.011739
0.0115205
0.00977215
0.0115029
0.0119453
0.0136305
0.0129988
0.0123592
0.0130835
0.0116716
0.0134819
0.0126232
0.0137434
0.0120153
0.0102168
0.0120217
0.00978614
0.0132076
0.0157604
0.0123788
0.0102364
0.0128394
0.0120039
0.0125592
0.0138465
0.0117274
0.0143368
0.0131518
0.0114318
0.0105841
0.0120484
0.0126394
0.0145405
0.0125786
0.0107238
0.0108258
0.0137141
0.0134659
0.010934
0.011816
0.0115292
0.0133629
0.0123564
0.0135997
0.0136822
0.0139655
0.0116945
0.0131841
0.0118066
0.0120658
0.011384
0.0142139
0.0144385
0.0106177
0.0121251
0.0124484
0.0117857
0.0108677
0.0105279
0.0135603
0.0135196
0.0144273
0.0128128
0.0133567
0.0128843
0.0129579
0.0120182
0.0123256
0.0128886
0.0118273
0.0125509
0.0141714
0.0101271
0.0134862
0.0105068
0.0108495
0.0126365
0.0109121
0.0112253
0.0130875
0.011972
0.0123482
0.0123543
0.0122496
0.0121272
0.0117553
0.0131487
0.0120422
0.0110258
0.0120504
0.0119878
0.0117966
0.00869452
0.0120313
0.0108536
0.00971576
0.0107647
0.010185
0.00962718
0.0114493
0.00967138
0.0101322
0.0104582
0.00983793
0.0107262
0.0112805
0.0114528
0.0130116
0.00855651
0.0117714
0.00972832
0.0156159
0.0116714
0.0110651
0.0121668
0.0127506
0.0113585
0.0121683
0.00962354
0.0104637
0.0115514
0.0123401
0.0123731
0.0108081
0.0122134
0.0103236
0.0125434
0.0103029
0.0102263
0.0124798
0.011495
0.00990578
0.0132268
0.0112266
0.00908207
0.0160374
0.00926467
0.01308
0.0176865
0.0143708
0.0121769
0.00949933
0.0145279
0.0137629
0.0163944
0.0108356
0.0133341
0.0134966
0.0127878
0.0109445
0.0122003
0.012948
0.0116574
0.0146446
0.0108262
0.0102004
0.0102228
0.010888
0.00991244
0.0134579
0.0162074
0.0166573
0.0111786
0.0116921
0.0141416
0.0112317
0.0107202
0.0124046
0.0120215
0.0126036
0.0121869
0.0155999
0.0104884
0.0131112
0.0143588
0.0106005
0.0105766
0.0113685
0.0113875
0.0120048
0.0122202
0.0138064
0.0133335
0.0143706
0.0122739
0.0107762
0.0111029
0.0119048
0.0110167
0.0156857
0.0104357
0.0102367
0.016867
0.0150905
0.0142045
0.0126604
0.0115676
0.0104877
0.0132857
0.0120719
0.0151884
0.0108044
0.0154084
0.0135621
0.0131887
0.0140327
0.0135363
0.0130005
0.0117076
0.00996371
0.0120047
0.0137875
0.0140338
0.0128028
0.0125025
0.0116271
0.0130579
0.0125198
0.0131237
0.0117583
0.0125564
0.0116332
0.0130279
0.0113941
0.0137575
0.0119083
0.0143779
0.0113204
0.011146
0.013136
0.011769
0.0114541
0.0126588
0.0123676
0.0153891
0.0126016
0.0125548
0.0128453
0.0153528
0.0137287
0.0107536
0.0138541
0.0127832
0.0141704
0.0106219
0.0116348
0.0104231
0.0141513
0.015366
0.0131531
0.0116595
0.0133351
0.0123282
0.0135548
0.0117277
0.0123626
0.0131383
0.0126968
0.012039
0.00831785
0.00982919
0.0125856
0.0103856
0.0127314
0.00892552
0.0118137
0.0134667
0.0105284
0.0129589
0.00972139
0.010067
0.00871589
0.0104968
0.0128563
0.0122444
0.0135145
0.0110746
0.0120122
0.0106412
0.0106384
0.00980357
0.00993976
0.0111316
0.0138377
0.00992695
0.00887007
0.0103811
0.0154359
0.0146182
0.0126066
0.0116982
0.0119873
0.0133087
0.0115578
0.0142258
0.0111728
0.0101902
0.0101986
0.0117305
0.0119183
0.0121953
0.012868
0.012589
0.00985175
0.0135371
0.0112756
0.0115572
0.015595
0.00868157
0.014925
0.0153283
0.0152066
0.011086
0.0122436
0.0130902
0.0116743
0.010055
0.0140876
0.0120284
0.0146877
0.0146636
0.00977282
0.0133645
0.0120677
0.0143883
0.0136707
0.0107937
0.0119492
0.0110601
0.0131957
0.0131446
0.0118878
0.0106371
0.0122297
0.0130236
0.0118262
0.0127419
0.0127132
0.0109624
0.00893749
0.0138727
0.0115812
0.0103562
0.012863
0.00990701
0.0101387
0.0109948
0.0103032
0.0102192
0.0140838
0.0137156
0.0134099
0.0126961
0.0112945
0.0113327
0.0103393
0.0110051
0.0111829
0.0114599
0.0103123
0.0178855
0.0116194
0.0107444
0.0115815
0.0127585
0.011871
0.0106082
0.0113121
0.0100003
0.0171401
0.0110213
0.012029
0.0134353
0.0106863
0.0135537
0.0103378
0.0136079
0.0130188
0.0147934
0.0104
0.0116062
0.0122611
0.0144095
0.0130277
0.011804
0.0124491
0.0119899
0.012266
0.0132894
0.0135798
0.013318
0.0125633
0.0154122
0.0136168
0.0119937
0.00874422
0.00935815
0.0092496
0.0137755
0.0136395
0.0112003
0.0135415
0.0121252
0.01424
0.013092
0.0131283
0.0124487
0.0132028
0.0150678
0.00959012
0.0105658
0.0111474
0.0100153
0.0139922
0.0121647
0.0109732
0.014407
0.0127749
0.0138552
0.0155325
0.0105346
0.0123595
0.0140821
0.0118268
0.017801
0.0143274
0.0139666
0.013051
0.0125049
0.0125227
0.0116043
0.0120026
0.00982424
0.0115505
0.0111505
0.0116963
0.0111812
0.011114
0.011865
0.0156448
0.0138552
0.0142581
0.0130054
0.0135955
0.0126169
0.0120194
0.0125707
0.0128721
0.0121001
0.0126327
0.0106492
0.0114942
0.0124537
0.00998379
0.011815
0.0105384
0.0109679
0.0112446
0.0122505
0.0141475
0.0120887
0.0143022
0.0131212
0.0108194
0.0123696
0.0137752
0.0113795
0.0105094
0.0107107
0.0107749
0.0114294
0.010077
0.00961886
0.0104074
0.0130742
0.0123288
0.00884166
0.0126921
0.0119939
0.0139374
0.0126858
0.0109242
0.0116143
0.0120571
0.0106399
0.0132221
0.01286
0.0100397
0.0132604
0.010874
0.0120563
0.0114186
0.0130857
0.0132964
0.0121427
0.0130496
0.0134469
0.012798
0.0129118
0.0121496
0.0169258
0.0137519
0.0122929
0.0140166
0.0106907
0.0125076
0.0127509
0.0111871
0.0151646
0.0131509
0.0129915
0.0112144
0.0158385
0.0115876
0.0117147
0.0119898
0.0135965
0.0138936
0.0123017
0.0129684
0.0136246
0.0106503
0.0146438
0.0123685
0.0127713
0.0128304
0.010923
0.0100574
0.0108961
0.0107236
0.0130963
0.0125078
0.0109281
0.0138457
0.0125846
0.0101258
0.0129186
0.013147
0.0122065
0.0117002
0.0129515
0.00970929
0.0123773
0.0113402
0.0135466
0.0119123
0.01292
0.0116723
0.0122628
0.0115251
0.0121702
0.0111797
0.0120792
0.0127521
0.0128607
0.0117602
0.0100768
0.00894409
0.0113116
0.010432
0.0115264
0.0121683
0.0107292
0.0120799
0.0150444
0.0149556
0.0139996
0.0128542
0.012919
0.0107102
0.0127343
0.0108432
0.0151163
0.0130006
0.0120333
0.0124796
0.0125152
0.0123213
0.012542
0.0113784
0.00999675
0.0132108
0.0128781
0.0130374
0.0117446
0.010363
0.0111127
0.0124672
0.0105084
0.0105467
0.0114674
0.0105469
0.0141186
0.0114019
0.0102124
0.0105627
0.0110937
0.0116292
0.0116825
0.012625
0.0118887
0.0109321
0.0106525
0.0110859
0.0124134
0.0117832
0.0124372
0.0101706
0.0118479
0.0122128
0.0131732
0.012666
0.0130633
0.0120437
0.0133631
0.0128481
0.0104181
0.0118983
0.0114959
0.0176966
0.0109734
0.0133398
0.0115716
0.0114614
0.0120896
0.0130029
0.0150008
0.0115345
0.0105637
0.0150738
0.0126027
0.0132627
0.0118029
0.0133294
0.0113012
0.0128179
0.0158387
0.012654
0.0161525
0.0126762
0.0118098
0.0131728
0.0119825
0.0127495
0.0125185
0.0124613
0.0123713
0.0152895
0.010829
0.0123191
0.0132558
0.0127668
0.0114594
0.0128281
0.0119347
0.0124701
0.0120728
0.0141794
0.010821
0.0104625
0.0114242
0.0142269
0.0154357
0.0117496
0.0126702
0.0126268
0.0109546
0.00998934
0.0107712
0.0122107
0.0106127
0.0128984
0.0124845
0.0134414
0.0121986
0.0111227
0.0133672
0.0130114
0.0102269
0.012074
0.0119638
0.0137372
0.0120466
0.0123809
0.0100405
0.0102421
0.00998939
0.00984344
0.00931006
0.00976141
0.00999335
0.0127833
0.0141397
0.0128987
0.0127041
0.0127963
0.013238
0.0131689
0.0100803
0.0113408
0.0117099
0.0130978
0.0121202
0.0113133
0.0122643
0.0109151
0.0106256
0.0116458
0.011456
0.0111311
0.0134984
0.0116308
0.0108195
0.0120805
0.012774
0.0128385
0.0111313
0.0129666
0.0120237
0.0124763
0.0105981
0.0109435
0.0107091
0.0103426
0.0110598
0.0103451
0.0110745
0.0112746
0.0122991
0.0117248
0.0126861
0.0123676
0.01032
0.011958
0.0143611
0.0122883
0.012511
0.0121175
0.0133185
0.0121544
0.0114411
0.0116412
0.0133536
0.0147048
0.0126218
0.0130564
0.0110527
0.0124582
0.0116657
0.0131912
0.0105829
0.00947494
0.0110436
0.0122628
0.0135165
0.0132944
0.0128546
0.0111755
0.0100756
0.0121041
0.0121684
0.0124827
0.015025
0.0139676
0.0145105
0.0104648
0.0146225
0.0089604
0.0116041
0.0118637
0.0122478
0.0135167
0.0119825
0.0112625
0.0126698
0.0129731
0.0132736
0.0109168
0.01215
0.012027
0.0130032
0.0098968
0.0131994
0.0143544
0.0120192
0.0139464
0.0124313
0.0146702
0.0118032
0.0154808
0.0137613
0.0131215
0.010814
0.0111773
0.012671
0.0108725
0.0126526
0.0127546
0.0118632
0.0109972
0.0117184
0.0153029
0.0113722
0.0127074
0.0138097
0.0129847
0.0132351
0.0153906
0.0118987
0.0110834
0.0136417
0.0107196
0.0117307
0.0136523
0.00900816
0.0117645
0.0150907
0.0139303
0.0162904
0.01178
0.0131696
0.0107759
0.0147439
0.0125019
0.0119507
0.0118943
0.00986714
0.0127723
0.0122742
0.0112415
0.0110846
0.0127255
0.0122155
0.0108934
0.0146302
0.0106886
0.0101738
0.0112075
0.0136958
0.0111981
0.0119922
0.0148389
0.0123428
0.0122617
0.0128697
0.0106141
0.00999228
0.0105361
0.0112459
0.0115544
0.0103373
0.0120072
0.0104679
0.0111777
0.0116572
0.01119
0.0124189
0.0139721
0.0130102
0.0118817
0.0130653
0.0128392
0.0123974
0.0114603
0.0137897
0.0141639
0.0115382
0.0144885
0.0115269
0.0125
0.0129767
0.0100832
0.0128102
0.010384
0.0117353
0.0157829
0.0134371
0.0152528
0.0136308
0.00998287
0.0108432
0.0129899
0.0124263
0.011361
0.0117528
0.013184
0.0141429
0.0124679
0.00888873
0.0156879
0.0145906
0.0134902
0.0121757
0.0119558
0.0134893
0.0134214
0.0112452
0.0117103
0.0115837
0.0135806
0.0135729
0.0117254
0.0129956
0.0114757
0.0135266
0.0118734
0.0117902
0.00978093
0.0136632
0.0138965
0.0139352
0.00986702
0.0114112
0.0116239
0.0122952
0.0148455
0.0106096
0.0121203
0.0113446
0.0127902
0.0109244
0.0138901
0.00978142
0.0121083
0.0109872
0.0107174
0.0116952
0.0128918
0.0145756
0.0113304
0.0120501
0.0137876
0.0112665
0.0112062
0.0128188
0.011122
0.0119814
0.0129751
0.0122696
0.0123463
0.0122059
0.0138301
0.014569
0.0120616
0.0102033
0.0122547
0.00974077
0.0123941
0.0103808
0.0101413
0.00986393
0.0098636
0.0110661
0.0106785
0.012948
0.0109779
0.0121354
0.00924736
0.0116472
0.0124295
0.0132167
0.0157128
0.0122
0.0136657
0.0132124
0.0122005
0.0112259
0.0133909
0.008858
0.00888132
0.00930814
0.0114265
0.00963285
0.0126617
0.0107344
0.0127913
0.0145343
0.013619
0.0138473
0.0129498
0.00948267
0.0119909
0.012501
0.0127046
0.0121759
0.0124536
0.0137631
0.0138178
0.0133105
0.0125185
0.0109025
0.0101464
0.0152132
0.0129964
0.0129096
0.0125911
0.0133832
0.0131005
0.0102767
0.0124315
0.0109322
0.0114839
0.0125477
0.0123373
0.0130584
0.0140214
0.0134611
0.0118087
0.0130383
0.009545
0.0124122
0.01223
0.0102348
0.010884
0.0136193
0.0156214
0.0122396
0.0133068
0.0104812
0.0115484
0.0108821
0.0117388
0.0137034
0.0121661
0.0136508
0.0118777
0.0104775
0.0107693
0.0104295
0.0102524
0.0143659
0.0123573
0.0124128
0.0126856
0.0104233
0.0107407
0.0130726
0.0136438
0.0138065
0.015456
0.0101248
0.0117872
0.0108233
0.0127773
0.0111319
0.011585
0.0116077
0.0127283
0.010249
0.00978955
0.00998802
0.0108715
0.0107655
0.0106595
0.010684
0.0112947
0.0109838
0.0119171
0.00995992
0.0101508
0.0123043
0.0131643
0.0136773
0.014112
0.00895298
0.00903889
0.013568
0.0113672
0.00891844
0.0140174
0.0122373
0.0130698
0.0109108
0.0110516
0.00949263
0.0145432
0.0136408
0.0106294
0.010368
0.0126887
0.0107281
0.0137214
0.0127547
0.0131162
0.0107175
0.0122979
0.0117208
0.0101774
0.0104528
0.0122209
0.0111567
0.0156559
0.0117902
0.0136646
0.0163014
0.0107011
0.0106129
0.00936407
0.0122409
0.0136424
0.0124156
0.0123128
0.0134067
0.0127293
0.0115078
0.0119809
0.0130099
0.0105326
0.0122536
0.011634
0.0145707
0.0144701
0.0127405
0.0120888
0.0130446
0.0120825
0.0137879
0.0106015
0.0107443
0.0130953
0.0113157
0.0149176
0.0130734
0.014405
0.0120268
0.0101287
0.0101941
0.0140798
0.013148
0.0119142
0.0121265
0.0104004
0.012029
0.0132463
0.0133253
0.0108114
0.0106265
0.0114713
0.0145697
0.0111103
0.0106463
0.00979604
0.00925644
0.0105134
0.0106528
0.00966434
0.0112523
0.0110349
0.0118699
0.0104208
0.011568
0.0110372
0.00997589
0.0148668
0.0115573
0.012827
0.0102255
0.0107344
0.0127589
0.00996901
0.0109829
0.0123015
0.0110534
0.0121122
0.012689
0.0129716
0.0138858
0.0138935
0.0111111
0.0120114
0.0121613
0.0115862
0.0115525
0.011493
0.0137183
0.0117078
0.01234
0.0113317
0.0112699
0.0121516
0.0133058
0.0120077
0.0134851
0.0125573
0.0117092
0.0114596
0.0117943
0.0153507
0.0108432
0.0116233
0.0134698
0.0147384
0.0126685
0.0124925
0.013486
0.0118479
0.0122777
0.00921678
0.0124095
0.0122395
0.0108639
0.011511
0.0119622
0.0122703
0.0109898
0.0128979
0.012055
0.0127994
0.0102719
0.0111275
0.0135119
0.0108378
0.0152174
0.0116789
0.0139881
0.0138832
0.0120577
0.0120756
0.0124194
0.0138565
0.0108828
0.0152416
0.0116079
0.0108128
0.0113926
0.0111771
0.0146874
0.0106439
0.0156881
0.0116618
0.0129472
0.0111096
0.0113739
0.0104307
0.00967171
0.00965518
0.00987066
0.00988762
0.0109643
0.0095056
0.0125974
0.0108202
0.0129148
0.0101766
0.0131892
0.0119359
0.0127265
0.012094
0.0157503
0.0135412
0.0125707
0.0108802
0.0121178
0.0146172
0.011996
0.0116168
0.0111387
0.00998114
0.014118
0.0155328
0.0120955
0.0145217
0.0122236
0.0129577
0.0119889
0.0116729
0.0138243
0.0153416
0.0117533
0.0101629
0.0118768
0.0112125
0.0131332
0.011635
0.0138173
0.0109462
0.0107048
0.0113346
0.0125262
0.0111753
0.0131744
0.0134078
0.013467
0.0140431
0.0121733
0.012027
0.0139562
0.0100143
0.0107884
0.0115888
0.0128822
0.012371
0.0158536
0.0143127
0.0142223
0.0120431
0.0141655
0.0156758
0.0103425
0.0128777
0.0135742
0.0129834
0.0148701
0.0100288
0.0122289
0.0109503
0.0154136
0.0106661
0.0114171
0.0115392
0.0111274
0.0136863
0.0109377
0.0105451
0.0109387
0.0143564
0.0132867
0.0137709
0.0112452
0.011198
0.00885371
0.00893453
0.0087966
0.0118601
0.0119624
0.0110671
0.0102187
0.0103206
0.0103876
0.0113378
0.0103325
0.011716
0.0162481
0.0113919
0.0150281
0.0123617
0.015175
0.0107693
0.0112815
0.00959536
0.0108236
0.0120554
0.0118116
0.0120219
0.014146
0.0141156
0.013132
0.0109233
0.0109342
0.00986488
0.0107243
0.0149733
0.0110989
0.0122337
0.0123589
0.0127555
0.0140216
0.0108135
0.0117967
0.0112804
0.0127006
0.0141584
0.0105752
0.0107822
0.0105375
0.0136368
0.0109191
0.01454
0.011628
0.0110462
0.0100868
0.0131163
0.0108488
0.0119387
0.0179245
0.0125553
0.0143521
0.0115592
0.0123195
0.0120082
0.0114472
0.0129352
0.0128035
0.0113553
0.0132937
0.0142081
0.0131576
0.01246
0.0110766
0.0117586
0.0118539
0.0131679
0.0145767
0.0150731
0.0114075
0.0116238
0.0106831
0.0116765
0.0119932
0.0119702
0.0143604
0.0116235
0.0123467
0.0113278
0.00969742
0.0106922
0.0122696
0.0107888
0.0100733
0.0112753
0.0108489
0.0119425
0.0109085
0.0104199
0.00995569
0.0123331
0.0114718
0.0128902
0.0116932
0.0122362
0.0116637
0.0128737
0.0133977
0.0160175
0.0127618
0.0120284
0.0122603
0.0119352
0.0117868
0.012912
0.00894541
0.01216
0.00937264
0.0116731
0.0116169
0.0131596
0.0102104
0.0134455
0.0143764
0.0124364
0.0109287
0.0124227
0.0108908
0.0126552
0.0122134
0.01444
0.0133571
0.0120767
0.0108087
0.0120786
0.0106906
0.0115524
0.0104573
0.0105533
0.0134169
0.0092859
0.0128546
0.0158793
0.0128784
0.0151036
0.0114963
0.011353
0.011778
0.0119646
0.0112315
0.0111444
0.0121831
0.0123996
0.016068
0.0152355
0.0151553
0.0139694
0.0111147
0.0136466
0.0131991
0.0115374
0.0116195
0.012796
0.00972309
0.0143312
0.0107669
0.0114427
0.0115576
0.010974
0.00979878
0.0102714
0.0121009
0.0100448
0.0111467
0.01022
0.00919435
0.00920065
0.0105749
0.0114352
0.0114422
0.0133827
0.0107645
0.0154452
0.0150742
0.0122171
0.0168958
0.0134557
0.0114188
0.0119337
0.0109542
0.0123066
0.0118366
0.0108855
0.012564
0.0121914
0.0103995
0.0106935
0.0105082
0.0110918
0.0136549
0.0132509
0.0115755
0.012152
0.0111075
0.0129064
0.0115973
0.013792
0.0140298
0.0121928
0.0110706
0.0140246
0.0100146
0.0123225
0.0110713
0.0133102
0.0111517
0.0133621
0.0120578
0.0128481
0.010702
0.0130583
0.0126335
0.0103143
0.0121921
0.0134711
0.0110406
0.0143913
0.0115511
0.0144875
0.0110147
0.0111015
0.0126325
0.0134591
0.0136152
0.0136251
0.0138858
0.0134296
0.0110308
0.014323
0.0115589
0.0129474
0.0133323
0.0113812
0.0103621
0.0106676
0.010629
0.0119581
0.0105018
0.00974385
0.0110862
0.0104
0.0111956
0.0128419
0.0115546
0.0115254
0.0128043
0.0121354
0.012439
0.011502
0.0144244
0.0122695
0.0125425
0.0149141
0.0106404
0.0105464
0.0143301
0.0104668
0.0134145
0.0134239
0.0145357
0.0102643
0.0118477
0.0124106
0.0115825
0.0112267
0.0138856
0.0142083
0.0137834
0.0105765
0.0120581
0.0119025
0.0121124
0.0131076
0.0132453
0.0128099
0.0140521
0.0112989
0.01194
0.0142766
0.0153281
0.0146777
0.0118647
0.0109419
0.011209
0.0138688
0.0112225
0.0102226
0.013174
0.0141631
0.0125039
0.0117933
0.0128079
0.0130736
0.0141051
0.0106055
0.0106393
0.0109739
0.0135684
0.0104773
0.00966842
0.0107688
0.0101414
0.0138255
0.0101565
0.0107671
0.0112354
0.0103763
0.0106943
0.0121084
0.0128362
0.0141975
0.0124594
0.0128553
0.0121459
0.0113205
0.012246
0.0133875
0.0120844
0.0142299
0.0129876
0.0108511
0.0107194
0.0119622
0.0124597
0.0107657
0.0107775
0.0107843
0.0125122
0.0115562
0.0114884
0.011825
0.0128426
0.0127442
0.0115792
0.0115321
0.0141024
0.011701
0.013035
0.0117376
0.0127246
0.0132149
0.0128849
0.0103796
0.0121454
0.00888666
0.0121518
0.0143011
0.0112101
0.0100261
0.0109923
0.0112688
0.0119714
0.0142087
0.0144844
0.0131924
0.0115658
0.01302
0.0104231
0.0131289
0.0104681
0.0134626
0.0102283
0.0122115
0.0141193
0.0138609
0.012693
0.0144146
0.0117456
0.0113245
0.0125684
0.0130547
0.0102043
0.0110979
0.0108152
0.0133602
0.0100519
0.0123673
0.0112098
0.0120239
0.0131055
0.0124693
0.0125036
0.0109269
0.0110823
0.0127704
0.0117299
0.0111771
0.0119303
0.0128905
0.0106883
0.0134819
0.0113452
0.011752
0.0120984
0.0122927
0.0112851
0.0150582
0.0134536
0.00885483
0.0131526
0.0122444
0.0121848
0.0131283
0.010966
0.0134848
0.0130709
0.0112473
0.0160325
0.0136863
0.0114514
0.0104668
0.0124729
0.0146432
0.0129556
0.0125441
0.0134995
0.00975081
0.0109157
0.010726
0.0122704
0.0117059
0.0111408
0.0121656
0.0113394
0.0111777
0.0123825
0.0147159
0.0142778
0.0129656
0.0106585
0.0116312
0.0101424
0.0117395
0.0123298
0.0168231
0.011075
0.013794
0.0114751
0.011444
0.0116229
0.0123624
0.0133387
0.0125163
0.0109229
0.012882
0.0123848
0.0115118
0.0133623
0.013539
0.0145593
0.0117827
0.0135132
0.0120672
0.0127421
0.0106161
0.0124752
0.011959
0.0139117
0.0133812
0.0145348
0.0104076
0.01205
0.0114568
0.013692
0.0131038
0.0113794
0.0113309
0.0111437
0.009805
0.0122513
0.0117911
0.0114555
0.0117498
0.0136095
0.0109368
0.0111416
0.0119131
0.0160036
0.0132805
0.0120995
0.0122189
0.0124517
0.0111099
0.0106599
0.0104041
0.011708
0.0129385
0.0121033
0.011665
0.0111569
0.012107
0.0124339
0.0122576
0.0133804
0.0137071
0.0135616
0.0129343
0.012843
0.01157
0.0118417
0.0128294
0.0118694
0.0117202
0.0104979
0.0119756
0.0117783
0.0106337
0.0112807
0.0101702
0.0119601
0.0118253
0.0106715
0.0117112
0.0115913
0.010968
0.016045
0.0115471
0.0134892
0.0143146
0.0124025
0.0147471
0.0132936
0.0130333
0.0117295
0.0136037
0.0123512
0.0139816
0.0127285
0.012657
0.011048
0.0103332
0.0116531
0.0110132
0.0139523
0.0116343
0.013655
0.0108649
0.0127161
0.0115391
0.0118685
0.0163328
0.0102424
0.00890135
0.0128617
0.0137581
0.0118043
0.0119467
0.0112587
0.0156629
0.0138271
0.0117461
0.0133253
0.014487
0.0119875
0.0158478
0.0141998
0.0126912
0.0119479
0.0145287
0.0150642
0.0107482
0.0121666
0.0117507
0.0111197
0.010491
0.0118379
0.0113208
0.0125652
0.0133117
0.0135812
0.0113246
0.0132989
0.0138047
0.0131415
0.0106985
0.0117951
0.0112028
0.0135958
0.0121353
0.0122292
0.0110104
0.0115981
0.012207
0.0120081
0.0122434
0.0129187
0.0111567
0.0152305
0.0133605
0.0111883
0.0111168
0.0106449
0.0109102
0.0117109
0.0106789
0.0110098
0.0102415
0.0120404
0.0117518
0.0107304
0.00998194
0.0115736
0.0110366
0.0111557
0.0115709
0.0136733
0.0134337
0.0113946
0.0118463
0.0131277
0.0105049
0.0106459
0.0137069
0.012149
0.0121021
0.0115603
0.0134758
0.0114828
0.0108152
0.0139467
0.011714
0.0127832
0.0107289
0.0107486
0.0114
0.0113815
0.00977488
0.0130422
0.0116388
0.0136091
0.00980616
0.0119566
0.0119276
0.0110376
0.0152621
0.0116202
0.0110889
0.00974577
0.0145167
0.0113947
0.0116431
0.0120951
0.0123549
0.0118553
0.0117544
0.0120066
0.0108672
0.0110926
0.0118171
0.0114872
0.0125226
0.010537
0.0117123
0.0113859
0.0119823
0.0147193
0.0114573
0.0139177
0.0093506
0.0103271
0.0108876
0.010961
0.0112348
0.0129415
0.0106363
0.0126131
0.011474
0.0120084
0.0110583
0.0108198
0.0101947
0.00954558
0.0102501
0.013482
0.0131025
0.0116415
0.0106783
0.0120841
0.0112818
0.0111677
0.0137583
0.0128424
0.0102795
0.0131808
0.0105135
0.0104132
0.0104591
0.0124941
0.0110615
0.0104761
0.0106584
0.0126844
0.00873047
0.0156494
0.0105756
0.0108953
0.0112715
0.0153585
0.0134071
0.01121
0.0132558
0.0137266
0.0155467
0.015108
0.0109511
0.0114229
0.0158447
0.0120783
0.0140831
0.0149391
0.0108319
0.0138455
0.0106594
0.0113866
0.0140388
0.0141888
0.0124476
0.0146199
0.0115556
0.0139267
0.0113259
0.0124283
0.0110831
0.0130054
0.0127302
0.0117015
0.0114843
0.0115225
0.0157382
0.0150321
0.0131181
0.0116222
0.0135301
0.0120608
0.0116754
0.0132439
0.0117785
0.0127472
0.012157
0.0123376
0.0134207
0.0104797
0.0153832
0.0138229
0.0142533
0.0146924
0.0122787
0.0148497
0.0136374
0.0147782
0.0141883
0.0117499
0.0106211
0.0108427
0.0141423
0.0103166
0.0131693
0.0137241
0.0117926
0.012286
0.0150005
0.011855
0.0123841
0.0133176
0.0156421
0.013359
0.0133892
0.0127516
0.0151267
0.0143025
0.0146552
0.0158032
0.0120743
0.0140758
0.0126353
0.0131451
0.0114234
0.0113857
0.0110875
0.0112213
0.0132349
0.0123895
0.014055
0.0129892
0.0117974
0.0172163
0.0139083
0.011063
0.0117998
0.0109994
0.0131941
0.0141705
0.0117065
0.0120895
0.0118157
0.0117876
0.0106437
0.0106298
