0.012041
0.0120183
0.0115829
0.0108311
0.0108605
0.00772019
0.0118085
0.0116748
0.0112208
0.0112514
0.0118153
0.0115449
0.0117862
0.0117862
0.0111821
0.0111821
0.011492
0.0117867
0.0111982
0.011816
0.011252
0.0112214
0.0110761
0.0115218
0.00827989
0.010904
0.0108306
0.0115823
0.0117021
0.0114096
0.0124167
0.0123717
0.0124113
0.0114883
0.0122255
0.00804371
0.0100485
0.00689911
0.0128132
0.0130258
0.00851635
0.0100875
0.0124398
0.0125404
0.0141424
0.0124391
0.0124243
0.0124243
0.0128718
0.012179
0.0115556
0.0120151
0.0122054
0.0123066
0.00986226
0.00920929
0.0121503
0.0117656
0.00973865
0.012147
0.0093528
0.0127513
0.0117582
0.0109055
0.0120218
0.0108316
0.00907635
0.0113824
0.00931927
0.0122263
0.0117515
0.0111673
0.0124585
0.0117899
0.0115858
0.01178
0.00934358
0.00955232
0.0125066
0.0127304
0.0146701
0.0104302
0.0124274
0.0128334
0.0141261
0.0145198
0.0124243
0.0124243
0.0132381
0.0129189
0.0122972
0.0120177
0.0126621
0.0126614
0.0121686
0.0117042
0.0129829
0.0112081
0.0125893
0.0125347
0.00911717
0.00864033
0.015085
0.0150999
0.0148571
0.0120622
0.0127623
0.00821668
0.0102287
0.00718474
0.00779752
0.00819679
0.010716
0.010961
0.0121982
0.0121729
0.0141387
0.00831861
0.00850212
0.0154943
0.0145362
0.00895663
0.00938304
0.0151564
0.0120878
0.0114598
0.0119734
0.0141469
0.0100338
0.01224
0.01224
0.0114366
0.00871369
0.012236
0.012236
0.0121715
0.0115496
0.0122485
0.0116482
0.011698
0.0115199
0.0115821
0.00953933
0.0131006
0.0115351
0.0113685
0.0141486
0.013791
0.00954623
0.0145518
0.0143473
0.00838287
0.00961749
0.010999
0.0105013
0.0136898
0.0119271
0.0113031
0.0105206
0.00783849
0.0101518
0.0108239
0.0108847
0.0112785
0.0115334
0.011522
0.0126533
0.0101583
0.0115263
0.00847258
0.0106043
0.0157259
0.0139644
0.0083066
0.0108525
0.0137327
0.0103671
0.0117033
0.012121
0.00905803
0.00962779
0.0116961
0.0118028
0.00856609
0.00835576
0.0117864
0.0117864
0.0108762
0.0102785
0.0113988
0.0113032
0.0103985
0.0108781
0.00953283
0.0117767
0.00901519
0.00835481
0.0124
0.0127707
0.0134854
0.00859702
0.0113771
0.0131215
0.0134604
0.0134515
0.0108513
0.0084433
0.00858506
0.00886606
0.0102156
0.0108088
0.00983849
0.0106624
0.010797
0.0119604
0.0115495
0.0112374
0.0111857
0.0110883
0.0105735
0.00866267
0.00834398
0.00914014
0.00934478
0.013595
0.0133471
0.0100863
0.00771185
0.013623
0.0126826
0.0112638
0.0102977
0.0123415
0.0126731
0.00894049
0.0109927
0.0122524
0.0122521
0.0102457
0.0107296
0.0122366
0.0122366
0.010875
0.0108802
0.0127436
0.0121258
0.0107156
0.0112758
0.0148786
0.0144072
0.00778631
0.0102672
0.0148231
0.0107611
0.0106895
0.00820382
0.0114729
0.0116579
0.0118262
0.010422
0.0127379
0.0107186
0.0113688
0.010279
0.0106978
0.0102179
0.00816349
0.00814022
0.0082251
0.0108529
0.0116806
0.0119098
0.011293
0.01119
0.0111814
0.0108091
0.0108174
0.00971799
0.01023
0.00867091
0.0118301
0.0148364
0.0127514
0.0093855
0.0100053
0.0130806
0.014335
0.0141775
0.0123411
0.0123415
0.0127507
0.0108016
0.0122521
0.0122518
0.011352
0.0114947
0.012236
0.012236
0.0114543
0.0114543
0.0125369
0.0126366
0.0118167
0.0117425
0.0128844
0.012885
0.0109793
0.0119634
0.0125955
0.0131992
0.0112667
0.0115188
0.0127632
0.0124978
0.011961
0.0105294
0.0100684
0.00964265
0.0121167
0.0114962
0.0115059
0.0115059
0.0114961
0.0115835
0.00922992
0.00962785
0.0122935
0.0116758
0.0113569
0.0111857
0.0111814
0.0111814
0.0111864
0.011238
0.0108467
0.0116265
0.0116131
0.0135413
0.0149305
0.0141294
0.0132412
0.0107854
0.0122309
0.014016
0.012364
0.0127285
0.00979358
0.0101835
0.01224
0.012381
0.0117031
0.0111169
0.012236
0.012236
0.0117868
0.0117868
0.0122485
0.0122485
0.0122079
0.0116785
0.0119914
0.012447
0.0143352
0.0138628
0.0125062
0.0125118
0.0139446
0.0106392
0.0148459
0.0138979
0.0113809
0.0111106
0.0127781
0.00877825
0.008986
0.00852516
0.0105729
0.0110877
0.0109422
0.0117676
0.010727
0.0122838
0.0112018
0.0120337
0.011293
0.01119
0.0111814
0.0111814
0.0111821
0.0112208
0.0113739
0.0113217
0.0116663
0.0111089
0.0146845
0.00944571
0.0117162
0.00947469
0.0121963
0.0108105
0.0089133
0.0117439
0.0118436
0.0114042
0.0114608
0.0117903
0.0117903
0.0113237
0.0112915
0.0117862
0.0117862
0.0111641
0.0113138
0.0117935
0.0112026
0.0110471
0.0105142
0.0111391
0.00921159
0.012168
0.00961423
0.010976
0.0140896
0.0127401
0.0124262
0.0143833
0.0140054
0.0111373
0.0130922
0.0108001
0.00983582
0.0119766
0.0110729
0.0105161
0.0104361
0.0104361
0.00968296
0.0105788
0.010274
0.0110551
0.0113168
0.0103762
0.0113569
0.0111864
0.0111821
0.0111821
0.0111827
0.0111913
0.0113405
0.0118739
0.0111656
0.0110086
0.0123232
0.0141142
0.0106312
0.0104729
0.0125792
0.0120184
0.00904993
0.0123796
0.0121845
0.0115623
0.0113494
0.0117903
0.0121767
0.0117082
0.011823
0.0121132
0.01224
0.01074
0.0113069
0.0118368
0.0122641
0.00873305
0.00893987
0.0100975
0.0125046
0.0106223
0.0098007
0.0124648
0.0119718
0.0162124
0.0129456
0.0121266
0.0146587
0.0139804
0.0100254
0.0122513
0.0089171
0.00898653
0.00852578
0.0105729
0.0110884
0.011089
0.0105728
0.008163
0.00806586
0.00745031
0.00993176
0.00842681
0.0104683
0.0105582
0.0111907
0.0111814
0.0111814
0.0111814
0.0111864
0.011238
0.0115496
0.0119603
0.0100559
0.0116528
0.0135947
0.0133471
0.0128795
0.0134833
0.0134075
0.0126829
0.0129752
0.013227
0.0119059
0.0125661
0.0126775
0.0128513
0.0119246
0.0119246
0.0133314
0.012647
0.011672
0.0121742
0.0158241
0.0132065
0.0118418
0.00891234
0.0131733
0.016596
0.0159835
0.0106227
0.0115166
0.0104641
0.016617
0.0104882
0.00911534
0.0104519
0.0104292
0.00899056
0.009188
0.00896662
0.0112201
0.0110729
0.0105167
0.0104367
0.0104355
0.0105161
0.0110741
0.0112201
0.00896652
0.00884166
0.00990408
0.0120648
0.0109959
0.0111941
0.0111814
0.0111814
0.0111814
0.0111814
0.0112208
0.0113745
0.0112235
0.0114357
0.0129898
0.00998841
0.00921755
0.011424
0.0113077
0.0132522
0.0108528
0.00876922
0.0137443
0.0123736
0.0121207
0.0117033
0.013645
0.013645
0.0119246
0.0116959
0.0142946
0.0139444
0.0127753
0.012181
0.0153501
0.0159744
0.0144289
0.0142186
0.0128553
0.00961318
0.0158579
0.00913668
0.0100343
0.0120423
0.0115099
0.00890591
0.0158923
0.0115565
0.0121874
0.0145233
0.0122652
0.00789367
0.00851502
0.00816292
0.0105729
0.0110877
0.0110877
0.0105735
0.00852567
0.008986
0.00891712
0.0122506
0.0126859
0.0134908
0.0116021
0.0114726
0.0111814
0.0111814
0.0111814
0.0111814
0.01119
0.0113405
0.011991
0.0111818
0.010335
0.0139526
0.0141585
0.0105092
0.010456
0.0106556
0.0116113
0.0090503
0.0130855
0.0135766
0.0115623
0.0113496
0.0129788
0.0135675
0.0117903
0.0117903
0.0137621
0.0132062
0.01252
0.0117862
0.0128985
0.011054
0.0144
0.0124891
0.0144851
0.0150728
0.00729306
0.0123191
0.0158967
0.0157887
0.0129121
0.00720437
0.0126172
0.0148134
0.0140054
0.0136941
0.0100954
0.00958065
0.0117858
0.0107901
0.00996213
0.0104367
0.0104361
0.0105155
0.0110728
0.0119772
0.0098364
0.0108013
0.0120069
0.0118933
0.0116786
0.0111864
0.0111814
0.0111814
0.0111814
0.0111814
0.0111857
0.0113569
0.0116757
0.0122934
0.011664
0.0134902
0.0116127
0.0135405
0.0155204
0.0108395
0.0132407
0.0107854
0.0144188
0.014212
0.0123639
0.0127279
0.0133013
0.013918
0.0122405
0.012381
0.0130004
0.0128283
0.0122366
0.0122366
0.0133214
0.0113147
0.0128605
0.012249
0.016075
0.0157948
0.0122131
0.0127393
0.0149201
0.0138558
0.0122728
0.0125117
0.0132138
0.0120449
0.0148451
0.0138983
0.012473
0.00833699
0.00898007
0.00842934
0.0105646
0.0108222
0.0110877
0.0105735
0.00852565
0.00898611
0.00877825
0.0127789
0.0119598
0.0120054
0.0112251
0.0111907
0.0111814
0.0111814
0.0111814
0.0111814
0.0111901
0.011293
0.0120343
0.0117121
0.0148587
0.0153735
0.0145749
0.0119661
0.0122389
0.0165551
0.0129896
0.0100772
0.0137442
0.0134411
0.0123418
0.0125251
0.013645
0.013645
0.0122518
0.0122523
0.0138738
0.0134869
0.0118449
0.0118286
0.0153092
0.0153191
0.0126469
0.0118664
0.0132416
0.0104778
0.0133019
0.0132224
0.0108617
0.0135568
0.0140363
0.0130959
0.0173552
0.0158845
0.0130319
0.0132787
0.0121235
0.0100725
0.0119943
0.0110735
0.0105161
0.0104355
0.0104367
0.0105167
0.0110728
0.011727
0.00951253
0.0102218
0.0113636
0.0121099
0.0113739
0.0112594
0.0111827
0.011182
0.011182
0.011182
0.011182
0.0111863
0.0114422
0.0117115
0.0117093
0.0106233
0.013059
0.0111542
0.0130296
0.0104563
0.0112348
0.0137439
0.0103468
0.013085
0.013577
0.0132242
0.0130569
0.0129783
0.013567
0.0128061
0.0131628
0.0137615
0.0132067
0.0118441
0.0123725
0.0128989
0.0110545
0.0105636
0.0102375
0.0144858
0.0150733
0.0171859
0.0130176
0.0161673
0.0160642
0.0177651
0.0132279
0.0129223
0.0152089
0.0120896
0.0120337
0.0097903
0.0093097
0.00972349
0.00876218
0.00893803
0.0102179
0.0106979
0.0101832
0.0101827
0.00835525
0.00897471
0.00841673
0.0120222
0.011783
0.0116322
0.0114422
0.0111863
0.0111827
0.0111821
0.0111814
0.0111814
0.0111814
0.0112588
0.0113739
0.0121093
0.011363
0.0116102
0.0132214
0.0130589
0.0106232
0.01552
0.0108401
0.0104563
0.0112347
0.0144188
0.0142116
0.013577
0.0128804
0.0133013
0.013918
0.0130046
0.0128253
0.0129999
0.0128283
0.0125747
0.0132552
0.0133212
0.0113143
0.00984842
0.0122813
0.016075
0.0157947
0.0146459
0.0130382
0.0149195
0.0138555
0.0164549
0.0158304
0.0132129
0.0122928
0.0152087
0.0129229
0.0124431
0.00841669
0.00897473
0.00835526
0.0101833
0.0101833
0.0106972
0.0102179
0.00893864
0.00876218
0.00972349
0.00930977
0.00979024
0.0119598
0.0120053
0.0112245
0.01119
0.0111814
0.0111821
0.0111821
0.0111814
0.01119
0.0112245
0.0120054
0.0119598
0.0148585
0.0153735
0.0153741
0.0148591
0.0122393
0.0165548
0.0165551
0.0122389
0.0137444
0.0134417
0.0137442
0.0134412
0.013645
0.013645
0.013645
0.013645
0.0138744
0.0134869
0.0138738
0.0134869
0.0153096
0.0153197
0.0153096
0.0153192
0.013242
0.0104778
0.0132421
0.0104784
0.0108613
0.0135562
0.0135561
0.0108617
0.0173556
0.0158839
0.0158841
0.0173552
0.0121236
0.0100726
0.0119951
0.0110729
0.0105167
0.0104367
0.0104361
0.0105161
0.0110728
0.0119951
0.0100733
0.0121236
0.0113635
0.0121098
0.0113739
0.0112588
0.0111814
0.0111814
0.0111814
0.0111821
0.0111821
0.0111857
0.0114415
0.0116315
0.0117824
0.0106234
0.0130589
0.0116096
0.0132206
0.0106657
0.011235
0.0155204
0.0108396
0.0134558
0.0137442
0.0144188
0.014212
0.0133013
0.0137014
0.0133018
0.013918
0.0139409
0.013206
0.0130007
0.0128289
0.0128988
0.0104864
0.0133211
0.011315
0.0138633
0.0149762
0.0160751
0.0157943
0.0170127
0.0163684
0.0149198
0.0138563
0.0129231
0.0152101
0.0132136
0.012293
0.00979084
0.00931019
0.00972418
0.00876278
0.00893803
0.0102179
0.0106967
0.0101827
0.0101832
0.00835526
0.00897426
0.00841617
0.0124429
0.0117831
0.0116322
0.0114415
0.0111857
0.0111814
0.0111814
0.0111814
0.0111814
0.0111821
0.0112594
0.0113739
0.0121098
0.0113636
0.011808
0.0136778
0.0130595
0.0106237
0.0159896
0.0111123
0.010456
0.011235
0.0151146
0.0146265
0.0135766
0.0130855
0.0142206
0.0144423
0.013567
0.0129788
0.0132258
0.0137098
0.0132063
0.0137615
0.0118578
0.0114405
0.0110543
0.0128985
0.0191014
0.0146017
0.015073
0.0144855
0.0204484
0.0149126
0.0161674
0.0160636
0.0139481
0.0122935
0.0152097
0.0129224
0.0124429
0.00841615
0.00897426
0.00835526
0.0101826
0.0101826
0.0106972
0.0102179
0.00893803
0.00876218
0.00972352
0.0093097
0.00979034
0.0121728
0.0120059
0.0112245
0.01119
0.0111814
0.0111814
0.0111814
0.0111814
0.0111907
0.0112251
0.0120054
0.0119598
0.0162354
0.0159491
0.0153734
0.0148585
0.0155833
0.0180368
0.0165544
0.0122387
0.0154189
0.0158679
0.0137443
0.0134413
0.0150117
0.0150122
0.013645
0.013645
0.0145999
0.0144635
0.0138744
0.0134869
0.0154899
0.0146434
0.0153092
0.0153197
0.016451
0.0163172
0.0132416
0.0104778
0.0170453
0.0163937
0.0135561
0.0108613
0.0177866
0.0167761
0.0158853
0.0173561
0.0123672
0.0100733
0.0119951
0.0110728
0.0105161
0.0104361
0.0104361
0.0105167
0.0110735
0.0119946
0.0100731
0.0121242
0.0124717
0.0123705
0.0112894
0.0112588
0.0111814
0.0111814
0.0111814
0.0111814
0.0111814
0.0111864
0.0114428
0.0116322
0.0117825
0.0145465
0.0148104
0.0116106
0.0132215
0.0162812
0.0159688
0.0155204
0.0108401
0.0163174
0.0164512
0.0144189
0.0142121
0.0146437
0.0154899
0.0133013
0.013918
0.0144622
0.0145994
0.0129999
0.0128283
0.0150117
0.0150113
0.0133212
0.0113143
0.0158685
0.0154183
0.016075
0.0157947
0.0162985
0.0166903
0.0149194
0.0138554
0.0184181
0.0177291
0.0132133
0.0122927
0.0121685
0.0099677
0.00990194
0.00876271
0.00893865
0.0102179
0.0106973
0.0101833
0.0101833
0.00835526
0.00897474
0.00841673
0.0124426
0.0125498
0.0123615
0.0113199
0.0113199
0.0111821
0.0111821
0.0111821
0.0111821
0.0111821
0.0111821
0.0113192
0.0114048
0.0120948
0.0112266
0.0143237
0.014296
0.0126974
0.0104563
0.0197606
0.0145555
0.0160999
0.0104563
0.0109176
0.0138633
0.0146017
0.019102
0.0135771
0.013085
0.012899
0.0104871
0.0114413
0.0118585
0.013567
0.0129782
0.0139413
0.0132053
0.0137087
0.0132251
0.0132068
0.0137615
0.0133023
0.0137018
0.0144423
0.0142202
0.011054
0.012899
0.0134561
0.0146267
0.0151148
0.0150728
0.0144851
0.016828
0.0119526
0.0185545
0.0163178
0.016218
0.0198062
0.018198
0.0157822
0.0129605
0.0120378
0.00986284
0.00986284
0.00872858
0.00872858
0.00980996
0.0098105
0.0098099
0.00980988
0.00872905
0.00872858
0.0096877
0.00922813
0.00990082
0.0138211
0.0128681
0.0115731
0.0113198
0.011182
0.0111814
0.0111814
0.0111814
0.0111814
0.0111814
0.0113186
0.0113186
0.0123621
0.01215
0.00987816
0.0120307
0.00940513
0.0154534
0.0138291
0.0131708
0.00992769
0.0159241
0.0161262
0.0145735
0.0123958
0.0131306
0.00995228
0.0149762
0.0144243
0.0136557
0.0164914
0.0156197
0.0143883
0.0143887
0.0147059
0.0150144
0.0150144
0.0147059
0.0143883
0.0143891
0.0156202
0.0164915
0.0144233
0.0136562
0.0137429
0.013131
0.00995289
0.0130096
0.0113935
0.0110271
0.0135714
0.010402
0.0132751
0.0165344
0.0147524
0.0165825
0.0173849
0.0178676
0.0104989
0.00931949
0.00974877
0.00872858
0.00872858
0.00980994
0.00980994
0.00980992
0.00980995
0.00872917
0.00872861
0.00986283
0.00986347
0.011987
0.00873985
0.00967284
0.0125159
0.0136316
0.0117833
0.0118268
0.0111814
0.011182
0.011182
0.0111814
0.0111814
0.0111814
0.0113186
0.0113186
0.0123615
0.0123622
0.0138541
0.0117449
0.0144898
0.0138553
0.0116954
0.0124798
0.0154253
0.0154255
0.0169326
0.013421
0.0154844
0.0157562
0.0143796
0.0173445
0.014786
0.0152481
0.0135115
0.0143115
0.0155129
0.0147599
0.0144418
0.0140078
0.0177292
0.015553
0.0154086
0.014691
0.0131354
0.0167031
0.0158168
0.0156141
0.0153169
0.0120433
0.0169091
0.0166465
0.0183256
0.0174266
0.0118428
0.0099747
0.0131062
0.0108003
0.00866475
0.00853317
0.00832455
0.00980994
0.00980994
0.00980994
0.00980994
0.00872856
0.00872857
0.00986338
0.00986351
0.0122208
0.0122783
0.011533
0.011292
0.0117055
0.0114603
0.0117379
0.0111814
0.0111814
0.0111814
0.011182
0.011182
0.0111814
0.0113186
0.0113186
0.0123615
0.0123615
0.0135926
0.0132682
0.01449
0.0144902
0.0185949
0.0145547
0.0147904
0.0159108
0.0155948
0.0138637
0.014946
0.0192625
0.0157557
0.0160349
0.0128987
0.0104876
0.0114413
0.0123235
0.0156719
0.01543
0.0139415
0.0132049
0.0135248
0.0132245
0.015816
0.0155948
0.013302
0.0137019
0.0140628
0.0140628
0.0164276
0.0158616
0.0134557
0.0144508
0.014667
0.0162033
0.0163699
0.0165062
0.0119532
0.0180743
0.0166517
0.0157221
0.0189929
0.0175271
0.0183263
0.0183256
0.0118274
0.00970017
0.00985107
0.00876265
0.00924074
0.0105765
0.0105638
0.0104204
0.00986122
0.0098105
0.00980994
0.00872861
0.00872916
0.0098634
0.00986283
0.0122214
0.0138205
0.0128681
0.0115731
0.0113186
0.0111814
0.0111814
0.0111814
0.0111814
0.0111814
0.0111814
0.011182
0.011182
0.0113186
0.0113186
0.0123621
0.0123622
0.00987899
0.0120299
0.00940598
0.0154534
0.0144898
0.0144902
0.00992753
0.0159244
0.0161273
0.0159109
0.0159102
0.0131305
0.00995235
0.014976
0.0162471
0.0162471
0.0164915
0.0156197
0.0158617
0.0158616
0.0147059
0.0150144
0.0158129
0.0158129
0.0143888
0.0143891
0.0158617
0.0158617
0.0144238
0.0136555
0.0137439
0.0162471
0.0162471
0.0130085
0.011393
0.0110279
0.0166521
0.0166517
0.0132748
0.0165347
0.0147523
0.0165827
0.0183269
0.0183269
0.0104988
0.00931955
0.00974928
0.00872858
0.00872857
0.0101826
0.0101826
0.0104361
0.0104361
0.0101833
0.0101833
0.00872857
0.00872907
0.0098635
0.00986282
0.0122208
0.00873925
0.00967284
0.0125165
0.0136317
0.0117839
0.0118274
0.0111814
0.0111814
0.0111814
0.0111814
0.0111814
0.0111814
0.0117386
0.0114609
0.0117061
0.0112926
0.0115331
0.0121029
0.0138531
0.0117444
0.0134499
0.013741
0.0116954
0.0124793
0.0145918
0.0150092
0.0169325
0.013421
0.0163699
0.0162033
0.0143791
0.0173442
0.0158616
0.0164276
0.0135114
0.014311
0.0155948
0.015816
0.0144418
0.0140078
0.01543
0.015672
0.0154088
0.0146911
0.0160349
0.0157557
0.0158168
0.0156144
0.0161416
0.0163163
0.0169098
0.016648
0.017636
0.017553
0.0118435
0.00997581
0.0131056
0.0107992
0.00866485
0.00853316
0.00832446
0.00980989
0.0098099
0.0098612
0.0104197
0.0105632
0.0105765
0.00924069
0.00876206
0.00985041
0.00969966
0.0120056
0.0122783
0.011533
0.011292
0.0117055
0.0114603
0.0117386
0.0111827
0.011182
0.011182
0.011182
0.011182
0.0111821
0.0118275
0.0117839
0.0136316
0.0125164
0.0096722
0.00873945
0.0135916
0.0132674
0.011745
0.0139309
0.0185945
0.0145555
0.0147898
0.0127234
0.011442
0.0138633
0.0149462
0.0192628
0.0167032
0.0131362
0.012899
0.0104871
0.0114413
0.0123236
0.0155526
0.0177291
0.0139413
0.0132053
0.0135248
0.0132245
0.0147594
0.0155124
0.0133024
0.0137018
0.0140628
0.0140628
0.0152476
0.0147855
0.013456
0.0144514
0.0146671
0.0157557
0.0154839
0.0165072
0.011953
0.018074
0.0152886
0.0161413
0.0189921
0.0175261
0.0166472
0.0166884
0.0118261
0.00969966
0.00985041
0.00876205
0.00924118
0.0105771
0.0105633
0.0104197
0.00986061
0.00980995
0.00980994
0.00832455
0.00853367
0.00866485
0.0107997
0.0131062
0.00997523
0.0118429
0.0138212
0.0128688
0.0115737
0.0113192
0.011182
0.011182
0.0111814
0.011182
0.011182
0.0111814
0.0117379
0.0114603
0.0117055
0.0115308
0.012007
0.013541
0.00987477
0.0120308
0.00940513
0.0154535
0.0143834
0.00940507
0.011478
0.00987827
0.0103745
0.0157882
0.0159803
0.0156499
0.01532
0.00992828
0.0132419
0.0104782
0.0149758
0.0150728
0.0131307
0.00995339
0.0153194
0.0153096
0.0164918
0.0156197
0.0134869
0.013874
0.0147064
0.0150148
0.013645
0.0136457
0.0143893
0.0143896
0.0137436
0.013442
0.0137433
0.0135763
0.0144242
0.0136563
0.0128323
0.0117037
0.0110276
0.0113935
0.0108045
0.0130096
0.0135066
0.0165344
0.0147524
0.0165825
0.0160304
0.0144577
0.0159901
0.0132755
0.0104989
0.00931948
0.00974877
0.00872858
0.00872857
0.00980993
0.00980995
0.00986061
0.0104198
0.0105633
0.0105764
0.00924068
0.00876205
0.00973501
0.00916016
0.0103044
0.00882132
0.00967269
0.0125159
0.013631
0.0117839
0.0118275
0.0111814
0.0111814
0.0111814
0.0111814
0.011182
0.011182
0.0118268
0.0117833
0.013631
0.0125159
0.00967284
0.00882113
0.0137824
0.0116112
0.0116117
0.0137828
0.0144179
0.0135326
0.0131024
0.0131014
0.0144178
0.0135336
0.0144857
0.0157945
0.0160746
0.0157947
0.0160759
0.0144858
0.012899
0.0110553
0.0113154
0.0133214
0.0113149
0.0133212
0.0110552
0.0128991
0.0137621
0.0132059
0.0128276
0.0130003
0.0128276
0.0129998
0.0132061
0.0137615
0.0129795
0.0135675
0.013918
0.0133013
0.013918
0.0133013
0.013567
0.012979
0.0130855
0.0142116
0.0144188
0.0142115
0.0144188
0.0130849
0.0163168
0.0116648
0.0170507
0.0170513
0.0163171
0.0116647
0.0181095
0.0165918
0.0165918
0.0181098
0.0116633
0.00997523
0.0131062
0.0108003
0.00866475
0.00853317
0.00832455
0.00980994
0.00980995
0.00980995
0.00980993
0.00832454
0.00853315
0.00866487
0.0108005
0.0131062
0.00997527
0.0116644
0.0135413
0.0120067
0.0115307
0.0117055
0.0114603
0.0117386
0.0111814
0.0111814
0.0111814
0.0111814
0.0111814
0.011182
0.0113192
0.0115724
0.0128671
0.0138203
0.00987899
0.0114776
0.00940598
0.0143836
0.0154537
0.00940608
0.0120306
0.00987527
0.00992753
0.0156501
0.0153205
0.0157883
0.0159803
0.0103741
0.0131302
0.00995232
0.0150735
0.014976
0.0132416
0.0104783
0.0164914
0.0156193
0.0153197
0.0153092
0.0147059
0.0150144
0.0134869
0.0138744
0.0143883
0.0143891
0.013645
0.0136457
0.0144234
0.0136559
0.0135764
0.0137435
0.0137438
0.0134417
0.013009
0.011393
0.0108045
0.0117032
0.0110276
0.0128318
0.0132748
0.0159894
0.0144575
0.0160302
0.0165825
0.0147522
0.0165344
0.0135059
0.0103045
0.00916009
0.00973503
0.00876265
0.00924122
0.010577
0.0105638
0.0104204
0.00986121
0.00981049
0.00980994
0.00872858
0.00872859
0.00974887
0.00931996
0.0104994
0.00873927
0.00967286
0.0125165
0.0136317
0.0117839
0.0118274
0.0111814
0.0111814
0.0111814
0.0111814
0.0111814
0.0111814
0.0117386
0.0114603
0.0117055
0.0112926
0.011533
0.0122775
0.0138531
0.0117444
0.0132679
0.0135932
0.0109642
0.0124793
0.0147904
0.0185949
0.0145551
0.0159346
0.0125154
0.0149466
0.0192625
0.0138632
0.0147374
0.016848
0.0114413
0.012324
0.0104871
0.0128987
0.0139802
0.0147115
0.0135253
0.0132245
0.013205
0.0139409
0.0144418
0.0140078
0.0140633
0.0140633
0.0137014
0.013302
0.0151557
0.014691
0.0144514
0.0146675
0.0134556
0.0156601
0.0156147
0.0180737
0.0165068
0.0119532
0.0169094
0.0166472
0.0175261
0.0189921
0.0118434
0.00997516
0.0131056
0.0108004
0.00866487
0.00853315
0.00832455
0.00980994
0.00980994
0.0098612
0.0104203
0.0105632
0.0105764
0.00924067
0.00876254
0.00985106
0.00970016
0.0118267
0.0122783
0.011533
0.011292
0.0117055
0.0114597
0.0117379
0.011182
0.0111814
0.0111814
0.0111814
0.0111814
0.0111814
0.0118274
0.0117839
0.0135631
0.013216
0.0109945
0.00990163
0.0133582
0.0132674
0.013126
0.0148225
0.0127083
0.0138698
0.0133178
0.0138798
0.0125487
0.0116952
0.013072
0.013072
0.0147457
0.0147128
0.0169327
0.0134217
0.0128097
0.0128097
0.0141982
0.0147374
0.0143791
0.0173445
0.0127911
0.0127911
0.0139768
0.0141687
0.0135115
0.0143111
0.0126584
0.012825
0.013645
0.0140628
0.0144418
0.0140078
0.0124641
0.0128533
0.0142326
0.0142404
0.0154086
0.014691
0.0105298
0.0161835
0.0124077
0.0176408
0.0162584
0.0158165
0.0187267
0.0175267
0.0172041
0.0176136
0.0118274
0.00970016
0.00985049
0.00876206
0.00924068
0.0105771
0.0105633
0.0108129
0.0102124
0.0106967
0.0102173
0.00849337
0.00853213
0.00840593
0.0103229
0.0118472
0.00979482
0.0117247
0.0142174
0.0128688
0.0115731
0.0113186
0.011182
0.0111821
0.0111821
0.0111827
0.0111827
0.011182
0.011182
0.0111821
0.0113193
0.0115737
0.0119241
0.0127611
0.0100674
0.0145681
0.0116335
0.0161268
0.0110222
0.0139983
0.0125958
0.01535
0.0119356
0.0127083
0.0119355
0.0127083
0.0139936
0.020308
0.00961961
0.012447
0.0124472
0.013072
0.013072
0.0123896
0.0126565
0.00965167
0.0122485
0.0122485
0.0128097
0.0128097
0.0164915
0.0150722
0.012236
0.012236
0.0127911
0.0127911
0.0147059
0.0150144
0.0122518
0.0122518
0.0128062
0.0128062
0.0145847
0.0143715
0.0123413
0.0123413
0.012869
0.012869
0.0150342
0.014634
0.014451
0.0103359
0.0142141
0.0116522
0.0128595
0.0143415
0.0147368
0.0138685
0.0142873
0.0166065
0.0150434
0.0169709
0.0104033
0.0118287
0.0109111
0.0157776
0.0104988
0.00931955
0.00974928
0.00872858
0.00872858
0.0101827
0.0101832
0.0108097
0.0108097
0.0108091
0.0108091
0.0105167
0.0110735
0.0122779
0.00900447
0.00960699
0.0106233
0.0109684
0.0130059
0.0142394
0.0117839
0.0118275
0.011182
0.011182
0.0111814
0.0111814
0.0111814
0.011182
0.011182
0.0111814
0.0113186
0.0113186
0.0117206
0.0115433
0.0100676
0.0128259
0.0113194
0.0117204
0.0119901
0.00955876
0.00938984
0.010867
0.0152685
0.0132188
0.0128319
0.012708
0.0168608
0.0145085
0.0127082
0.0112366
0.0145019
0.0130461
0.0132644
0.0107364
0.0149182
0.0105082
0.010479
0.00951926
0.00986128
0.00909645
0.0096705
0.0116301
0.0123976
0.00893037
0.00977631
0.00904573
0.011641
0.011303
0.0105014
0.0136156
0.0109727
0.00864338
0.00864595
0.00848355
0.0104612
0.0105801
0.011829
0.0118967
0.0107074
0.0105891
0.0118173
0.0125544
0.0122648
0.00928969
0.00903642
0.00885662
0.010577
0.0105627
0.010853
0.0103206
0.0110135
0.0111026
0.0122518
0.0122518
0.0100329
0.00932028
0.0120258
0.0129367
0.0109104
0.0133716
0.0129714
0.0105745
0.0109058
0.0108351
0.0112514
0.011358
0.0118475
0.0118328
0.0126734
0.0123413
0.0146267
0.0116142
0.0132006
0.0108941
0.00936681
0.0102489
0.0104455
0.0107059
0.0110861
0.0114782
0.014145
0.0134524
0.0128385
0.0157571
0.0174383
0.0140233
0.0159306
0.0142471
0.0160341
0.0126007
0.0157263
0.0115684
0.0105687
0.0098794
0.0131094
0.0107997
0.00866485
0.00853367
0.00832455
0.0101827
0.0101832
0.0108091
0.0108085
0.011182
0.011182
0.0110877
0.0105729
0.00852514
0.00898599
0.00907745
0.0125713
0.0106227
0.0106198
0.0127091
0.0134987
0.0117412
0.0122046
0.0114603
0.0117386
0.0111814
0.0111814
0.0111814
0.0111814
0.0111814
0.0111814
0.0111814
0.011182
0.0113192
0.0113186
0.0117206
0.0117206
0.0125277
0.0136521
0.0117547
0.01172
0.0127014
0.0118342
0.0131369
0.0116568
0.00750219
0.017077
0.0105718
0.0180113
0.0100007
0.0114257
0.00722764
0.00722846
0.0125525
0.0143225
0.0112879
0.0171325
0.0110638
0.0174182
0.0128068
0.0129828
0.0105807
0.00711088
0.0159766
0.00703602
0.01764
0.0180483
0.0166735
0.0104519
0.0141586
0.017719
0.0136431
0.0164973
0.0102068
0.0108866
0.015689
0.0162192
0.0095932
0.0118142
0.0114441
0.0111032
0.0134074
0.0116311
0.0116319
0.0144745
0.0119528
0.0119865
0.0175158
0.0126417
0.0113823
0.0125939
0.0106671
0.0109253
0.0107669
0.011395
0.0112331
0.0132878
0.0139969
0.0155063
0.0140566
0.0158173
0.0101466
0.00987951
0.0131246
0.0108513
0.00868729
0.00856411
0.00882875
0.0105764
0.0105632
0.0108135
0.0102136
0.0108091
0.0108084
0.0111814
0.0111814
0.011182
0.011182
0.0114783
0.0114827
0.0127853
0.00937681
0.0107179
0.00896558
0.0100906
0.0115663
0.0130571
0.0113262
0.0122053
0.0114603
0.0117386
0.011182
0.0111814
0.0111814
0.0111814
0.0111814
0.0111814
0.0111814
0.0111814
0.0117386
0.0114603
0.0117055
0.0112926
0.0110218
0.0113573
0.00993331
0.013607
0.0100348
0.0117868
0.011913
0.0122386
0.0114218
0.0124519
0.0105166
0.00990528
0.0128324
0.0107542
0.0107165
0.0132728
0.00928111
0.0116754
0.0120837
0.0133675
0.0102476
0.0121348
0.0156995
0.0133812
0.013741
0.0125676
0.0127593
0.0138474
0.016986
0.014348
0.0110686
0.0110805
0.015293
0.0177787
0.0123237
0.0109207
0.0152776
0.0146368
0.0120168
0.0126156
0.0156729
0.014839
0.0111482
0.0114027
0.0176819
0.0149793
0.0159087
0.0135205
0.0175465
0.0169636
0.00985412
0.00952359
0.0119412
0.0108523
0.0109142
0.0106155
0.0112856
0.0110475
0.0115306
0.0106734
0.00842738
0.0085647
0.00882926
0.010577
0.0105632
0.0108135
0.010213
0.0108091
0.0108091
0.0111814
0.0111814
0.0111814
0.0111814
0.0111814
0.0111814
0.011182
0.011182
0.0111857
0.0117563
0.0119764
0.0144563
0.0110507
0.009052
0.00901904
0.00866742
0.0110877
0.0110877
0.0111814
0.0111814
0.011182
0.011182
0.0111814
0.0111814
0.0111814
0.0117379
0.0114603
0.0122053
0.0117412
0.0130862
0.0128112
0.0104144
0.00929705
0.00946983
0.00916843
0.0102042
0.0123343
0.0129278
0.0132624
0.0138139
0.0145255
0.0136518
0.00976696
0.0117158
0.0115433
0.0109123
0.0106835
0.00899162
0.0106575
0.00787875
0.0102399
0.00883191
0.0100723
0.0186504
0.0114327
0.014764
0.0102294
0.016899
0.014419
0.0130796
0.0110863
0.00947566
0.00934483
0.0149047
0.0165249
0.0123401
0.0118921
0.0116614
0.0115038
0.0115623
0.0113488
0.0151604
0.0154939
0.0109996
0.0108547
0.0111541
0.0111375
0.0117903
0.0117903
0.0147851
0.0155313
0.0105932
0.0116464
0.0112881
0.0111669
0.0117345
0.0118085
0.0139299
0.0150969
0.0119293
0.0130344
0.0117625
0.0115488
0.0122221
0.011908
0.0161787
0.0112403
0.0178356
0.015785
0.0129132
0.0131476
0.01148
0.0208264
0.0190287
0.0167679
0.0149325
0.0132925
0.0108419
0.0130739
0.0107818
0.00842373
0.00856471
0.00884827
0.0106117
0.0111669
0.0112502
0.0112502
0.0112502
0.0112274
0.0108054
0.0102728
0.00986389
0.00986389
0.0102728
0.0108053
0.0116094
0.0115059
0.0121569
0.0114603
0.0117386
0.0111814
0.0111814
0.0111814
0.0111814
0.0111814
0.011182
0.011182
0.0111814
0.0111901
0.0112245
0.0123647
0.0125721
0.010898
0.0100245
0.0132272
0.0114823
0.0109368
0.0108135
0.010213
0.0108097
0.0113471
0.0114603
0.0122053
0.0117405
0.0130855
0.0130534
0.0105384
0.0104711
0.0103854
0.00965478
0.0101078
0.00972928
0.00851719
0.0107109
0.0104509
0.0120573
0.0113387
0.0134185
0.00988189
0.013947
0.0107909
0.0143466
0.00901658
0.0124313
0.0122809
0.0113446
0.013153
0.0119241
0.0115731
0.0107037
0.0108086
0.0115787
0.00959411
0.0100102
0.0130923
0.0144316
0.0140851
0.0107287
0.0153574
0.0140992
0.014094
0.0113889
0.013725
0.0128772
0.00860526
0.00876471
0.0134969
0.0136727
0.0148799
0.0134651
0.0117449
0.013638
0.0116632
0.0102701
0.0104193
0.00792798
0.00840239
0.00860447
0.0131089
0.0131892
0.0141982
0.0147374
0.0124028
0.0119053
0.0121794
0.0121219
0.0118774
0.0103186
0.0103384
0.0109082
0.0108199
0.0127911
0.0127911
0.0141653
0.0141653
0.0115025
0.0114336
0.0108362
0.0116292
0.0117297
0.0122
0.00831685
0.00823242
0.00802417
0.0107388
0.0127948
0.0127948
0.0137961
0.0141959
0.0111679
0.0118045
0.00932885
0.00903756
0.00896207
0.0115823
0.00819804
0.00848181
0.0126059
0.0117824
0.0123481
0.0130624
0.011704
0.0128457
0.012948
0.00979229
0.0100403
0.0120176
0.011053
0.010355
0.0124989
0.0132114
0.0121768
0.013151
0.0110043
0.0108999
0.0101285
0.0167944
0.0113853
0.0192183
0.0167725
0.0137961
0.0146209
0.0113643
0.00803216
0.00927581
0.0119789
0.00994712
0.0100733
0.00876205
0.00924068
0.0105764
0.0105633
0.0108135
0.0102124
0.0108084
0.0108091
0.0111814
0.0111814
0.0108091
0.0108091
0.0101833
0.0101833
0.00832451
0.00853311
0.00811232
0.0105333
0.0117071
0.0121263
0.0150396
0.0141156
0.0148269
0.0117839
0.0118274
0.0111814
0.0111814
0.0111814
0.011182
0.011182
0.0111814
0.0111814
0.0111814
0.0112588
0.0115432
0.0128952
0.01454
0.0146998
0.0128113
0.011323
0.00844822
0.00856411
0.00886795
0.0108497
0.0125255
0.0130534
0.0105384
0.0104705
0.00933596
0.0141601
0.00972817
0.0165576
0.0168518
0.0167693
0.0109873
0.0101275
0.00987975
0.00876276
0.00893756
0.0104946
0.0104952
0.00852522
0.00898601
0.00934155
0.0134547
0.0166793
0.0178269
0.00901638
0.0119964
0.0119959
0.00901687
0.0104706
0.0108682
0.0133661
0.0138311
0.0117839
0.0118275
0.011182
0.0108222
0.0105634
0.00839682
0.00853242
0.00830454
0.010611
0.0115596
0.0112746
0.0129556
0.00965368
0.010193
0.00931389
0.00944431
0.0164108
0.0147453
0.0144653
0.0109825
0.00967626
0.0109581
0.0122559
0.0123811
0.0142229
0.010929
0.0124327
0.0153361
0.0142342
0.0158757
0.0138654
0.0111349
0.0137091
0.0124448
0.0135129
0.0120852
0.0127403
0.0114245
0.0115652
0.00957203
0.00953268
0.0117763
0.0144079
0.0148788
0.0122949
0.0139937
0.0105004
0.0105663
0.0123671
0.012573
0.0120108
0.0117594
0.0124698
0.0119916
0.0120733
0.0115774
0.0113986
0.011303
0.0121252
0.0127442
0.0129417
0.0124591
0.0130421
0.0127826
0.0100035
0.00890232
0.0133986
0.0123255
0.0120146
0.011291
0.0129148
0.0132157
0.0117862
0.0117862
0.0117862
0.0117862
0.012236
0.012236
0.0124035
0.0123999
0.0115076
0.0119491
0.0116547
0.0112573
0.0106104
0.0125998
0.0117927
0.0112294
0.0156536
0.0141617
0.0117903
0.0117903
0.0116959
0.0118026
0.012381
0.01224
0.0137622
0.0136908
0.0116889
0.00941293
0.0095578
0.0115271
0.00867062
0.0114756
0.010444
0.0116134
0.0117591
0.0148559
0.0113447
0.0113494
0.0115624
0.0117036
0.0121207
0.0133236
0.0124858
0.0131454
0.0131413
0.0105454
0.0118829
0.0121693
0.0109531
0.00718214
0.0102913
0.0139451
0.0134461
0.0142033
0.0133472
0.00973281
0.00934453
0.00947504
0.0111585
0.0149788
0.0136824
0.0157331
0.0133128
0.0137975
0.0092378
0.007039
0.0169833
0.0140439
0.0148394
0.0138377
0.0141373
0.0163811
0.0131974
0.0143264
0.0178393
0.0121134
0.0106622
0.0129543
0.0102872
0.0104343
0.0100602
0.00922066
0.00965289
0.00872858
0.00872858
0.0101827
0.0101832
0.0108091
0.0108091
0.0111827
0.0111827
0.011182
0.011182
0.0108091
0.0108091
0.0101832
0.0101833
0.00872907
0.00872858
0.00942665
0.00915255
0.00967363
0.0133955
0.0119241
0.0115737
0.0113193
0.0111821
0.0111827
0.0111827
0.011182
0.011182
0.0111821
0.0111821
0.011182
0.0118268
0.0117833
0.0144395
0.0130163
0.0125508
0.0100195
0.00839231
0.00865962
0.00998563
0.00899041
0.0107836
0.0129737
0.0104868
0.0111332
0.0100734
0.00999478
0.010408
0.0103684
0.00566669
0.00769987
0.00686454
0.0130688
0.00859052
0.0131599
0.0160179
0.0118295
0.0119224
0.0121742
0.010358
0.0109364
0.0105918
0.0105929
0.0111144
0.0104487
0.0166252
0.0164748
0.0123444
0.0105433
0.0131664
0.0111248
0.0111134
0.0105161
0.0110734
0.0125015
0.00994484
0.0147377
0.0108268
0.0151184
0.0148401
0.0158875
0.00908214
0.0119963
0.0119952
0.00901708
0.0104711
0.0105384
0.0130521
0.013085
0.0117413
0.0122054
0.0114603
0.0117386
0.011182
0.0111814
0.0111814
0.0108085
0.0108091
0.010213
0.0108135
0.0106247
0.0112208
0.0111502
0.0106118
0.00884822
0.00856411
0.00868779
0.0108519
0.0132477
0.0104389
0.0108966
0.00821215
0.00681756
0.0105435
0.0122287
0.0133472
0.013097
0.0113694
0.00977247
0.0109573
0.012256
0.0123812
0.0136589
0.0111724
0.0133379
0.01518
0.0122152
0.010141
0.00872493
0.00999708
0.0107979
0.0125213
0.0124586
0.0121845
0.0123796
0.0118436
0.0117439
0.0115652
0.00957126
0.00953274
0.0117767
0.013855
0.0137786
0.0115769
0.0118528
0.0146357
0.0109294
0.011896
0.0121742
0.0117343
0.0109579
0.0127046
0.0127041
0.0121767
0.0117903
0.0117903
0.0117903
0.0120733
0.0115775
0.0113986
0.011303
0.0116785
0.0122874
0.0100094
0.0115672
0.0133474
0.0130964
0.01137
0.00977256
0.0120829
0.0133771
0.012647
0.0133314
0.01224
0.0121132
0.0117862
0.0117862
0.0117862
0.0117862
0.0117862
0.0117862
0.0117868
0.0117868
0.0119601
0.0119842
0.0115076
0.0119484
0.0116546
0.0119704
0.0106025
0.00837869
0.0132065
0.0164324
0.0122641
0.0118368
0.0112026
0.0117935
0.0117903
0.0117903
0.0116959
0.0118026
0.0119049
0.0117909
0.013856
0.0137404
0.0116278
0.00941299
0.00955775
0.0115271
0.00871155
0.010315
0.0168473
0.013484
0.0125051
0.0100975
0.00921163
0.0111391
0.0113495
0.0115624
0.0117036
0.0121207
0.0125653
0.0119066
0.0137933
0.0136589
0.0111724
0.0123812
0.012256
0.0109574
0.00572351
0.00887305
0.00928955
0.0104889
0.00926245
0.0115779
0.0124453
0.0106268
0.00934445
0.0094755
0.0111588
0.0139014
0.013336
0.0117302
0.0163749
0.0167149
0.00872453
0.0123606
0.0113529
0.0108629
0.0041186
0.0116293
0.00661164
0.0166186
0.0163065
0.0110887
0.0142842
0.00938499
0.00669568
0.00602033
0.012665
0.0137252
0.0113886
0.0141012
0.0148641
0.0163278
0.0175612
0.0161032
0.0140683
0.0156474
0.0121325
0.0103218
0.0109456
0.0125456
0.0118402
0.011611
0.0114604
0.012656
0.0118471
0.00926993
0.00916965
0.0104297
0.00992691
0.0127554
0.0106935
0.00836353
0.00853362
0.00832451
0.0101827
0.0101832
0.0108091
0.0108084
0.0111814
0.0111814
0.011182
0.011182
0.0108084
0.0108084
0.0101826
0.0101826
0.00872858
0.00872858
0.0100271
0.0100273
0.0118166
0.0115433
0.0117206
0.0113186
0.0113186
0.011182
0.011182
0.0111814
0.0111814
0.0111814
0.0108084
0.0108091
0.0102136
0.0113222
0.0108893
0.0118323
0.0112065
0.0105647
0.0107067
0.0105642
0.00744498
0.00797847
0.0104826
0.0129392
0.0125876
0.0126255
0.00773958
0.00813632
0.0103324
0.00925167
0.0103718
0.0120519
0.0130055
0.0131762
0.0114749
0.0111755
0.0106112
0.00886555
0.00858505
0.00888153
0.0114875
0.0103768
0.00787065
0.00777477
0.0129235
0.0134134
0.0144463
0.0133983
0.0103573
0.0109362
0.0105914
0.0109646
0.0111142
0.0107893
0.0145747
0.014762
0.0145561
0.0119071
0.0117743
0.0112202
0.0110884
0.0105729
0.00849341
0.00853167
0.00867535
0.0107105
0.0126824
0.0103039
0.0162678
0.010734
0.0125289
0.0163234
0.00912629
0.01054
0.0105378
0.0130521
0.0130856
0.0117413
0.0122048
0.0114603
0.0117386
0.0111814
0.0111814
0.0111814
0.011182
0.011182
0.0111814
0.0117379
0.0114603
0.012119
0.0114789
0.010986
0.0108129
0.0102124
0.0104361
0.0104361
0.010213
0.0113222
0.0108109
0.0113766
0.0090844
0.00991116
0.0100572
0.0100703
0.0121858
0.00857303
0.0123353
0.0139426
0.0116522
0.0103358
0.00941075
0.00994654
0.0128588
0.0131889
0.0108885
0.0134105
0.0105369
0.0133372
0.0086718
0.00925749
0.0104899
0.0104022
0.0126767
0.0121455
0.0121669
0.00773998
0.00813594
0.00822524
0.0103734
0.0127278
0.0123642
0.0123412
0.0123412
0.0119633
0.0115266
0.0106119
0.00816732
0.00868542
0.00938335
0.0114196
0.0144457
0.0144956
0.0138945
0.0129232
0.013414
0.0144466
0.0131716
0.007465
0.00831407
0.0123813
0.01224
0.0122521
0.0122518
0.011743
0.0118166
0.0112758
0.010715
0.0108837
0.0103185
0.0110731
0.0115889
0.0120685
0.0126781
0.0123229
0.013903
0.0133351
0.0105803
0.00934982
0.0086049
0.00887841
0.00792667
0.012236
0.012236
0.0122363
0.0122363
0.0114548
0.0114548
0.0112502
0.0112502
0.0112502
0.0112502
0.0114542
0.0114542
0.0117862
0.0117862
0.0123865
0.0123052
0.0112448
0.0103881
0.00829755
0.00849444
0.00890083
0.00925962
0.0100194
0.0122485
0.0122485
0.0126366
0.0125372
0.0118822
0.0117374
0.0118633
0.0112502
0.0112202
0.0112545
0.0113951
0.011471
0.0119043
0.0117903
0.0138553
0.0137405
0.0120154
0.00949103
0.0104068
0.00958481
0.0102436
0.0131859
0.0120395
0.012447
0.0119913
0.012885
0.0128845
0.0109372
0.01334
0.0132564
0.0115708
0.0112912
0.011358
0.011848
0.011833
0.0125656
0.011906
0.0138855
0.0133266
0.0133376
0.0136587
0.0111726
0.0127355
0.0128202
0.0126962
0.0146804
0.00933109
0.0136924
0.012054
0.0120746
0.0121578
0.00984709
0.0083591
0.010256
0.0108381
0.0114785
0.0139018
0.0134515
0.0117304
0.0147941
0.012284
0.0124599
0.014047
0.0143796
0.0140762
0.011329
0.0111146
0.0109646
0.0105914
0.0109362
0.0103577
0.0130034
0.00719229
0.0121203
0.00829415
0.0123606
0.0113529
0.0112205
0.0126657
0.0137246
0.0113889
0.0137863
0.0143329
0.0148259
0.0194472
0.0191327
0.012391
0.0127652
0.0129703
0.0132812
0.0142228
0.0140887
0.0139681
0.0122911
0.0117876
0.0116922
0.0110948
0.0121328
0.0118952
0.0109019
0.0107502
0.0101782
0.00986094
0.0126977
0.0107315
0.0100791
0.00949254
0.00726232
0.00877746
0.00977976
0.00965286
0.0129555
0.0112745
0.0118279
0.0106738
0.00842695
0.00856411
0.00882875
0.0105764
0.0105632
0.0108135
0.0102136
0.0108091
0.0108085
0.0111814
0.0111814
0.0111814
0.0111814
0.011182
0.011182
0.0110877
0.0105729
0.00893804
0.00876218
0.0100047
0.0098133
0.0120768
0.0117579
0.0113697
0.0110364
0.0107958
0.0112508
0.0112502
0.0112502
0.0111669
0.0106111
0.0088477
0.00856463
0.00841484
0.0108347
0.011829
0.0116425
0.012466
0.0119008
0.00944898
0.00973284
0.0107957
0.0103489
0.0109994
0.00964015
0.00813002
0.00779094
0.0077863
0.00967007
0.011655
0.00952738
0.0101724
0.010332
0.00925165
0.0103723
0.0120511
0.0130041
0.0131763
0.0114749
0.0116659
0.0115059
0.0121575
0.0114603
0.0117379
0.0111814
0.0108091
0.0108097
0.0102791
0.0110363
0.0113521
0.0119159
0.0103813
0.00922671
0.0157312
0.0142466
0.0159298
0.0140228
0.00822818
0.0120303
0.00815711
0.0129599
0.0124937
0.00948762
0.0111259
0.0104075
0.0107413
0.0107893
0.0120907
0.012803
0.0119309
0.0113527
0.0112374
0.0111857
0.0108091
0.0108097
0.010213
0.0108135
0.0105638
0.0105764
0.00882873
0.00856411
0.00874518
0.0112534
0.0139386
0.0136523
0.0138471
0.0117413
0.0122048
0.0114603
0.0117386
0.0111814
0.0111814
0.0111814
0.0111814
0.0111814
0.0111814
0.0114726
0.0111947
0.0115697
0.0110942
0.0124333
0.0122799
0.0121848
0.0098455
0.00783775
0.00779106
0.0081305
0.00999432
0.0114394
0.0115174
0.013027
0.0125901
0.0102367
0.00972167
0.015647
0.0117113
0.0128385
0.0141452
0.0133351
0.0111579
0.00947481
0.00934452
0.00941088
0.00994643
0.0128581
0.0130521
0.0107774
0.0131959
0.0101679
0.0115743
0.0115506
0.0124264
0.00842408
0.0119266
0.0119705
0.0110745
0.0127579
0.0120222
0.0114927
0.0113817
0.00999487
0.00813097
0.00779105
0.00778643
0.00967091
0.0116556
0.00952744
0.00976606
0.00844438
0.0131285
0.0126736
0.0123412
0.0121213
0.0117033
0.0115623
0.0113494
0.0119632
0.0115265
0.0106125
0.00816714
0.00868541
0.00938345
0.011419
0.0144537
0.0145
0.0144421
0.0152045
0.0143324
0.0137853
0.0114783
0.0137246
0.0127372
0.0078168
0.00950146
0.0122518
0.0122518
0.0118032
0.0116965
0.0117903
0.0117903
0.0117431
0.0118166
0.0112759
0.0107157
0.0108838
0.0103186
0.0110731
0.0115883
0.0120685
0.0125991
0.0108574
0.0137103
0.0127955
0.0114596
0.00838321
0.00863448
0.00806471
0.00840506
0.012236
0.012236
0.0117869
0.0117869
0.0117862
0.0117862
0.0114549
0.0114549
0.0112502
0.0112502
0.0112502
0.0112502
0.0114542
0.0114542
0.0117862
0.0117862
0.0121862
0.0146039
0.0136105
0.0135945
0.0103061
0.00961353
0.012195
0.0121252
0.0127435
0.0113032
0.0113992
0.0115775
0.0120733
0.0118822
0.0117375
0.0118632
0.0112502
0.0112202
0.0112545
0.0109926
0.0110965
0.0111167
0.0117026
0.0140812
0.0144755
0.0112075
0.0113283
0.0129068
0.0116509
0.0108831
0.0144072
0.014878
0.0117772
0.00953286
0.00957123
0.0115651
0.0109372
0.01334
0.0132564
0.0115707
0.0112911
0.0113581
0.0116313
0.0111366
0.0101832
0.00979344
0.0193593
0.0146521
0.0106954
0.0126338
0.00915139
0.0129731
0.0156196
0.0146988
0.0111665
0.00957413
0.0130741
0.0143668
0.012686
0.014222
0.0109303
0.0123821
0.0122572
0.0109579
0.00984709
0.00835908
0.0102557
0.0110135
0.0115101
0.0126701
0.0148456
0.0135025
0.0143861
0.00892656
0.0164293
0.016217
0.0132728
0.0134458
0.0116937
0.0107893
0.0111136
0.0109646
0.0102389
0.0113399
0.0112859
0.0145661
0.0143813
0.0120743
0.0113197
0.0132304
0.0097505
0.01108
0.00860787
0.00946443
0.0121481
0.00936942
0.011673
0.0113519
0.013287
0.0139963
0.014826
0.0144305
0.0154523
0.0111624
0.0108466
0.0146546
0.0120216
0.012758
0.015489
0.0154198
0.014837
0.0127175
0.0130027
0.0137478
0.0107921
0.0110624
0.013085
0.0120559
0.0115059
0.0111814
0.0117386
0.0114603
0.0122046
0.0117412
0.0136283
0.0130041
0.0120518
0.0103723
0.00925165
0.0103324
0.011227
0.00856428
0.00858553
0.00886556
0.0106111
0.0108924
0.0109416
0.0106433
0.010785
0.0117135
0.0118952
0.0109019
0.010964
0.00977925
0.0096534
0.0129555
0.0112745
0.0118268
0.0106732
0.00842734
0.00856411
0.00884725
0.0106106
0.0111496
0.0112202
0.0106247
0.0108142
0.010213
0.0108091
0.0108091
0.0111814
0.0111814
0.0111814
0.0111814
0.0111814
0.0111814
0.0111814
0.0111814
0.0108091
0.0108091
0.0105161
0.0110728
0.0126811
0.00997967
0.0122373
0.00932654
0.00911934
0.0100652
0.0104454
0.0106155
0.0106201
0.0105987
0.0116826
0.00971101
0.0100255
0.00995505
0.00822929
0.00856711
0.00835632
0.00980994
0.0098105
0.00986181
0.0104198
0.0105632
0.010577
0.00882926
0.00856472
0.00868839
0.010852
0.0131239
0.00987954
0.0101472
0.00990283
0.00860804
0.010003
0.0104299
0.0103338
0.010795
0.0107579
0.0122276
0.0130041
0.0131756
0.0114748
0.0116665
0.0115059
0.0121569
0.0114603
0.0117386
0.0111814
0.0111814
0.0111814
0.0111814
0.0111814
0.0111814
0.0117386
0.0114609
0.0117055
0.0114211
0.0116957
0.0117486
0.00983692
0.0109361
0.0155063
0.0143329
0.0137864
0.0113883
0.0137251
0.0126659
0.00822767
0.0120308
0.00815711
0.0129593
0.0124944
0.00933537
0.0111253
0.0100202
0.0106169
0.010383
0.0130683
0.012634
0.0120066
0.0115628
0.0113135
0.0112883
0.0112502
0.0112509
0.0112509
0.0112502
0.0112274
0.0108047
0.0102722
0.00986615
0.00986674
0.0106318
0.0110666
0.012119
0.0114603
0.0117386
0.011182
0.0111814
0.0111814
0.0111814
0.0111814
0.0111814
0.0111814
0.0111814
0.0115636
0.0115197
0.0127005
0.0124744
0.00961673
0.00943779
0.00802341
0.00773945
0.0117498
0.0118299
0.0101268
0.00990692
0.0112312
0.0140791
0.011731
0.0139018
0.0134515
0.0114785
0.0110864
0.0107057
0.0103563
0.0101475
0.00835911
0.00984708
0.00941072
0.00994636
0.0128581
0.0130521
0.0107774
0.0131961
0.0101686
0.0115743
0.0115501
0.012427
0.0104946
0.0139704
0.0134991
0.0123652
0.00852593
0.0114479
0.0112985
0.00858496
0.00962618
0.0101064
0.0122545
0.0126232
0.0115515
0.0113294
0.0118494
0.0108672
0.0112291
0.0102745
0.0108492
0.0105517
0.0104852
0.00856337
0.00808884
0.00825797
0.00972411
0.0114339
0.0108241
0.0129557
0.00965418
0.00979619
0.0144003
0.0148215
0.0125655
0.0119059
0.0118328
0.0118481
0.011358
0.0112514
0.0112508
0.0112743
0.0115707
0.0132564
0.01334
0.0109372
0.0119632
0.0115264
0.0106125
0.0081672
0.0086854
0.00938347
0.0114189
0.0144535
0.0144998
0.014442
0.0152467
0.0136961
0.0136172
0.0107523
0.00807314
0.0089613
0.0115392
0.0121704
0.0119043
0.0117903
0.0114709
0.0113951
0.0112545
0.0112202
0.0111814
0.0111814
0.0112502
0.0118632
0.0117373
0.0118822
0.0117423
0.0118165
0.0112758
0.0107157
0.0108837
0.0103185
0.0110731
0.0115883
0.0120685
0.0125991
0.00971866
0.012486
0.0114023
0.0118926
0.0115788
0.0119714
0.0117862
0.0117862
0.011454
0.011454
0.0112502
0.0112502
0.0111814
0.0111814
0.0112502
0.0112502
0.0114548
0.0114548
0.0114542
0.0114542
0.0112502
0.0112502
0.0112503
0.0112502
0.011454
0.0114542
0.0117862
0.0117862
0.0112441
0.0112212
0.0112339
0.0130915
0.0121039
0.0110163
0.0121344
0.0120427
0.0120685
0.0126781
0.0119698
0.011454
0.0108796
0.0108757
0.0102136
0.0108135
0.0107151
0.0112758
0.0118165
0.011743
0.0118822
0.0117367
0.0118632
0.0112502
0.0112202
0.0112546
0.0109926
0.0110963
0.0111169
0.0117025
0.0113692
0.0119743
0.01108
0.0114463
0.0111371
0.0109293
0.0124925
0.0115405
0.0144954
0.0138945
0.0145535
0.0120645
0.0117747
0.0106987
0.00884767
0.00856461
0.00816731
0.010612
0.0115264
0.0119632
0.0109372
0.01334
0.0132564
0.0115707
0.0112911
0.011358
0.0116311
0.0111366
0.0101834
0.00979359
0.0195611
0.0202319
0.0120141
0.00988426
0.00957306
0.00813532
0.00887736
0.0127885
0.0107844
0.0136952
0.0126494
0.0121455
0.0115963
0.00915957
0.010985
0.00863696
0.0133378
0.0134112
0.0105371
0.0104596
0.0127943
0.0115323
0.0112422
0.0121325
0.00954923
0.00941059
0.00984709
0.0083591
0.0102557
0.0110141
0.0115099
0.0126704
0.0148447
0.0135031
0.0143861
0.00892622
0.0141319
0.0150194
0.0120892
0.0186203
0.0137
0.0198137
0.00931736
0.00973987
0.0112549
0.0126511
0.00892853
0.0112891
0.0109815
0.0111131
0.0105936
0.0105912
0.0109354
0.0103571
0.0110805
0.00860728
0.0094639
0.0121483
0.0093694
0.0120393
0.0117037
0.0140452
0.0154749
0.0136702
0.0150347
0.0178374
0.0105702
0.0139102
0.012788
0.0112197
0.0101571
0.0105059
0.00899397
0.0105127
0.0113157
0.0109612
0.0160325
0.0113854
0.0112656
0.0137353
0.011763
0.0113773
0.0106105
0.00869595
0.00956571
0.00952677
0.0120132
0.010616
0.0106434
0.0109422
0.0109765
0.0112502
0.0116367
0.0119997
0.0123964
0.0123964
0.0119997
0.0116665
0.0114749
0.0131769
0.0125288
0.0117209
0.00935328
0.00822622
0.00818208
0.0108381
0.0109106
0.0110362
0.0102791
0.0108091
0.0108091
0.0111814
0.0111814
0.0111814
0.0117386
0.011461
0.0122046
0.0117405
0.0134984
0.0127089
0.0106199
0.0104027
0.00811483
0.00807953
0.0116145
0.0121795
0.0123566
0.0109673
0.0116603
0.0110475
0.01153
0.0106734
0.00842739
0.00856471
0.00884827
0.0106117
0.0111496
0.0112202
0.0106247
0.0108135
0.010213
0.0108091
0.0108084
0.0111814
0.0111814
0.011182
0.011182
0.0111814
0.0111814
0.0111814
0.0111814
0.0111814
0.0111814
0.0111814
0.0111814
0.011182
0.0111814
0.0110878
0.0105735
0.00852513
0.00898659
0.0095052
0.0140123
0.00996563
0.00922875
0.00968819
0.00872858
0.00872858
0.0101827
0.0101832
0.0104367
0.0104355
0.0102124
0.0108135
0.0105633
0.0105764
0.00882873
0.00856412
0.00842694
0.0106734
0.0118274
0.0112744
0.0129555
0.00965343
0.00978019
0.0099039
0.0086086
0.0100026
0.0104305
0.0103338
0.0107944
0.0107584
0.0120791
0.0124115
0.0125389
0.0107851
0.010644
0.0109416
0.0109759
0.0112502
0.0116367
0.0115059
0.0121569
0.0114603
0.0117386
0.011182
0.0111814
0.0111814
0.0111814
0.0111814
0.0111814
0.0111814
0.0111814
0.011182
0.011182
0.0118275
0.0117839
0.0142391
0.0127701
0.011028
0.00947754
0.0138038
0.0157423
0.014826
0.0139969
0.0132873
0.0112342
0.0113961
0.0106358
0.0107945
0.00936983
0.0121487
0.00860805
0.00946483
0.0110805
0.00822801
0.0120312
0.00815746
0.0129593
0.0124946
0.00933539
0.0111253
0.0100211
0.0106172
0.010383
0.0125065
0.0138879
0.0128046
0.0114691
0.0119306
0.011588
0.0123545
0.0118738
0.0120984
0.0117875
0.0116434
0.0115559
0.01106
0.010618
0.00816733
0.00856462
0.00884725
0.0106106
0.0111675
0.0112509
0.011228
0.0112214
0.0106247
0.0108135
0.010213
0.0108091
0.0113471
0.0114603
0.0117061
0.0115507
0.0110041
0.0125267
0.0150567
0.0119605
0.00892609
0.0143855
0.0135018
0.0126699
0.0148452
0.0115098
0.011278
0.0107057
0.0106149
0.0106149
0.0106149
0.0106149
0.0106149
0.0106155
0.0106155
0.0109618
0.0111917
0.0126676
0.0103592
0.0131955
0.0101687
0.011574
0.0115501
0.0124267
0.0145217
0.0136136
0.010317
0.00899559
0.0118772
0.0106867
0.0115638
0.0110703
0.01104
0.00807044
0.00887101
0.00902414
0.011078
0.0110703
0.00959955
0.00994248
0.0101892
0.0104277
0.012452
0.0122459
0.0127317
0.0109668
0.0109675
0.0106163
0.0108827
0.0101022
0.00987139
0.00859947
0.00734443
0.00733145
0.0078357
0.00977245
0.0105282
0.00861964
0.00878686
0.00863385
0.0101978
0.0111236
0.00988912
0.0127182
0.0112009
0.0101835
0.00979359
0.0111366
0.0116311
0.011358
0.0112514
0.0112508
0.0112508
0.0112508
0.0112508
0.0112508
0.0112515
0.0113352
0.0118447
0.0120645
0.0145677
0.0144999
0.0144414
0.0136923
0.0147498
0.0111997
0.00897106
0.0100447
0.0100097
0.0113211
0.0128843
0.00985918
0.0104747
0.0112802
0.0120603
0.0113564
0.0113806
0.00743276
0.00779297
0.0131274
0.0127531
0.0111169
0.0117025
0.0110965
0.0109926
0.0112545
0.0112202
0.0111814
0.0111814
0.0111814
0.0111814
0.0111814
0.0111814
0.0112502
0.0112502
0.0114548
0.0119699
0.0120685
0.0125991
0.014369
0.0142184
0.0112349
0.0110852
0.0130069
0.0123404
0.0117029
0.0120275
0.0126873
0.0134433
0.0123841
0.0131355
0.0130966
0.0117862
0.0117862
0.0114542
0.0114542
0.0112502
0.0112502
0.0111814
0.0111814
0.0111814
0.0111814
0.0111814
0.0111814
0.0112502
0.0112502
0.0114548
0.0114548
0.0117862
0.0117862
0.0121085
0.0143634
0.0131769
0.0138568
0.0122834
0.0126141
0.0126723
0.010949
0.00948155
0.0124148
0.0126104
0.0107475
0.00879296
0.012885
0.0127053
0.0120685
0.0125991
0.0119698
0.0114542
0.0112502
0.0112502
0.0111814
0.0111814
0.0111814
0.0111814
0.0111814
0.0111814
0.0112208
0.0112545
0.010992
0.0110971
0.0111169
0.0117025
0.00988889
0.0107178
0.0112545
0.010963
0.0119612
0.0140656
0.0144904
0.0147826
0.0108599
0.0104236
0.010835
0.0112417
0.0114342
0.0107307
0.0124671
0.0126437
0.0144998
0.014442
0.0145671
0.0120645
0.0118454
0.0113352
0.0112508
0.0112508
0.0112508
0.0112508
0.0112509
0.0112508
0.011252
0.0113586
0.0116305
0.0111359
0.0101834
0.00979359
0.015388
0.0159927
0.010677
0.00919856
0.00953218
0.00788634
0.00828416
0.00957085
0.00970647
0.00929427
0.0100191
0.0172624
0.0130349
0.0161226
0.0203322
0.0116744
0.0101908
0.00909498
0.00962054
0.0126016
0.0109251
0.0171483
0.0129027
0.0157894
0.0112975
0.0129329
0.0122509
0.00854734
0.010741
0.00827019
0.00968505
0.0098762
0.0124261
0.0115506
0.011574
0.0131959
0.0101682
0.0103597
0.0126678
0.0111922
0.0109624
0.0106149
0.0106149
0.0106149
0.0106149
0.0106149
0.0106149
0.0106155
0.0107062
0.011278
0.0115093
0.0126704
0.0148447
0.0135031
0.0143861
0.00892622
0.0185623
0.0180739
0.0124469
0.0103459
0.0119835
0.00883441
0.00891292
0.010176
0.0101143
0.0160906
0.0104965
0.0111376
0.0113935
0.0114399
0.00975245
0.0111754
0.0112879
0.00880868
0.0106348
0.00992484
0.0099175
0.0100188
0.0139953
0.0141767
0.0121556
0.0104492
0.0112692
0.0102707
0.00922326
0.011973
0.0107888
0.0107414
0.0104073
0.0106468
0.00910375
0.0110119
0.0109214
0.012494
0.0129417
0.0120307
0.00815746
0.00822854
0.0110805
0.00860782
0.00946438
0.0121481
0.00936978
0.0120399
0.0117043
0.0140444
0.0154742
0.013671
0.0162831
0.0176637
0.00956885
0.00860808
0.010002
0.0104299
0.0103337
0.0110693
0.0110027
0.0125118
0.0122045
0.0118832
0.010785
0.0106434
0.011408
0.0111013
0.011394
0.00921827
0.0090735
0.0104759
0.0115874
0.0109716
0.010662
0.0120132
0.0114597
0.0113192
0.011182
0.011182
0.0111814
0.0111814
0.0111814
0.0111821
0.0111821
0.0111814
0.011738
0.0114603
0.0122053
0.0117412
0.013629
0.0130046
0.0120511
0.0103723
0.00925125
0.0103314
0.00811539
0.00807889
0.0116144
0.01218
0.012356
0.0109667
0.0119645
0.0111299
0.010842
0.0100567
0.0074777
0.00779106
0.00813098
0.00999487
0.0114206
0.0112712
0.0116107
0.0112502
0.0112274
0.0112208
0.0106241
0.0108129
0.0102124
0.0108085
0.0108091
0.0111814
0.0111814
0.0111814
0.0111814
0.0111814
0.0111814
0.0111814
0.0111814
0.0111821
0.0111821
0.0111814
0.0111814
0.0111814
0.0111814
0.0111814
0.0111814
0.0111814
0.0111814
0.0108091
0.0108097
0.0105167
0.0110728
0.0124914
0.00991517
0.0115079
0.0108859
0.00902165
0.00892279
0.00800517
0.00852168
0.00999373
0.0113949
0.0112376
0.0109784
0.0104197
0.00986059
0.00986062
0.0104203
0.0106248
0.0112202
0.0111495
0.0106117
0.00884761
0.00856413
0.00842758
0.0106734
0.0115298
0.0110469
0.0112856
0.0106149
0.0109667
0.0109667
0.0123559
0.0121794
0.0116145
0.00807998
0.00811537
0.00990325
0.00860808
0.010002
0.0104301
0.0103338
0.0107944
0.0107584
0.0120789
0.0124109
0.0125389
0.0107845
0.0106428
0.0109416
0.0109759
0.0112502
0.0116366
0.0115053
0.0121562
0.0114609
0.0117386
0.011182
0.011182
0.011182
0.011182
0.011182
0.011182
0.011182
0.011182
0.011182
0.0111827
0.0111827
0.0111821
0.0111821
0.011182
0.011182
0.011182
0.0117386
0.0114603
0.0117048
0.0115308
0.011938
0.0136878
0.0163135
0.0159214
0.0136713
0.0154751
0.0140459
0.0115928
0.0117646
0.0105428
0.0105428
0.0105428
0.0105428
0.0105428
0.0105428
0.0105434
0.0105428
0.0105312
0.0105434
0.00896598
0.0106475
0.010021
0.0106164
0.010383
0.0159786
0.0128453
0.0153928
0.0125657
0.00945458
0.00952305
0.0119423
0.0108528
0.0118995
0.0111299
0.0108415
0.0100561
0.00747716
0.00779046
0.00796789
0.0100047
0.0127265
0.0120691
0.0098712
0.00858705
0.00891672
0.0124808
0.016515
0.0122754
0.0124174
0.0123777
0.0105642
0.0153693
0.0149364
0.0138598
0.0161406
0.0131144
0.0139594
0.0121027
0.0125632
0.0124069
0.00960538
0.011435
0.00778218
0.00773958
0.0120692
0.011829
0.0122789
0.0100113
0.0102584
0.00945144
0.00805636
0.00817638
0.0117181
0.00850136
0.0136489
0.0120736
0.00865598
0.00945454
0.011577
0.0117896
0.0102838
0.0105946
0.00893053
0.00912868
0.00881271
0.00903184
0.00958177
0.00967555
0.0105662
0.01224
0.00933505
0.0107939
0.0106354
0.0108833
0.0107974
0.0122115
0.0132286
0.0125468
0.00834951
0.0107784
0.0101086
0.0104071
0.00954643
0.0075274
0.00805978
0.00783959
0.00975516
0.0111219
0.00875173
0.0089816
0.0148287
0.0162347
0.00902778
0.0111487
0.0107263
0.0108584
0.0112699
0.011413
0.0107164
0.0108944
0.0100164
0.0100169
0.010064
0.0100937
0.0103786
0.0106857
0.0102893
0.00869751
0.0145176
0.012867
0.012446
0.0101106
0.0114406
0.0114121
0.0147562
0.0145043
0.010978
0.00846119
0.00963145
0.0118002
0.0112503
0.0108762
0.0102791
0.0108091
0.0108085
0.0111863
0.011238
0.0113527
0.0119309
0.0116703
0.0122747
0.00896431
0.00891827
0.00897849
0.00689652
0.0142209
0.0145073
0.0219629
0.0181562
0.012563
0.0114333
0.00888156
0.0085851
0.00886508
0.0106106
0.0111675
0.0113019
0.0118081
0.0119558
0.0144253
0.0144772
0.0143946
0.0110674
0.0116732
0.00861672
0.00674455
0.0140777
0.0132914
0.0149658
0.0173445
0.0122183
0.00798519
0.00752548
0.00695482
0.00661978
0.00689769
0.0074577
0.00979276
0.0125766
0.0109491
0.0151089
0.0104888
0.0097608
0.0117391
0.0105988
0.0106203
0.0109627
0.0111919
0.0126678
0.010359
0.0131955
0.0101685
0.011574
0.0115501
0.0124267
0.0100725
0.0124816
0.0121414
0.00770773
0.0108364
0.00919156
0.0114079
0.0130209
0.0160435
0.0160294
0.00822803
0.0120312
0.00815746
0.0124446
0.0124949
0.0105696
0.0110104
0.00950836
0.0120067
0.00807998
0.0181174
0.0175769
0.0099267
0.00796959
0.00924765
0.00800136
0.00909875
0.0106201
0.012484
0.0128736
0.0119219
0.0104046
0.00837172
0.00983275
0.011723
0.0119633
0.0103833
0.0106169
0.0100205
0.0106471
0.00896628
0.0105428
0.0105311
0.0105428
0.0105428
0.0105428
0.0105428
0.0105434
0.0105428
0.0105428
0.0105434
0.0117646
0.0115928
0.0140454
0.0154742
0.0136713
0.0169136
0.0152568
0.00860474
0.00748601
0.00971637
0.010472
0.0105396
0.0126513
0.0103916
0.0126839
0.010801
0.0103267
0.0103593
0.0105329
0.0111968
0.011857
0.0114603
0.0117386
0.0111827
0.011182
0.011182
0.011182
0.011182
0.011182
0.0117386
0.0114603
0.0121568
0.0115059
0.0116665
0.0114749
0.0131763
0.0130048
0.0122283
0.0107584
0.0107199
0.0106149
0.0106824
0.0103338
0.0104295
0.0100026
0.00860805
0.00990284
0.00811534
0.00807944
0.0116143
0.0121794
0.0123553
0.0109673
0.0119652
0.0111299
0.0108413
0.0100567
0.00747816
0.00779105
0.00813003
0.00999372
0.0114205
0.0112713
0.0116113
0.0112515
0.011228
0.0112208
0.0106247
0.0108135
0.010213
0.0108091
0.0108097
0.011182
0.011182
0.011182
0.011182
0.0111827
0.0111827
0.0111821
0.0111821
0.011182
0.011182
0.011182
0.011182
0.011182
0.011182
0.011182
0.011182
0.011182
0.011182
0.0111827
0.0111827
0.011182
0.011182
0.011182
0.011182
0.011182
0.011182
0.011182
0.011182
0.011089
0.0105729
0.00852464
0.00898649
0.00902272
0.0133202
0.00957142
0.00812816
0.0127238
0.0125481
0.0137251
0.0110347
0.00873727
0.00856409
0.00882924
0.010577
0.0105627
0.010813
0.0102136
0.0104367
0.0104361
0.010213
0.0108135
0.0106247
0.0112214
0.011228
0.0112509
0.0112508
0.0112509
0.0116113
0.0112719
0.0114212
0.0099943
0.00813046
0.00779047
0.0074772
0.0100561
0.0108415
0.0111299
0.011589
0.0106149
0.0106149
0.0106149
0.0106149
0.0106149
0.0106149
0.0106149
0.0106149
0.0106149
0.0106155
0.0106155
0.0107198
0.0107572
0.0120778
0.0124109
0.0125389
0.010785
0.0106434
0.0109422
0.0109766
0.0112509
0.0116373
0.0115065
0.0121569
0.0114603
0.0117386
0.011182
0.011182
0.011182
0.011182
0.011182
0.011182
0.011182
0.0111827
0.011738
0.0114597
0.0121562
0.0115053
0.0116366
0.0112502
0.0112502
0.0112502
0.0112502
0.0112502
0.0112502
0.0112509
0.0112509
0.0112502
0.0112502
0.0112502
0.0112737
0.0114749
0.0126507
0.0128104
0.0105737
0.00961155
0.0150207
0.0139932
0.0107101
0.0129945
0.00765326
0.00766888
0.0104953
0.0122407
0.0112198
0.0137314
0.013727
0.0138297
0.0136657
0.0133401
0.0107305
0.0122784
0.00977299
0.0121834
0.0113387
0.0142183
0.0154768
0.0134268
0.0129465
0.0109167
0.0120996
0.00913311
0.0122376
0.015652
0.0110061
0.0157021
0.0122066
0.0174096
0.0118806
0.0113347
0.0119896
0.0127977
0.0119795
0.0171241
0.0160787
0.0148539
0.0156973
0.0140594
0.0157494
0.0106977
0.011993
0.0111827
0.0124903
0.0105227
0.0119843
0.0123732
0.00961294
0.0108915
0.0108915
0.00933487
0.0122397
0.0096766
0.0105668
0.00958185
0.0103906
0.00983239
0.0119919
0.0112225
0.0122242
0.0101075
0.00991413
0.00781995
0.00786856
0.00755633
0.00920204
0.00913455
0.00706038
0.00832667
0.00566786
0.00752181
0.0166304
0.0143963
0.0143667
0.0138693
0.0132241
0.0122594
0.00855633
0.0111415
0.00839161
0.00806582
0.00998281
0.0103571
0.0106157
0.0110028
0.0117602
0.0137727
0.0144523
0.0115888
0.01378
0.00903629
0.0117677
0.0107836
0.00666848
0.00445779
0.0143389
0.0143393
0.011391
0.00939979
0.0107646
0.0114986
0.0107942
0.0107701
0.0108492
0.0107789
0.0118174
0.014208
0.0155778
0.0152759
0.0120731
0.00403527
0.0047087
0.0143788
0.0174685
0.0140234
0.0148072
0.0175405
0.0143012
0.0119978
0.0115264
0.0106125
0.00816722
0.00874232
0.00909104
0.0123781
0.0107134
0.0168622
0.0128717
0.0163009
0.00461994
0.0049314
0.015968
0.0129462
0.0159067
0.0164361
0.0106366
0.00842366
0.0107812
0.00927757
0.00888444
0.00894522
0.0070279
0.00790289
0.00941074
0.00954475
0.0115831
0.00872033
0.00893355
0.0100433
0.00963712
0.0156625
0.00953269
0.0153589
0.00798543
0.0119462
0.00820495
0.0054035
0.0105702
0.0103177
0.0145828
0.0147403
0.00643994
0.0124103
0.00763763
0.0136272
0.0128789
0.0132105
0.013698
0.0142279
0.00772144
0.00697582
0.00752723
0.00526341
0.0055582
0.00664323
0.00839804
0.00989293
0.0101985
0.0107534
0.0111715
0.0109319
0.0109148
0.0123881
0.0127006
0.0130611
0.00978279
0.00644824
0.00527536
0.00521566
0.0107139
0.00931607
0.0145067
0.013783
0.00802831
0.0077541
0.00972601
0.0119354
0.0127322
0.0137013
0.0117406
0.012204
0.0114597
0.011738
0.0111814
0.0111814
0.0111814
0.0111814
0.011182
0.011182
0.011182
0.0111827
0.0117386
0.0114603
0.0121569
0.0115059
0.0116373
0.0112508
0.0112509
0.0112508
0.0109766
0.0109422
0.010644
0.010785
0.0125383
0.0124109
0.0120784
0.0107578
0.0107198
0.0106149
0.0106149
0.0106149
0.0106149
0.0106149
0.0106149
0.0106155
0.0106155
0.0106149
0.0106149
0.0106149
0.011589
0.0111299
0.0108415
0.0100561
0.00747716
0.00779046
0.00813001
0.00999373
0.0114212
0.0112725
0.0116119
0.0112509
0.011228
0.0112208
0.0106248
0.0108135
0.010213
0.0104367
0.0104361
0.010213
0.010813
0.0106241
0.0112208
0.0112274
0.0112502
0.011636
0.0115053
0.0121562
0.0114597
0.011738
0.0111814
0.0111814
0.0111814
0.011182
0.011182
0.0111814
0.0111814
0.0111814
0.0111814
0.0111814
0.0111814
0.0111814
0.0111814
0.0111814
0.0111814
0.0111814
0.0111814
0.0111821
0.0111821
0.0111814
0.0111814
0.0111814
0.0111814
0.0111814
0.0111814
0.0108091
0.0108084
0.0105161
0.0110741
0.0119773
0.00983508
0.0108328
0.0106455
0.00990917
0.0123483
0.0102345
0.0077206
0.00779151
0.00813048
0.00999431
0.0114206
0.0112712
0.011591
0.0112208
0.0106241
0.0108129
0.0102124
0.0108084
0.0108091
0.0111814
0.0111814
0.0108091
0.0108091
0.010213
0.0108135
0.0106247
0.0112208
0.011228
0.0112515
0.0112509
0.0112509
0.0112509
0.0112509
0.0112509
0.0112509
0.0112509
0.0112509
0.0112509
0.0112509
0.0112515
0.0112515
0.0116366
0.0115059
0.0121569
0.0114603
0.0117386
0.0111814
0.0111814
0.0111814
0.0111814
0.0111814
0.0111821
0.0111821
0.0111814
0.0117379
0.0114603
0.0121575
0.0115059
0.011636
0.0112502
0.0109759
0.0109416
0.0106439
0.0107851
0.0125389
0.0124115
0.0120791
0.0107584
0.0115104
0.0111987
0.0114799
0.0112128
0.0107631
0.0110638
0.0111126
0.0114548
0.0114548
0.0114542
0.0111231
0.0109058
0.00879957
0.0100612
0.011722
0.0115578
0.012515
0.0158075
0.0129609
0.0160748
0.00860837
0.012726
0.0125293
0.0125115
0.0140907
0.0125429
0.0123524
0.0122728
0.0102971
0.0123319
0.0135189
0.0137049
0.0104331
0.00814403
0.00779239
0.0142134
0.013639
0.0130077
0.0104036
0.0107581
0.0106614
0.00818319
0.00722644
0.00794211
0.0106807
0.0116657
0.0127711
0.0148955
0.013702
0.0122359
0.00843541
0.0104964
0.00827933
0.00792254
0.00954139
0.0104875
0.010096
0.00657689
0.00505319
0.00729474
0.00755739
0.0141547
0.0136697
0.0143795
0.0125535
0.00960403
0.00997472
0.0090719
0.012477
0.00920009
0.0136078
0.012908
0.0171904
0.0169644
0.0139274
0.0153702
0.0143875
0.011801
0.0097575
0.0133311
0.012382
0.0136156
0.0115948
0.0113162
0.00868692
0.00881482
0.0103623
0.0106489
0.00767753
0.00795847
0.00954154
0.0106918
0.0109679
0.0127317
0.0122462
0.0124528
0.0105973
0.0105697
0.0101898
0.00928003
0.010605
0.0119576
0.00837468
0.0103562
0.0101842
0.0099648
0.0105291
0.0115679
0.0129846
0.0118422
0.0105465
0.00960968
0.00656595
0.00366599
0.00170234
0.0139393
0.014027
0.0172568
0.0157323
0.0148597
0.012213
0.0128279
0.00920126
0.0107272
0.00866229
0.0102961
0.00983269
0.0112302
0.0113945
0.011371
0.0145334
0.0108386
0.0113722
0.00926612
0.00880627
0.00790628
0.00806816
0.00971136
0.010168
0.0112303
0.0108661
0.0118488
0.0112061
0.0114647
0.0132347
0.0130082
0.0126284
0.0081328
0.00304192
0.00145316
0.0158327
0.014733
0.0135075
0.0161831
0.01205
0.0120469
0.00933858
0.00730716
0.0059436
0.00702024
0.00865185
0.00943565
0.00999602
0.0103015
0.0137505
0.010665
0.00951474
0.0097662
0.00876255
0.00925403
0.0106106
0.0108929
0.0111807
0.0102305
0.0117994
0.00845993
0.0139038
0.0102432
0.0143159
0.00310812
0.00357063
0.0149903
0.0116445
0.0148411
0.0134792
0.0135714
0.0133564
0.0116378
0.0101431
0.012383
0.0105396
0.0104565
0.00909664
0.0066827
0.00557536
0.00519227
0.00731834
0.00663712
0.0129962
0.00715676
0.012695
0.0123479
0.0109247
0.0110114
0.0108244
0.0107975
0.00897489
0.0123048
0.00878591
0.0106116
0.0120468
0.00988347
0.00592125
0.00449766
0.00960477
0.0148029
0.0110762
0.0149094
0.0138377
0.0134901
0.0109136
0.00884103
0.0068634
0.0066378
0.00828834
0.0118785
0.00809288
0.0135549
0.0135089
0.0118273
0.0154705
0.0147555
0.0107818
0.0104901
0.0121181
0.0124079
0.0107851
0.0106433
0.0109416
0.0113529
0.0115059
0.0121569
0.0114603
0.0117386
0.0111821
0.0111814
0.0111814
0.0111814
0.0111814
0.0111814
0.0111814
0.0111814
0.0111814
0.0111814
0.0111814
0.0111814
0.0117386
0.0114609
0.0121569
0.0115059
0.0116373
0.0112509
0.0112509
0.0112509
0.0112509
0.0112509
0.0112509
0.0112509
0.0112515
0.0112515
0.0112509
0.0112509
0.0112508
0.0112509
0.011228
0.0112208
0.0106248
0.0108135
0.010213
0.0104367
0.0104355
0.0102124
0.0108135
0.0106241
0.0112202
0.0112274
0.0112502
0.0116113
0.0112712
0.01142
0.00999487
0.00813098
0.00779106
0.0074777
0.0100567
0.0108419
0.0111299
0.011682
0.0107578
0.0126058
0.0133042
0.0143855
0.0117839
0.0118274
0.0111814
0.011182
0.011182
0.0111814
0.0111814
0.0111814
0.0111814
0.0111814
0.0111814
0.0111814
0.0111814
0.0111814
0.0111814
0.0111814
0.0111814
0.011182
0.011182
0.0111814
0.0111814
0.0111814
0.0111814
0.0108091
0.0108084
0.0101827
0.0101832
0.00835524
0.00897425
0.0087825
0.0130012
0.00848144
0.00807895
0.0116138
0.0121795
0.0134345
0.0115036
0.0111932
0.0100567
0.0074777
0.00779103
0.00813095
0.00999488
0.01142
0.0112712
0.0116113
0.0112502
0.0112502
0.0112502
0.0112502
0.0112502
0.0112274
0.0112208
0.0106247
0.0108135
0.010213
0.0108091
0.0108091
0.0111814
0.0111814
0.0111814
0.0111814
0.0111814
0.0111814
0.0111821
0.0111821
0.0111814
0.0111814
0.0111814
0.0117386
0.0114603
0.0121569
0.0115059
0.0116361
0.0112502
0.0109759
0.0109422
0.0106439
0.0107844
0.0125383
0.0124116
0.0120783
0.0107573
0.010795
0.0103338
0.0104299
0.010003
0.00860804
0.00990283
0.0144984
0.016774
0.0156568
0.0142434
0.010383
0.0106169
0.0100202
0.011525
0.00958868
0.0130648
0.0141349
0.00961871
0.0112414
0.010964
0.00951251
0.0114343
0.0107538
0.0118765
0.0114978
0.0102317
0.0133303
0.0086049
0.010312
0.0109594
0.0136552
0.0148005
0.0126471
0.00953663
0.013777
0.0107021
0.0128975
0.0129139
0.0137397
0.0121993
0.0115359
0.0121801
0.012525
0.0123412
0.0139325
0.0132343
0.0124283
0.0124283
0.0120613
0.0118026
0.0122518
0.0122518
0.0135713
0.0136132
0.0114936
0.0109492
0.00852579
0.00856687
0.00816725
0.010798
0.0115372
0.013093
0.0155011
0.0094128
0.0112987
0.011008
0.0110478
0.00991667
0.00876219
0.0138616
0.0103043
0.00862575
0.00814402
0.0126612
0.0119828
0.0113986
0.010827
0.0118297
0.0118962
0.0182454
0.0232435
0.0151965
0.00627864
0.00581349
0.00717294
0.00926133
0.0100085
0.0106509
0.0111299
0.0134126
0.0150433
0.0101748
0.0160054
0.00930605
0.00895233
0.00797665
0.00805897
0.0059836
0.00749538
0.00354962
0.00170745
0.0118788
0.00912893
0.00903754
0.00932886
0.0116288
0.0123973
0.0197045
0.0164043
0.00896232
0.0088933
0.0119431
0.0104215
0.0105013
0.0108492
0.0110888
0.0123813
0.00866089
0.00676856
0.00644579
0.00739767
0.00591307
0.0105465
0.0102639
0.00644135
0.0103952
0.00510086
0.00469589
0.0113359
0.0105782
0.0138495
0.0130458
0.0132637
0.0137875
0.0141712
0.00512398
0.00614466
0.00798428
0.0100276
0.01431
0.0132182
0.0124739
0.0126472
0.0157887
0.0134066
0.00986204
0.012753
0.0111317
0.0110911
0.0136702
0.0153575
0.0140452
0.00996104
0.0118593
0.0112608
0.0109586
0.0157549
0.0150863
0.0156452
0.0101161
0.00860805
0.0100024
0.0105329
0.010466
0.0121429
0.0124109
0.0125383
0.010785
0.0106439
0.0109416
0.0109759
0.0112502
0.0112502
0.0112502
0.0112502
0.0112502
0.0116367
0.0115059
0.0121569
0.0114603
0.0117386
0.0111821
0.0111814
0.0111814
0.0111814
0.0111814
0.0111814
0.0111814
0.0111814
0.0111814
0.0111814
0.0111814
0.0108091
0.0108097
0.010213
0.0108135
0.0106247
0.0112202
0.0112274
0.0112502
0.0116113
0.0112712
0.01142
0.00999488
0.00813097
0.00779105
0.0074777
0.0100567
0.0108421
0.0111305
0.0119658
0.0109679
0.012356
0.0121788
0.0116145
0.00807953
0.00811483
0.0141068
0.0128945
0.0115432
0.0112588
0.011182
0.0111821
0.0111814
0.0111814
0.0111814
0.0111814
0.0111814
0.0111814
0.0111814
0.0111814
0.0111814
0.0111814
0.0111814
0.011182
0.011182
0.0111814
0.0111814
0.0108084
0.0108084
0.0101832
0.0101832
0.00872858
0.00872858
0.00958894
0.00943446
0.0103215
0.00811482
0.00807951
0.0116145
0.0121788
0.012356
0.0109679
0.0109679
0.0106155
0.0106155
0.0106155
0.0115897
0.0111305
0.0108421
0.0100565
0.00747716
0.00779044
0.00813047
0.0099943
0.01142
0.0112712
0.0116113
0.0112502
0.0112502
0.0112502
0.0112509
0.0112509
0.0109759
0.0109416
0.0106433
0.010785
0.0125389
0.0124109
0.0120777
0.0107573
0.010795
0.0103338
0.0104305
0.010003
0.00860808
0.00990273
0.0112612
0.00860728
0.0094639
0.0134667
0.0102581
0.0144615
0.0156404
0.0136706
0.0103823
0.0106169
0.0100202
0.0111259
0.00933539
0.0124937
0.0129599
0.0120303
0.00815711
0.00822818
0.0121566
0.0100696
0.0105708
0.00923367
0.0090857
0.0112815
0.011662
0.0135607
0.0135062
0.0134381
0.0117406
0.0123894
0.0115293
0.0125033
0.0117868
0.0103576
0.0128635
0.0128288
0.0136426
0.0141846
0.00892621
0.0124264
0.0115506
0.0115743
0.0131774
0.0102597
0.0108157
0.01352
0.0157684
0.0141912
0.0175136
0.013916
0.013269
0.0120806
0.0116228
0.0103662
0.0101294
0.0143683
0.01434
0.014925
0.0123711
0.0138676
0.0132256
0.014978
0.0143215
0.011827
0.011846
0.0115394
0.0121424
0.0117361
0.0123643
0.0117554
0.0109025
0.0122974
0.00945165
0.0144404
0.0140186
0.0119003
0.0123152
0.0105836
0.0109765
0.0105107
0.0113294
0.0120324
0.012236
0.012236
0.012236
0.012236
0.0114542
0.0114542
0.010497
0.00964171
0.00815504
0.00795921
0.0120612
0.0131168
0.00789979
0.0122485
0.0122485
0.0122485
0.0121415
0.0108118
0.0113798
0.00954327
0.00985369
0.009661
0.0113811
0.0161594
0.00963962
0.0124469
0.0122961
0.0124322
0.0125074
0.0103367
0.00956456
0.0103986
0.0138439
0.0132293
0.0153369
0.0157887
0.0151824
0.0117147
0.0119615
0.0117486
0.0113227
0.0115385
0.0127169
0.00892656
0.0143861
0.0135025
0.0126623
0.0155712
0.0129964
0.0115814
0.0144422
0.0118391
0.0170787
0.0153996
0.00726276
0.00847626
0.0120209
0.00815708
0.0111219
0.0126162
0.010558
0.0111567
0.0103823
0.0136702
0.0154742
0.014045
0.0117032
0.0120394
0.00936942
0.0121476
0.00860787
0.00946443
0.01108
0.0146906
0.0155314
0.0155239
0.0145714
0.00678118
0.00990274
0.00860808
0.010003
0.0104305
0.0103338
0.0106825
0.0106155
0.0106155
0.0106155
0.0107204
0.0107579
0.0120784
0.0124109
0.0125383
0.010785
0.0106439
0.0109416
0.0109759
0.0112502
0.0112502
0.0112502
0.0112502
0.0112502
0.0116113
0.0112712
0.0114207
0.00999433
0.00813001
0.00779046
0.00747716
0.0100565
0.0108421
0.0111305
0.0119658
0.0109679
0.012356
0.0121788
0.0116145
0.00807953
0.00811483
0.0123345
0.0118812
0.0112245
0.0111907
0.0111821
0.0111814
0.0111814
0.0111814
0.0111814
0.0111814
0.0111814
0.0108091
0.0108091
0.010213
0.0108135
0.0106247
0.0112208
0.011591
0.0112712
0.0114206
0.00999432
0.00852279
0.00800625
0.00892223
0.00937789
0.0111411
0.00811482
0.00807952
0.0116145
0.0121788
0.012356
0.0109679
0.0109679
0.0106155
0.0106155
0.0106161
0.0106825
0.0103338
0.0104305
0.0100024
0.00860806
0.00990325
0.0110807
0.00860763
0.00946487
0.0121476
0.00936943
0.0107946
0.0106354
0.0105424
0.0105424
0.0117642
0.0115923
0.0140459
0.0154748
0.0136709
0.010383
0.0106164
0.010021
0.0111259
0.00933534
0.0124944
0.0129593
0.0120308
0.00815711
0.00822767
0.0125433
0.0102669
0.0130092
0.0119046
0.011799
0.0121562
0.0114596
0.0117379
0.0111814
0.0112502
0.0112502
0.0117868
0.012276
0.00997855
0.00897989
0.0111052
0.0126698
0.0144882
0.0135023
0.0143862
0.00892612
0.012427
0.0115502
0.0115737
0.0131963
0.0101679
0.0107774
0.0130521
0.0128587
0.00994653
0.00941075
0.0154945
0.0172172
0.0166444
0.013916
0.0109372
0.01334
0.0133199
0.0118303
0.0117615
0.0111359
0.0101832
0.00979419
0.0145007
0.0144422
0.0144536
0.011419
0.00938334
0.00868543
0.00816732
0.0106119
0.0115266
0.0119633
0.0147179
0.0123021
0.0176724
0.0168695
0.0118822
0.0117375
0.0120445
0.0114584
0.0109919
0.0110964
0.0111174
0.0117025
0.0120685
0.0125997
0.0115883
0.0110731
0.0103185
0.0108837
0.010715
0.0112765
0.0118166
0.0117423
0.0116991
0.0131057
0.0164605
0.0148676
0.0142681
0.0136142
0.0107165
0.00928521
0.0090989
0.0114549
0.0114549
0.0114542
0.0114542
0.0114542
0.0114542
0.0117862
0.0117862
0.0117862
0.0117862
0.0114542
0.0114542
0.0112502
0.0112502
0.0112509
0.0112509
0.0114542
0.0114543
0.00984056
0.0128053
0.0106242
0.0112523
0.00593588
0.00419831
0.0114699
0.0114242
0.0114893
0.0109519
0.0110855
0.011042
0.0116779
0.0122087
0.0111174
0.0117025
0.0110964
0.0109919
0.0112545
0.0112202
0.0112509
0.0118634
0.0117369
0.0118822
0.0118341
0.0143146
0.00904314
0.00538702
0.0115121
0.0110951
0.0108908
0.00892936
0.00936324
0.0116672
0.0138637
0.0143361
0.0101833
0.0097942
0.0111359
0.0116304
0.011358
0.0112919
0.0115708
0.0132557
0.01334
0.0109372
0.0143741
0.016653
0.0125192
0.0121571
0.0103212
0.0120188
0.0123297
0.0134539
0.010807
0.0115742
0.0115502
0.0124269
0.00892554
0.0143868
0.0135024
0.0126703
0.0148457
0.0115095
0.0110137
0.0102565
0.00835906
0.00984668
0.0147305
0.0114629
0.0058508
0.00954744
0.00822766
0.0120308
0.00815712
0.0129413
0.0124944
0.0109253
0.0110121
0.0105306
0.0105424
0.00896608
0.0106467
0.0100206
0.0106169
0.0103827
0.0136706
0.0154746
0.0140455
0.0117032
0.0120394
0.00936999
0.0121476
0.00860734
0.00946488
0.0110806
0.0115814
0.0140155
0.0167565
0.0164543
0.00909853
0.00479164
0.00990274
0.00860858
0.010003
0.01043
0.0103338
0.0106825
0.0106155
0.0106155
0.0106155
0.0109679
0.0109679
0.0123559
0.0121794
0.0116143
0.00807897
0.00811482
0.0118223
0.0114774
0.011238
0.0111864
0.0111814
0.0111814
0.0108084
0.0108091
0.0102136
0.0108135
0.0105632
0.0105764
0.00882875
0.00856412
0.00837659
0.0104187
0.0116173
0.011153
0.0128758
0.0121795
0.0120088
0.00858446
0.010144
0.0110806
0.00860812
0.00946487
0.0121476
0.00936965
0.0107946
0.0106354
0.0105424
0.0105424
0.0110121
0.0109253
0.0124949
0.0129416
0.0120312
0.00815745
0.00822802
0.0149552
0.0120452
0.0117563
0.0111864
0.0111814
0.0111814
0.0111814
0.011182
0.0112509
0.0114295
0.0120108
0.0122737
0.00984669
0.00835908
0.0101482
0.0103565
0.0106151
0.0106151
0.0107059
0.0112783
0.0115101
0.0126694
0.0148455
0.013502
0.0143852
0.00892641
0.0124267
0.0115499
0.0115733
0.013196
0.0101685
0.0107775
0.0130528
0.0128581
0.00994645
0.00941088
0.0178109
0.0165143
0.011809
0.0151375
0.0109381
0.0133401
0.0132559
0.0115707
0.011275
0.0112508
0.0112508
0.0112508
0.0112514
0.011358
0.0116311
0.0111366
0.0101832
0.00979369
0.0145
0.0144424
0.0144543
0.011419
0.00938347
0.0086854
0.0081672
0.0106125
0.0115259
0.0119626
0.0105734
0.0111732
0.0173686
0.0118111
0.0118822
0.0117367
0.0118632
0.0112509
0.0111814
0.0111814
0.0111814
0.0111814
0.0112202
0.0112545
0.0109926
0.0110965
0.0111169
0.0117025
0.0120685
0.0125991
0.0115884
0.0110731
0.0103185
0.0108844
0.0107157
0.0112758
0.0118159
0.0117423
0.0129639
0.0119455
0.01762
0.0193711
0.0114542
0.0114542
0.0112509
0.0112509
0.0111814
0.0111814
0.0111814
0.0111814
0.0112502
0.0112502
0.0114542
0.0114542
0.0117862
0.0117862
0.0117862
0.0117862
0.0114542
0.0114542
0.0112509
0.0112509
0.0112502
0.0112502
0.0114542
0.0114542
0.0137245
0.0120608
0.0164857
0.0141841
0.0141246
0.0110507
0.0131409
0.0121248
0.0117423
0.011816
0.0112764
0.0107156
0.0108135
0.010213
0.0108091
0.0108091
0.0112502
0.0112502
0.0114542
0.0119698
0.0120685
0.0125991
0.0111174
0.0117025
0.0110964
0.0109919
0.0112551
0.0112208
0.0112502
0.0118626
0.0117367
0.0118822
0.0136559
0.0104354
0.0147137
0.0132901
0.00674521
0.0119626
0.0115265
0.0106126
0.00816735
0.0085641
0.0088476
0.0106118
0.0111675
0.0113352
0.0118454
0.0120645
0.0145671
0.0145
0.0144422
0.0101833
0.0097942
0.0111359
0.0116305
0.0113586
0.0112919
0.0115701
0.0132558
0.0133401
0.0109381
0.0126315
0.0168007
0.0112456
0.0112097
0.00941079
0.00954939
0.0121318
0.0108523
0.0109139
0.0109627
0.0111924
0.0126679
0.0103595
0.013196
0.0101681
0.0115739
0.0115499
0.0124266
0.00892607
0.0143857
0.0135022
0.0126701
0.0148457
0.0115095
0.0110137
0.0102565
0.00835962
0.00984656
0.0154355
0.00996324
0.00831985
0.0142376
0.0139047
0.0134886
0.0103659
0.00822801
0.0120314
0.00815795
0.0129416
0.0124942
0.0109253
0.0110121
0.0105424
0.0105424
0.010636
0.0107947
0.00936962
0.0121475
0.00860781
0.00946488
0.0110805
0.0120029
0.011583
0.0153121
0.0142632
0.0135083
0.00976148
0.012692
0.008566
0.00978502
0.0118931
0.0128672
0.0113552
0.011775
0.0112208
0.0111814
0.0111814
0.0110877
0.0105723
0.00849337
0.00853213
0.00840593
0.0103229
0.0117303
0.00930045
0.00966464
0.0113842
0.0123642
0.0113405
0.0111913
0.0111827
0.011182
0.011182
0.011182
0.0112588
0.0114289
0.0123249
0.0121497
0.00984692
0.00835895
0.0101477
0.0103565
0.0106151
0.0106151
0.0106151
0.0109139
0.0108528
0.0121324
0.00954964
0.00941075
0.0103351
0.0148715
0.0131258
0.0107395
0.0109374
0.0133401
0.0132566
0.0115708
0.0112744
0.0112508
0.0112508
0.0112508
0.0112508
0.0112508
0.0111675
0.0106112
0.00884774
0.00856412
0.00816724
0.0106125
0.0115258
0.0119632
0.00887313
0.011331
0.011717
0.0114916
0.0118822
0.0117373
0.0118632
0.0112502
0.0111814
0.0111814
0.0111814
0.0111814
0.0111814
0.0111814
0.0108091
0.0108091
0.010213
0.0108142
0.0107156
0.0112758
0.0118165
0.0117423
0.0113908
0.0114508
0.0177364
0.0137353
0.0114548
0.0114548
0.0112502
0.0112502
0.0111814
0.0111814
0.0111814
0.0111814
0.0111814
0.0111814
0.0111814
0.0111814
0.0111821
0.0111821
0.0112502
0.0112502
0.0114542
0.0114542
0.0117439
0.0106646
0.0121002
0.0162961
0.0111193
0.011743
0.0118159
0.0112758
0.0107156
0.0108135
0.0102136
0.0108091
0.0108085
0.0111814
0.0111814
0.0111814
0.0111814
0.0111821
0.0111821
0.0112502
0.0118632
0.0117367
0.0118816
0.00902382
0.00888327
0.0106606
0.0110732
0.00946271
0.011238
0.0118839
0.0112354
0.0128074
0.010145
0.0108736
0.0119626
0.0115265
0.0106126
0.00816735
0.00856461
0.00884771
0.0106112
0.0111675
0.0112508
0.0112508
0.0112508
0.0112515
0.0112515
0.0112744
0.0115708
0.0132566
0.0133394
0.0109375
0.0101244
0.0106157
0.0133812
0.0123843
0.0114548
0.0126113
0.0114438
0.0109256
0.00875429
0.00979371
0.0107558
0.0111734
0.00941063
0.00954922
0.0121318
0.0108523
0.0109139
0.0106151
0.0106151
0.0106157
0.0103571
0.0101477
0.00835895
0.00984692
0.013043
0.0163859
0.0153587
0.0134708
0.0135705
0.0131724
0.0103347
0.00838562
0.00905842
0.0142516
0.0130928
0.0104028
0.011523
0.0107208
0.0158056
0.0100446
0.00964201
0.0121172
0.0114968
0.0115065
0.010809
0.0108091
0.0105167
0.0110735
0.0122786
0.00900457
0.00960691
0.0113849
0.0113035
0.0113527
0.0112502
0.0111821
0.0111821
0.0111814
0.01119
0.0112245
0.0120053
0.0122679
0.00935071
0.011268
0.0162433
0.0149772
0.00886123
0.0106617
0.0162846
0.013669
0.0115052
0.0115656
0.0148921
0.0143213
0.0110142
0.0111026
0.0145597
0.0146425
0.0104613
0.011047
0.0130773
0.0134808
0.00961406
0.0121672
0.0135532
0.0131309
0.0129519
0.0117704
0.0158493
0.0157597
0.0100679
0.0120191
0.0124259
0.0164693
0.0115754
0.00981116
0.00869955
0.0085872
0.00829709
0.0105419
0.0110764
0.0111669
0.0106111
0.0088655
0.00899721
0.00911818
0.0129758
0.0120048
0.0116048
0.0112502
0.0112502
0.0111821
0.0111821
0.0111857
0.0114415
0.0116315
0.0123389
0.0133882
0.0131304
0.0117971
0.0139664
0.013089
0.0124676
0.0153971
0.0110445
0.0113834
0.0122273
0.0142404
0.0142321
0.0121487
0.012013
0.0140628
0.013645
0.0132192
0.0120029
0.0132253
0.0135256
0.0135314
0.0144429
0.0115261
0.0110755
0.0141897
0.0112655
0.0183645
0.0123079
0.00839544
0.00715916
0.0164643
0.0188533
0.00806339
0.00952608
0.0107492
0.010477
0.011091
0.0109922
0.011429
0.0112902
0.0123439
0.009926
0.0112641
0.0121362
0.0117854
0.011301
0.0113006
0.0112509
0.0107958
0.0111086
0.0114264
0.0116928
0.00983822
0.013899
0.0122146
0.0129521
0.0105945
0.00881558
0.0115984
0.0114561
0.00995053
0.0108912
0.010924
0.0123896
0.0119867
0.012149
0.0126291
0.0129545
0.0119733
0.0128912
0.0149485
0.013092
0.01342
0.0121311
0.006981
0.010083
0.0128838
0.00641834
0.0122734
0.0151639
0.0116514
0.00988447
0.011326
0.0103645
0.0134574
0.0097686
0.0114978
0.0118411
0.010754
0.0114343
0.00978625
0.0114239
0.0114837
0.0116886
0.0181368
0.0118789
0.0118756
0.0114096
0.0111358
0.0107125
0.00916585
0.00956027
0.00868443
0.0124716
0.0140084
0.013835
0.0121969
0.0145368
0.00855474
0.0101542
0.0160331
0.01321
0.0110386
0.0103641
0.0122003
0.0132334
0.0132756
0.0122602
0.00988105
0.010288
0.015278
0.0152247
0.0151799
0.010956
0.0146897
0.00808876
0.0142946
0.0161514
0.00726227
0.00883853
0.0161597
0.0147908
0.00798
0.00853262
0.00852968
0.0104959
0.0125462
0.0131677
0.0107548
0.0109132
0.00897695
0.00920684
0.0105903
0.0106002
0.0114073
0.0140539
0.0121382
0.0133599
0.0106282
0.0118871
0.0117035
0.0118079
0.0119899
0.0112729
0.0131745
0.0133836
0.0123849
0.0105519
0.0119829
0.0157179
0.011159
0.0093429
0.00973261
0.0146612
0.0135118
0.0117625
0.0126775
0.0097093
0.0125984
0.0130436
0.0130204
0.0124911
0.0110535
0.0126747
0.0142553
0.0188081
0.0143737
0.013513
0.00836672
0.0206645
0.0193727
0.00839773
0.007751
0.00956787
0.00990235
0.0109614
0.0111479
0.00910242
0.00923697
0.0102321
0.0102878
0.0126178
0.011098
0.00914868
0.00882184
0.010515
0.0109184
0.0113514
0.0117843
0.0118887
0.0130436
0.0125546
0.0112082
0.0123513
0.0147203
0.0102002
0.0102826
0.0135432
0.0100946
0.0129174
0.013692
0.0127651
0.0127655
0.0153486
0.0153766
0.012958
0.012958
0.0129246
0.0101975
0.0131886
0.0123733
0.013997
0.0105419
0.0143152
0.0135824
0.0162726
0.0191052
0.0128487
0.00998211
0.0106652
0.0098231
0.0105167
0.0110735
0.0119953
0.0100732
0.012471
0.0115428
0.0112977
0.0109137
0.0106407
0.0112202
0.0112274
0.0114924
0.0115816
0.0114209
0.0111441
0.0119246
0.0146772
0.0129411
0.0111152
0.0100053
0.0128646
0.0126758
0.0117003
0.0122485
0.0122488
0.013586
0.0117439
0.0123486
0.0123486
0.0160028
0.0159589
0.012343
0.0131887
0.0150081
0.0137725
0.0129908
0.0133494
0.0132129
0.0122927
0.01046
0.0095732
0.0115989
0.0104176
0.0101784
0.00835525
0.00897425
0.00841617
0.0124423
0.0122934
0.0116757
0.0113569
0.0111857
0.0111814
0.0112588
0.0112887
0.0120858
0.0109403
0.0116132
0.0135405
0.0135693
0.013063
0.0134874
0.0107856
0.0131382
0.0145149
0.0127655
0.0127655
0.0141952
0.0109061
0.0129589
0.0129583
0.0150616
0.0139242
0.0131896
0.0123429
0.0160276
0.0159544
0.0143669
0.0138982
0.0152092
0.0129229
0.012779
0.00877824
0.00874867
0.00801061
0.0084202
0.00858599
0.0097235
0.00930969
0.00979033
0.0117116
0.0120344
0.0112936
0.01119
0.01119
0.0112245
0.0120059
0.0118629
0.0117405
0.0149097
0.0154631
0.0149716
0.0100057
0.012665
0.0170074
0.013238
0.0122488
0.012249
0.0161588
0.0153793
0.0123489
0.0123483
0.0132123
0.0103211
0.0123428
0.0131889
0.0133924
0.0105662
0.012991
0.013604
0.0158847
0.0173551
0.0105108
0.00952513
0.0115456
0.0103116
0.0103117
0.0115427
0.00975915
0.0121236
0.0122927
0.0116757
0.0113575
0.0111857
0.0111857
0.0114415
0.0116322
0.0117831
0.0116132
0.0135405
0.0116098
0.0132215
0.0134877
0.0107858
0.0147863
0.0105912
0.0127655
0.0127657
0.0137655
0.0118228
0.0129583
0.0129583
0.0158797
0.0159383
0.0131891
0.0123435
0.0147511
0.0137047
0.0143677
0.0138983
0.0132137
0.0122939
0.0122714
0.00850147
0.00793886
0.00754942
0.00780484
0.00869843
0.0084167
0.0124435
0.0117116
0.0120344
0.0112936
0.01119
0.0112588
0.0113739
0.0121098
0.0113635
0.0117405
0.0149097
0.0130589
0.0106234
0.0100056
0.0126647
0.0102693
0.0112333
0.0122488
0.0122485
0.0130712
0.0106867
0.0123483
0.0125182
0.0149829
0.0135329
0.0125563
0.0130225
0.0159089
0.0158353
0.0125334
0.013193
0.0152087
0.0129229
0.0101878
0.00982603
0.0113168
0.00864273
0.00805483
0.00935957
0.00897896
0.00979023
0.0122934
0.0116751
0.0113575
0.011187
0.0112251
0.0120054
0.0119598
0.0116138
0.0135412
0.0157541
0.0146662
0.0134877
0.0107864
0.0158103
0.0122634
0.01317
0.0127654
0.0156818
0.0146106
0.0119826
0.0131439
0.0132123
0.0103214
0.0139988
0.0140792
0.0133923
0.0105665
0.0141287
0.0114893
0.0157573
0.0173554
0.00993734
0.00819744
0.00819083
0.00848098
0.0118899
0.0101021
0.0121696
0.0119002
0.0119904
0.0113412
0.011187
0.0114415
0.0116316
0.0123395
0.011502
0.0147332
0.0116018
0.0135042
0.00997232
0.012402
0.0145141
0.0105362
0.0119981
0.0130962
0.0133323
0.0116592
0.0114571
0.00638422
0.0157568
0.015357
0.00679832
0.0129865
0.014745
0.0134292
0.00947104
0.00881085
0.0120278
0.0132214
0.0127257
0.00835253
0.00818791
0.00796579
0.00996032
0.0107154
0.0127286
0.0123888
0.0118845
0.0113533
0.0112509
0.0114035
0.0126158
0.0120947
0.0112009
0.0137959
0.0132902
0.0107243
0.0116049
0.010593
0.0113413
0.00987305
0.0116454
0.0118347
0.0107609
0.0122243
0.0134338
0.00783704
0.0144211
0.0134497
0.0082474
0.00943733
0.0158526
0.0149374
0.00840949
0.00808514
0.00662286
0.00673941
0.0126605
0.0137289
0.0121344
0.0129397
0.00885749
0.00904208
0.00931651
0.0124222
0.011205
0.0109391
0.0109705
0.0121422
0.0150467
0.0127784
0.015123
0.015028
0.0130873
0.0152076
0.0158313
0.0130908
0.010809
0.0109101
0.0150282
0.0150025
0.0114186
0.0149768
0.0127301
0.00953243
0.015925
0.00909895
0.0126336
0.00998722
0.00878708
0.0081358
0.00884681
0.0103519
0.0128991
0.0108543
0.0120021
0.010006
0.0133453
0.0109816
0.00889041
0.00870871
0.011046
0.0144437
0.0132858
0.00936292
0.0131909
0.0106284
0.0101593
0.0122796
0.0144804
0.0102404
0.0098152
0.00779167
0.0129319
0.0109397
0.0102557
0.0124598
0.0133544
0.0134583
0.0159641
0.0156101
0.0165866
0.0126716
0.0129586
0.0103369
0.0090844
0.010439
0.0128553
0.013815
0.011539
0.011432
0.0110859
0.0132804
0.0106549
0.0109579
0.0134228
0.0105733
0.0122294
0.00951922
0.00941957
0.0101748
0.00969055
0.0101393
0.00919795
0.00850553
0.0121814
0.0101236
0.0116076
0.0113659
0.0161312
0.0119207
0.0111081
0.0123724
0.0163321
0.0181691
0.00921866
0.00868684
0.0117631
0.0121036
0.0107655
0.0136948
0.0102914
0.00893789
0.00913366
0.0110515
0.0132118
0.0138008
0.0131392
0.011713
0.0135935
0.0129791
0.0112648
0.0102357
0.0140033
0.0144433
0.0131557
0.0125124
0.010105
0.0160605
0.0119555
0.00907507
0.00993778
0.0128005
0.0116836
0.00871754
0.00729776
0.00600993
0.00635567
0.00776264
0.0118941
0.0104665
0.0110266
0.010894
0.0110155
0.0124739
0.012047
0.0107178
0.0130443
0.0128561
0.012672
0.0107812
0.0131076
0.0120065
0.0107855
0.013272
0.0101385
0.0135349
0.0136995
0.0108899
0.0105675
0.0144548
0.0118437
0.00914499
0.00782959
0.00966844
0.00830453
0.00911694
0.0108958
0.0108599
0.0112374
0.0118147
0.0118627
0.00887335
0.0103627
0.0150091
0.0142463
0.00842079
0.00832953
0.0155912
0.0102462
0.0106725
0.0136468
0.0157018
0.0122948
0.014478
0.012621
0.0152357
0.0170889
0.00946661
0.0103274
0.0107566
0.0123619
0.0115861
0.0109988
0.0113775
0.0116448
0.0117568
0.0126658
0.0110826
0.0132677
0.00914193
0.00917245
0.0169949
0.0121145
0.0103689
0.0124728
0.0160794
0.0118074
0.0147298
0.0147132
0.0121424
0.0109387
0.00923862
0.0069224
0.00636968
0.00859293
0.0100909
0.0112267
0.0117541
0.0112831
0.00979011
0.0131193
0.0118097
0.00954957
0.00861656
0.0101271
0.00918894
0.00795131
0.0104448
0.0109539
0.0132828
0.0126446
0.00963955
0.0110224
0.0150291
0.0116703
0.00642834
0.00710052
0.00942285
0.00903827
0.00984623
0.00992454
0.0111846
0.00857847
0.00948859
0.0135288
0.0139851
0.0083344
0.00982919
0.0142653
0.00953206
0.01001
0.00899091
0.0175085
0.0117956
0.00731857
0.00682081
0.015148
0.0193405
0.00724275
0.00625049
0.00717747
0.00784067
0.0100613
0.00825663
0.00781663
0.0110951
0.00821647
0.00971831
0.00864632
0.0151492
0.00956022
0.00806922
0.00604639
0.0149518
0.00686947
0.00724873
0.00711594
0.010628
0.0123013
0.00631249
0.0080201
0.00779791
0.00497537
0.00725423
0.00600153
0.00543673
0.00494422
0.00334031
0.00743081
0.0056976
0.00423159
0.00294587
0.00440808
0.00618441
0.00763324
0.00398812
0.00872789
0.00586331
0.00362918
0.00379911
0.00509357
0.00516735
0.00548807
0.00306468
0.00425497
0.00618591
0.00544771
