0.0117797
0.0111568
0.00999165
0.0132195
0.00452515
0.0108058
0.00937825
0.0111918
0.0113739
0.0195352
0.0152391
0.0122632
0.0104346
0.0127449
0.0141247
0.0111522
0.0131554
0.00626556
0.0131161
0.0123382
0.0107956
0.014165
0.0101946
0.0129321
0.0113908
0.0123109
0.0113465
0.0166274
0.0111608
0.0119754
0.0117317
0.011924
0.0135801
0.0111595
0.0117374
0.0131968
0.00999769
0.0117472
0.0126284
0.0144034
0.0135372
0.0135588
0.00978184
0.00916437
0.014103
0.00999163
0.00971399
0.0100704
0.0137373
0.0103151
0.0117418
0.0121733
0.00944187
0.0126697
0.00865347
0.00915292
0.0124081
0.0105929
0.013163
0.0151238
0.014478
0.0129314
0.0107392
0.0148318
0.0146973
0.0116075
0.0161822
0.0150432
0.00822016
0.0107445
0.0136678
0.00832542
0.014324
0.012723
0.0120616
0.0102888
0.00787576
0.00604649
0.0126476
0.0114807
0.0128392
0.0113024
0.0120943
0.00951162
0.0110004
0.00905614
0.0128052
0.0169834
0.00912347
0.0107955
0.00967959
0.0107955
0.00872415
0.0135611
0.0125956
0.00970259
0.0129547
0.0147978
0.0135408
0.0139951
0.0145728
0.00922122
0.00848353
0.0103985
0.0122325
0.012503
0.0102899
0.0103396
0.0100487
0.0160846
0.0144149
0.00961464
0.0103978
0.0124401
0.0103202
0.0146043
0.0118933
0.0116583
0.0126536
0.0129024
0.0147696
0.0118585
0.017102
0.0120351
0.0120028
0.00908962
0.0119433
0.00850836
0.0137171
0.0124242
0.0102216
0.0138495
0.0144019
0.0107409
0.0110408
0.00941483
0.0133431
0.0113834
0.0134348
0.0093563
0.00990839
0.0109844
0.0123871
0.0122637
0.0104863
0.0123636
0.0107523
0.00888285
0.0112828
0.0113309
0.0151117
0.0139164
0.00716035
0.0171596
0.0116872
0.00847949
0.0157512
0.00713444
0.0114905
0.0205368
0.0114184
0.0139077
0.00989368
0.0106631
0.0105113
0.0112749
0.00932372
0.0117231
0.0120094
0.0114267
0.0101704
0.00974859
0.0132136
0.011986
0.0121262
0.0121205
0.0133286
0.0132901
0.0147379
0.0137026
0.0111207
0.0128214
0.0108706
0.0155884
0.0116365
0.00864185
0.014403
0.0113164
0.0145152
0.0126458
0.00934116
0.0112109
0.0135936
0.0175817
0.0123027
0.0131286
0.0135837
0.00924449
0.0121311
0.0122004
0.00996051
0.0144406
0.0114889
0.0142527
0.0115102
0.00960753
0.0166986
0.011242
0.0128024
0.00871364
0.0176889
0.00826281
0.0112984
0.0121941
0.0115128
0.0115737
0.0116502
0.012388
0.012253
0.0113827
0.0116896
0.0115693
0.0123455
0.0132177
0.0104535
0.012384
0.0101028
0.0139267
0.0130103
0.0122238
0.0122416
0.0135811
0.0103919
0.00937482
0.0157281
0.0145012
0.0127224
0.012024
0.0111806
0.0161098
0.0153628
0.0112403
0.014675
0.0100197
0.0123352
0.0140485
0.0103227
0.00736942
0.0116845
0.0190507
0.014119
0.0103572
0.0176712
0.0164738
0.0151483
0.0141375
0.0135123
0.0162681
0.00917382
0.00939006
0.00968824
0.0125046
0.0177707
0.00966652
0.0121352
0.0122716
0.00938457
0.0110025
0.0124181
0.0172021
0.00925788
0.0093012
0.0143049
0.0106086
0.00936835
0.0117033
0.00796313
0.00940213
0.0127291
0.012363
0.0115602
0.0137964
0.0145375
0.00922996
0.0132711
0.0148704
0.00864477
0.00956059
0.01573
0.0103281
0.0112178
0.0107694
0.00956451
0.0137134
0.0116518
0.0120169
0.0125369
0.0113305
0.0173623
0.00849795
0.0105241
0.00967856
0.0109229
0.0110076
0.0141253
0.0112388
0.0125957
0.0180558
0.0120447
0.0134604
0.0107984
0.00990756
0.0138869
0.00650659
0.0136929
0.0112734
0.0095656
0.0148246
0.0157454
0.0130897
0.0156075
0.0156567
0.0122075
0.0160357
0.0103679
0.00366193
0.0115773
0.0168355
0.01224
0.0118138
0.0131014
0.0114209
0.00610743
0.0122144
0.0131012
0.0142374
0.013156
0.0135864
0.0129267
0.0135813
0.0130026
0.00872952
0.0094081
0.0144568
0.00941935
0.0122792
0.0084564
0.0114742
0.0159532
0.0131294
0.0128134
0.0141942
0.0118456
0.0134191
0.015337
0.00846251
0.0120774
0.0139075
0.0133523
0.0116971
0.0118589
0.0145433
0.00992717
0.00695519
0.013466
0.0122829
0.0106636
0.0111759
0.0127221
0.0125492
0.00951224
0.00945217
0.0126696
0.0122522
0.0115397
0.0123391
0.0164146
0.0136141
0.0113135
0.0140902
0.0167013
0.0166606
0.00650002
0.0108556
0.0113249
0.00924913
0.0116507
0.0116476
0.0110567
0.0126238
0.00961016
0.00920819
0.0113544
0.0115223
0.00408676
0.0151347
0.0116274
0.0104381
0.00946415
0.0136748
0.0112865
0.0113938
0.0111718
0.0107954
0.00919223
0.0167952
0.0158103
0.00970574
0.0111507
0.0113606
0.012712
0.0114732
0.0122511
0.0127319
0.0143371
0.0138496
0.0152608
0.0142195
0.0153117
0.0141257
0.0147517
0.0117135
0.014759
0.0139302
0.0168245
0.0134528
0.0150199
0.00991225
0.0101711
0.0132084
0.00836556
0.00945983
0.00934948
0.0142729
0.0148716
0.0120754
0.0117291
0.0145829
0.0115993
0.0152195
0.00717176
0.0165318
0.0149499
0.0125045
0.0111252
0.01911
0.0128486
0.0148822
0.015117
0.0100292
0.0144131
0.0160251
0.0100123
0.0109423
0.0106453
0.00927009
0.00968482
0.0119478
0.0129766
0.013126
0.012611
0.0101973
0.00839604
0.0148968
0.0183327
0.0156468
0.0164555
0.0110535
0.0158507
0.0114058
0.0118912
0.0128538
0.0109271
0.012702
0.011876
0.0113051
0.0106649
0.00774825
0.00921114
0.0178109
0.019184
0.0118581
0.0107548
0.0120044
0.00772093
0.0110979
0.0144655
0.0122547
0.0115615
0.0122001
0.0126294
0.0158059
0.0115713
0.0077936
0.0152318
0.0101431
0.0109905
0.0141903
0.0105067
0.00965583
0.0103493
0.0126
0.0103031
0.0150645
0.0108454
0.0138758
0.0111488
0.0127089
0.0104663
0.0119653
0.0139704
0.011765
0.00965793
0.011824
0.0125982
0.0119903
0.0100942
0.0118428
0.0108437
0.00987621
0.0097458
0.0153759
0.0119577
0.0128959
0.012917
0.0114631
0.0173962
0.00984042
0.0133562
0.0145951
0.0101897
0.0136418
0.0118514
0.0133967
0.0122352
0.0155979
0.0131241
0.0124267
0.0124806
0.0148041
0.00940468
0.0154216
0.0126944
0.0123864
0.0139382
0.0102883
0.0130079
0.011716
0.0145465
0.0105084
0.0134979
0.0106179
0.0117939
0.00816677
0.0132899
0.00927588
0.00934022
0.00994536
0.01063
0.0181381
0.0153255
0.00939318
0.0145544
0.0110884
0.0113516
0.0177269
0.0121647
0.011322
0.0143426
0.0130458
0.0133477
0.0112239
0.0114128
0.0129223
0.014545
0.0145942
0.0150817
0.0148515
0.00945313
0.00931978
0.0114398
0.011229
0.0105027
0.0100539
0.00951371
0.012271
0.00985869
0.0100996
0.0125038
0.00947075
0.0117131
0.013166
0.0132313
0.0111076
0.010139
0.0104831
0.0112792
0.00870152
0.0141623
0.00943593
0.0149605
0.0105836
0.0137707
0.0122588
0.0154804
0.0125403
0.0113737
0.0114453
0.0155961
0.0141127
0.0119838
0.011541
0.0116142
0.0174217
0.0176991
0.0119383
0.0106762
0.0120263
0.0110056
0.0119663
0.0157384
0.0116193
0.0101594
0.0117423
0.0171518
0.011698
0.0101026
0.012662
0.00983549
0.0120533
0.0111097
0.0111706
0.00782637
0.00931561
0.0119238
0.0142199
0.0105728
0.0141404
0.0124537
0.0204535
0.0142129
0.0208187
0.0133448
0.0108012
0.0133814
0.0174927
0.0158933
0.0155217
0.0128933
0.0138027
0.0120312
0.0123055
0.0100891
0.0123738
0.0158665
0.0149169
0.00914415
0.008591
0.00886397
0.012002
0.00981885
0.00858933
0.0104918
0.0126233
0.0097734
0.0116525
0.0137408
0.0123149
0.0131845
0.0114376
0.0136867
0.0128976
0.0163453
0.00885747
0.00893459
0.0135767
0.0102074
0.0127687
0.0123966
0.0142926
0.0145688
0.0137382
0.0149693
0.0077532
0.0130342
0.0130235
0.0148011
0.0124515
0.0118155
0.0129904
0.0100071
0.0128201
0.0128495
0.0137916
0.0145922
0.0185826
0.0111974
0.0125922
0.0114505
0.0115053
0.0126698
0.0132793
0.0100225
0.0122931
0.0101886
0.00863884
0.0127536
0.00728379
0.012729
0.0164768
0.00975852
0.0177467
0.0138122
0.0125634
0.0128541
0.0107156
0.0124178
0.0120929
0.0150872
0.00862383
0.0130009
0.0145296
0.0112444
0.0130245
0.0119509
0.017913
0.0139511
0.0137916
0.0126201
0.0133377
0.0136435
0.0121458
0.0126528
0.0091981
0.0140051
0.0131993
0.0132326
0.0121092
0.0109738
0.0128317
0.0116401
0.0102632
0.0107869
0.0107543
0.0106453
0.0107592
0.0110193
0.0106067
0.0116107
0.0110575
0.0122722
0.0138624
0.0100836
0.0113151
0.0104476
0.0129428
0.0150526
0.0187616
0.0112541
0.0110657
0.0118971
0.0118166
0.0148911
0.0134627
0.0159828
0.0145108
0.0126897
0.0146744
0.0153081
0.0138044
0.0106993
0.0130098
0.0137022
0.0122731
0.0108441
0.0109842
0.01272
0.0146734
0.011801
0.0154135
0.0113965
0.0145726
0.0108625
0.0100929
0.0112399
0.0119234
0.0119375
0.0127936
0.0141555
0.00857908
0.0148381
0.0122962
0.0140881
0.0222526
0.0173859
0.0111505
0.0118848
0.0144223
0.012493
0.012608
0.0107641
0.0151384
0.0110658
0.00965886
0.0140541
0.0111066
0.0156954
0.0161356
0.0098758
0.0107615
0.012851
0.0144354
0.0150988
0.0152164
0.0140236
0.0123345
0.00959624
0.00986733
0.0143702
0.0120048
0.0120741
0.00990548
0.00931959
0.0101964
0.0131506
0.00709187
0.0133743
0.0119873
0.0109288
0.0114466
0.0107188
0.0108898
0.0108403
0.0107327
0.0113184
0.0108805
0.0117506
0.0112501
0.0132629
0.0174246
0.0141824
0.0116593
0.0146654
0.00924649
0.00954384
0.0138786
0.014065
0.0150323
0.0102783
0.0126851
0.0127675
0.0118597
0.0107942
0.0166646
0.0125407
0.0115889
0.0117089
0.012637
0.0154826
0.0109199
0.0119411
0.00883211
0.0151324
0.0123342
0.0105405
0.0107463
0.0128618
0.0150996
0.0133766
0.0115228
0.0109749
0.0127337
0.0131365
0.00865102
0.0128133
0.0117245
0.00992493
0.0113466
0.013329
0.0116898
0.0139333
0.0115608
0.0175861
0.0154247
0.0113566
0.00960041
0.0151783
0.00968619
0.0145685
0.0153391
0.0152736
0.0120906
0.0155231
0.0121862
0.0121036
0.0135871
0.0109929
0.0153258
0.0195103
0.0131
0.00985021
0.0110458
0.0120511
0.0126899
0.00977376
0.0178307
0.0149108
0.0135333
0.011299
0.0129756
0.0101118
0.013848
0.0120403
0.0145017
0.0146191
0.0108149
0.0111899
0.0108064
0.0107924
0.0111732
0.0108308
0.0117093
0.011133
0.0123694
0.0121422
0.0125659
0.0115297
0.0125794
0.0128774
0.0131572
0.0104859
0.00909451
0.0104835
0.0104503
0.00917648
0.0146148
0.0125012
0.0130079
0.0148606
0.0155077
0.0102666
0.0153526
0.0140854
0.0123732
0.010728
0.0152719
0.0120425
0.0105036
0.00936419
0.0122306
0.00940026
0.0133707
0.0152474
0.00753117
0.0133797
0.0113523
0.00864308
0.0165127
0.0120489
0.0142438
0.0113854
0.0101689
0.012607
0.00984556
0.0123608
0.0134539
0.0136757
0.0101247
0.0113912
0.0109937
0.0142048
0.0136853
0.0108674
0.00757854
0.0127834
0.0142962
0.0120571
0.00959183
0.0188257
0.00969932
0.0121725
0.0108994
0.0140114
0.0150942
0.011889
0.00988904
0.0206916
0.0121251
0.0151844
0.0162536
0.0202121
0.0162756
0.0140574
0.0131693
0.00987803
0.0149716
0.00904109
0.00923936
0.0137715
0.00876984
0.012055
0.012705
0.0136301
0.0109875
0.0113457
0.0108067
0.0109248
0.0110734
0.0107971
0.0115983
0.0110723
0.0121273
0.0115155
0.0173253
0.0148604
0.00733926
0.0128056
0.020752
0.0125856
0.0165146
0.0104472
0.0113579
0.0146694
0.0159556
0.0121744
0.008186
0.0153781
0.014225
0.0133574
0.0152505
0.018174
0.0128288
0.0126845
0.0134204
0.0122829
0.007128
0.00986687
0.0155764
0.0116027
0.0115962
0.00938826
0.0147746
0.0139957
0.0136974
0.0131564
0.0107097
0.0126287
0.0144117
0.0122805
0.0143476
0.0118792
0.0143778
0.0159184
0.014009
0.0126399
0.00968796
0.0124734
0.0108406
0.0127237
0.011556
0.00936179
0.00953917
0.0121874
0.0139125
0.0101986
0.015355
0.0120148
0.0118651
0.0146045
0.0113608
0.0114498
0.00951969
0.011845
0.00929167
0.0142321
0.013669
0.0129844
0.0129598
0.0123805
0.0144785
0.013664
0.0104804
0.0138255
0.0135489
0.0128119
0.0168232
0.0154323
0.0142942
0.0133605
0.0111738
0.0116607
0.0108794
0.0111345
0.0109823
0.0108397
0.0115054
0.010988
0.0120938
0.0114423
0.0129363
0.0143609
0.0118898
0.0123899
0.0129659
0.0144029
0.0108407
0.0123393
0.0127986
0.0132875
0.0129258
0.0114145
0.0145778
0.0127573
0.0137317
0.01662
0.018335
0.016363
0.0154863
0.010809
0.0122908
0.0142538
0.00803385
0.0197548
0.0118748
0.00767837
0.0109945
0.013348
0.0117525
0.0129636
0.0127024
0.0180712
0.0140688
0.0147149
0.0132866
0.0153047
0.0120372
0.0209167
0.0119622
0.0127918
0.0158732
0.0145364
0.0138318
0.0134044
0.00943942
0.0147457
0.0110875
0.0194652
0.0119775
0.0147667
0.0126391
0.0140411
0.0139956
0.00961477
0.0149374
0.00962277
0.015206
0.0187287
0.0173415
0.0127758
0.0126608
0.0113181
0.0119031
0.013085
0.0147679
0.0120023
0.0187832
0.0149324
0.0113704
0.0122235
0.0189462
0.0119597
0.0160929
0.015688
0.0101729
0.013348
0.0136649
0.0120764
0.0140204
0.011445
0.0102996
0.0167861
0.0109576
0.0113828
0.0108631
0.0109438
0.0111971
0.0109208
0.0117337
0.0113006
0.0147304
0.0118842
0.0153382
0.0204012
0.0186812
0.0122645
0.0125717
0.013851
0.0104422
0.013443
0.011133
0.0119938
0.0115929
0.00975712
0.0133418
0.0132686
0.0187845
0.00827696
0.00947525
0.0106549
0.0137771
0.0128376
0.00926192
0.0150776
0.01348
0.0212493
0.0123639
0.0146896
0.0132265
0.0118772
0.0129798
0.0146688
0.0137565
0.0103682
0.0146368
0.0182906
0.0142149
0.0100858
0.0142192
0.013213
0.0117059
0.0118132
0.013773
0.0139677
0.0184949
0.0125788
0.0137773
0.0136644
0.0141492
0.0136228
0.0100583
0.0142571
0.00728455
0.0199768
0.016361
0.0128349
0.0129362
0.0111278
0.0116621
0.0115056
0.0128163
0.0111294
0.0135169
0.0128131
0.0134912
0.0109789
0.0134354
0.0105177
0.0122741
0.0139079
0.0150345
0.0119361
0.0133885
0.0132945
0.0136717
0.0166453
0.0116317
0.0160957
0.011769
0.011095
0.0114591
0.0108362
0.0110327
0.0110333
0.0108389
0.0114695
0.0110977
0.0119208
0.0114962
0.0106661
0.0149625
0.0135315
0.0164045
0.0131474
0.01081
0.0129039
0.0123005
0.0112727
0.0155588
0.0149812
0.00952749
0.0125733
0.0104759
0.0118011
0.0131444
0.00976593
0.0133176
0.0149397
0.0140919
0.0139404
0.0160354
0.00759497
0.0105241
0.0119848
0.0131907
0.015597
0.0137509
0.0143715
0.0173178
0.0119502
0.0103528
0.0113011
0.0111422
0.0123856
0.0148184
0.0180456
0.0125004
0.00954431
0.0121321
0.0124963
0.0133244
0.0114483
0.0141285
0.0143706
0.0183291
0.0136266
0.0152154
0.0133806
0.0179786
0.0123178
0.0128891
0.0126596
0.012909
0.0191178
0.010788
0.010756
0.0142145
0.0119572
0.00958184
0.0193367
0.0134636
0.0142576
0.0100075
0.00922268
0.0121844
0.0132852
0.0108156
0.00959168
0.0126257
0.0104168
0.0134888
0.0151276
0.0126268
0.0138086
0.011238
0.011712
0.0108902
0.0111737
0.0109317
0.0108581
0.0113935
0.0109589
0.0118756
0.0113524
0.0122137
0.0150366
0.0167158
0.016201
0.0185916
0.0118734
0.00946678
0.0134119
0.0116445
0.00948241
0.0149959
0.00955149
0.0113831
0.00963894
0.00938861
0.011802
0.0145742
0.010636
0.00813707
0.0164972
0.0108815
0.0151909
0.0122937
0.0115759
0.0138637
0.0113875
0.0126517
0.0197848
0.0130912
0.00953099
0.0116775
0.0133382
0.0132409
0.0129379
0.0145882
0.00927539
0.011669
0.0118532
0.0110904
0.0102864
0.0132199
0.0107671
0.0123943
0.0138395
0.0121505
0.0141428
0.0119827
0.0107617
0.0151169
0.0124473
0.0133221
0.0103518
0.012641
0.0115167
0.0123261
0.0201371
0.0117522
0.0124112
0.0130771
0.0128861
0.0116218
0.016626
0.0158331
0.0180635
0.0115413
0.0130487
0.0135859
0.0110521
0.014672
0.012142
0.0100575
0.0131601
0.0119523
0.013393
0.0149707
0.0112485
0.0112061
0.0205619
0.0130984
0.0131096
0.0126425
0.0131229
0.0140443
0.0134904
0.0132709
0.0108766
0.0113503
0.0107828
0.0109062
0.0111086
0.0108764
0.0116748
0.0111919
0.0147378
0.0116077
0.0124351
0.0204746
0.0159527
0.012865
0.00998189
0.0132899
0.00923865
0.0197383
0.0104229
0.0137483
0.0109791
0.0130523
0.00981725
0.00982564
0.0158019
0.0143719
0.00954405
0.0177596
0.00964395
0.0111396
0.0120787
0.00919637
0.0135019
0.0123355
0.0144755
0.0123682
0.0130608
0.0149353
0.0147717
0.010927
0.0132387
0.012869
0.014734
0.0140234
0.0139349
0.0118617
0.0148533
0.0145564
0.0129025
0.0143014
0.0203215
0.0145311
0.0182228
0.0121474
0.0125745
0.0144976
0.013247
0.0100002
0.0113407
0.0119825
0.00973218
0.0130637
0.0117481
0.0166256
0.0167811
0.0184973
0.0119814
0.0140386
0.0136544
0.0119599
0.0120057
0.0119748
0.0161465
0.0123627
0.0176726
0.0114494
0.0121269
0.012415
0.0159299
0.0110641
0.0134636
0.0162755
0.0179386
0.013363
0.016232
0.0151159
0.013409
0.0143685
0.0150395
0.0112565
0.0154109
0.012278
0.012572
0.010629
0.0113179
0.0106158
0.0107667
0.0108264
0.0107424
0.0112538
0.0110062
0.0118249
0.0113467
0.0106097
0.0117587
0.0103997
0.0236238
0.0132236
0.0130486
0.00918326
0.0103669
0.00867582
0.0104967
0.0108446
0.0119669
0.0130644
0.02009
0.00979262
0.0144586
0.0148329
0.0145105
0.0122278
0.0180108
0.0197848
0.0112574
0.0143076
0.0114679
0.0109322
0.0127562
0.0176781
0.0129383
0.0117343
0.011731
0.0126548
0.0113195
0.0115326
0.0100431
0.0174776
0.0149833
0.0121312
0.0123972
0.0150615
0.0172004
0.0139483
0.0100829
0.0166095
0.0178496
0.0136783
0.0127726
0.0112498
0.0106453
0.0123367
0.00824015
0.0140434
0.0130404
0.0117258
0.0108145
0.00939855
0.0150569
0.0111704
0.015672
0.0120903
0.0108546
0.0128927
0.00945455
0.00948441
0.0128661
0.0143706
0.0158145
0.0132999
0.0124304
0.0117325
0.00844422
0.0147258
0.0184038
0.0154414
0.0123071
0.0137819
0.0156035
0.0139469
0.0137975
0.00979436
0.0139011
0.0143714
0.00963983
0.012927
0.0129524
0.0154678
0.0185248
0.0130236
0.0134575
0.00951941
0.00801764
0.0126778
0.00834624
0.0106955
0.0103756
0.0110574
0.0108063
0.011535
0.0111583
0.011901
0.0136333
0.0145654
0.0107726
0.0132435
0.0161606
0.0103552
0.0127182
0.0133792
0.0105512
0.00832333
0.015459
0.013261
0.0114816
0.00996376
0.0183846
0.0171324
0.0118827
0.0110868
0.020617
0.00922578
0.0122313
0.0139902
0.0145173
0.0131613
0.0116141
0.0126489
0.0101668
0.0127172
0.0113441
0.0143889
0.011451
0.00759094
0.0109962
0.0125606
0.0181047
0.0130031
0.0144389
0.0115875
0.0151516
0.0142756
0.0139492
0.014465
0.0216945
0.0128757
0.013748
0.00969566
0.0156647
0.00960935
0.0136614
0.0121094
0.011203
0.0140099
0.0115238
0.0163319
0.0133223
0.0149563
0.0137105
0.0142325
0.0157046
0.0103004
0.012262
0.0119423
0.0173808
0.0163704
0.0132814
0.0196071
0.015483
0.0120239
0.0138621
0.0103271
0.0192781
0.0170401
0.0139829
0.0107125
0.014796
0.0127822
0.0167688
0.0147347
0.0105
0.0159407
0.0135541
0.0137013
0.0136807
0.015715
0.0123196
0.0185914
0.0155846
0.016348
0.0133249
0.013226
0.0121814
0.0110801
0.00848973
0.0133514
0.0110786
0.0106957
0.0116294
0.0110205
0.0125741
0.0111308
0.0112396
0.0181109
0.0123181
0.00922695
0.0113374
0.0113436
0.0111182
0.0113137
0.0110409
0.0105756
0.0126357
0.0113052
0.0130255
0.00917178
0.0152555
0.0105526
0.0119591
0.0111777
0.0147061
0.0208303
0.0114811
0.011336
0.0142423
0.0114782
0.0094229
0.0159086
0.0123731
0.0134181
0.011664
0.00959506
0.0166688
0.0128082
0.0105814
0.0153413
0.0128602
0.0132877
0.013888
0.00955131
0.0131898
0.0129837
0.0119977
0.0191967
0.01308
0.013453
0.0112742
0.0122345
0.0123316
0.0129483
0.0118813
0.0138009
0.013306
0.0133799
0.0104384
0.0125172
0.0126884
0.0174962
0.0148628
0.0119778
0.0149512
0.0129331
0.0152905
0.0128336
0.0131451
0.00791938
0.015268
0.0141663
0.0136486
0.015205
0.0171984
0.0165125
0.0126171
0.0115345
0.0115479
0.00783994
0.0139574
0.0166344
0.0139272
0.015205
0.0137905
0.0174159
0.0165112
0.0143416
0.0142804
0.0137886
0.0139934
0.0227816
0.0141275
0.0131597
0.0103148
0.0113738
0.00888901
0.00862189
0.0138494
0.0126914
0.0112976
0.010582
0.0115807
0.0112789
0.0122774
0.0114346
0.0152086
0.0121518
0.0154304
0.0102147
0.0129794
0.0103349
0.0102311
0.0144518
0.00907555
0.0109479
0.0136425
0.0141139
0.0162853
0.012345
0.0132972
0.0101063
0.0113621
0.0117757
0.0139285
0.00951669
0.0121134
0.0117168
0.012793
0.00862178
0.0155385
0.0119272
0.0151391
0.0188397
0.0122484
0.0105042
0.0133702
0.0160873
0.0117713
0.0114341
0.0115173
0.0123814
0.010961
0.012008
0.0116582
0.0141816
0.0133539
0.0090447
0.00967899
0.00951703
0.0119354
0.0123899
0.0117311
0.0207122
0.0163945
0.0128535
0.0133252
0.0155713
0.0130284
0.0174431
0.010372
0.00982501
0.0147349
0.0143884
0.0133383
0.0109002
0.0129053
0.0140674
0.0152869
0.0131677
0.012323
0.0122142
0.0122804
0.0153105
0.00889234
0.0140797
0.0158147
0.0141157
0.0121096
0.0126974
0.0130896
0.0140258
0.0156922
0.0134417
0.0148916
0.0116768
0.0164362
0.0103523
0.0181082
0.00981398
0.0128282
0.0164509
0.0114775
0.0103935
0.014017
0.0110734
0.00869483
0.00915784
0.0122764
0.0131168
0.0157423
0.0107274
0.0160211
0.0192519
0.0120229
0.011916
0.0102273
0.018162
0.0195617
0.0119479
0.00998706
0.012967
0.0130022
0.0113445
0.00986988
0.0105675
0.00999808
0.0110503
0.00979597
0.0111247
0.0117771
0.0118776
0.0123766
0.0173846
0.0108974
0.0112295
0.0117077
0.0108485
0.00891757
0.00995941
0.0102069
0.012344
0.0107276
0.0109481
0.0106984
0.0165261
0.0126262
0.0118497
0.0132468
0.0119825
0.00737708
0.00792905
0.010239
0.0135775
0.0138052
0.0127637
0.012811
0.0171525
0.0185868
0.01166
0.0119436
0.0125075
0.0120555
0.0129304
0.0114329
0.0153528
0.0100771
0.0134877
0.0198831
0.0124183
0.0122439
0.00942475
0.0113837
0.0119826
0.0167324
0.0106485
0.0135139
0.0141276
0.0128028
0.014475
0.0161388
0.0152
0.0111962
0.00974747
0.0132452
0.0174474
0.0144269
0.0129622
0.0143609
0.011111
0.0146973
0.0115919
0.0126229
0.0134609
0.0125464
0.0105683
0.0134603
0.00995082
0.0188894
0.0132029
0.013967
0.0108311
0.0155632
0.0122124
0.0137108
0.0157907
0.0134187
0.0166901
0.00928728
0.0122489
0.01482
0.0150298
0.0122043
0.0154854
0.0150558
0.0134906
0.0137103
0.0182954
0.0111019
0.0152525
0.0134079
0.0169316
0.0150446
0.0158221
0.0178594
0.0138232
0.0160703
0.011299
0.0119073
0.0108334
0.0113972
0.00839862
0.00864157
0.0120585
0.00983071
0.00891529
0.0108051
0.012916
0.0104492
0.0116411
0.0143524
0.0115552
0.0101265
0.0121274
0.0119425
0.0111406
0.0114182
0.0129246
0.0126482
0.0102111
0.0107371
0.0110238
0.0128371
0.0126613
0.0158509
0.0124115
0.0118542
0.0121072
0.0165279
0.0141467
0.0116666
0.0115042
0.0118277
0.0119847
0.0120825
0.00868835
0.013729
0.00986261
0.0154503
0.0137639
0.011504
0.0125353
0.0104804
0.013205
0.0122839
0.0129473
0.0144039
0.0108712
0.0105034
0.0130064
0.0148137
0.0142291
0.0122955
0.0119874
0.0114386
0.0135486
0.0132273
0.013114
0.0155151
0.0215494
0.0126248
0.0129206
0.00987037
0.0162115
0.0161771
0.0114349
0.0128083
0.0131883
0.0123089
0.0139428
0.011989
0.0211058
0.0112963
0.0150742
0.0133342
0.0107434
0.0135345
0.0134142
0.0138163
0.0136436
0.0120944
0.010072
0.011415
0.00505736
0.0117635
0.00535379
0.0172109
0.0163208
0.0115667
0.00886404
0.0149648
0.0100317
0.00942609
0.0126259
0.0131564
0.0189159
0.0111024
0.0114191
0.0163804
0.0191221
0.0123506
0.0157798
0.00798103
0.0122518
0.0140348
0.00790635
0.0101699
0.013147
0.0119015
0.010752
0.00919072
0.0110232
0.0116723
0.010032
0.00845706
0.0086544
0.0112692
0.0108317
0.0117875
0.0111757
0.0116448
0.00958474
0.0118347
0.018646
0.014692
0.0111286
0.0115345
0.0104832
0.0110689
0.0081556
0.0104469
0.00897519
0.00940623
0.0107871
0.00992955
0.0139992
0.0123682
0.0120572
0.0100617
0.0175411
0.0160199
0.0146352
0.0164982
0.017793
0.0137795
0.0172737
0.00945211
0.0163611
0.0100044
0.0123721
0.014465
0.0098807
0.0145879
0.0102232
0.0118361
0.0140665
0.0139955
0.0149739
0.0131334
0.0199174
0.00971125
0.012717
0.0135246
0.0130926
0.0130678
0.0144557
0.0159778
0.0161849
0.0122308
0.0133276
0.0138916
0.0166921
0.0153954
0.012918
0.015197
0.0115405
0.0133462
0.0138687
0.0137932
0.013563
0.0108674
0.011743
0.0136507
0.0133429
0.0125364
0.0129019
0.0148396
0.0130404
0.0115396
0.0156345
0.0123162
0.0143606
0.0130991
0.0156962
0.0106385
0.0109747
0.00874297
0.011303
0.0159699
0.012792
0.0206114
0.00708044
0.0122932
0.0101787
0.0114225
0.0142125
0.0139978
0.0134189
0.01292
0.0179583
0.0123396
0.012453
0.014725
0.0191146
0.0157953
0.0107892
0.0133274
0.0141593
0.0149236
0.0130544
0.012679
0.00818271
0.0137632
0.0140401
0.0101937
0.0131015
0.0117029
0.0131579
0.0122356
0.0122407
0.0118806
0.0123114
0.0101747
0.0130374
0.0119194
0.0115983
0.0127507
0.0102429
0.0089206
0.00930734
0.0132944
0.00981772
0.0123189
0.013116
0.00837613
0.00951101
0.00956242
0.00912613
0.0142441
0.0139096
0.0165145
0.0118193
0.0115978
0.0159522
0.0133447
0.0131179
0.0134919
0.00939928
0.0142658
0.0146676
0.0125166
0.016168
0.0136138
0.0112234
0.0178743
0.0146911
0.0144785
0.00991479
0.0126832
0.0134176
0.0152618
0.0113598
0.0133872
0.0136494
0.0140099
0.0135855
0.0106723
0.012298
0.012516
0.0141402
0.0136558
0.0137603
0.0142443
0.0180854
0.0120217
0.0157822
0.0120859
0.0143949
0.0135236
0.0128763
0.0136202
0.0122568
0.00998114
0.0139791
0.0100695
0.0134185
0.0119808
0.0129286
0.0127425
0.0151776
0.0131208
0.00987667
0.0119754
0.0149372
0.0115425
0.0112491
0.0142598
0.0145319
0.0146158
0.0157677
0.0120665
0.0141862
0.0123895
0.010882
0.014777
0.0146778
0.0145067
0.0125658
0.0119846
0.00959652
0.0130038
0.0123422
0.0132995
0.0128595
0.0146481
0.0150741
0.013501
0.0124264
0.0129578
0.0124985
0.0152037
0.012918
0.0164302
0.0167196
0.0139856
0.0165472
0.0119323
0.0124036
0.0136223
0.0158712
0.0154613
0.0120175
0.0113048
0.0119299
0.0109197
0.0114248
0.00851763
0.00873277
0.0123482
0.0100921
0.00918665
0.0110567
0.013138
0.0107296
0.0119311
0.0143288
0.0122351
0.0104328
0.0134156
0.0131339
0.0131578
0.0123417
0.00987717
0.0101801
0.00845334
0.0128072
0.0076616
0.0110878
0.0122359
0.014656
0.0143388
0.0120707
0.0162144
0.0132573
0.0176169
0.013286
0.014369
0.0119154
0.0119784
0.0142256
0.0129516
0.0130521
0.0154901
0.0109187
0.0162988
0.0115849
0.0129711
0.0135516
0.0130876
0.0115458
0.0164336
0.0116372
0.0121268
0.0153137
0.0113506
0.0140181
0.0122382
0.00963071
0.0124169
0.0133865
0.0118697
0.0159969
0.0133136
0.014316
0.0132056
0.00989266
0.0125797
0.014612
0.014759
0.0108706
0.0121729
0.0133554
0.0102172
0.0138629
0.013382
0.0141363
0.0117059
0.00981337
0.0127243
0.0141654
0.012927
0.0138423
0.0138322
0.0103601
0.0151309
0.0140846
0.013682
0.0140616
0.0116388
0.0131524
0.0128945
0.011958
0.013239
0.0114049
0.0156798
0.015508
0.00996585
0.0105554
0.0138067
0.0119988
0.011926
0.0130184
0.0138494
0.0141047
0.0198855
0.00693858
0.0111006
0.0139867
0.0147651
0.0117769
0.0145126
0.0143157
0.0137306
0.0114504
0.009435
0.00736383
0.0129268
0.0131289
0.0137815
0.0152943
0.0119651
0.0149242
0.019623
0.0136419
0.0172017
0.0159964
0.00801006
0.0135923
0.0136707
0.0180005
0.0131311
0.0110415
0.0118833
0.010706
0.00916819
0.0110209
0.0117001
0.0100615
0.00851879
0.00872776
0.0114223
0.010921
0.0119024
0.0113087
0.011934
0.00985141
0.0119822
0.013018
0.0154163
0.012455
0.0149203
0.0135004
0.0125221
0.00965033
0.00984291
0.00981785
0.00972877
0.0127478
0.0127223
0.00761423
0.0111277
0.0112614
0.0122112
0.0106528
0.0112888
0.0102615
0.00855462
0.012322
0.0121479
0.0151878
0.0100981
0.0103829
0.0134577
0.010575
0.0131567
0.0128754
0.014623
0.0137479
0.0138957
0.0123878
0.00983161
0.0125618
0.0126518
0.00919452
0.0153194
0.012848
0.0128157
0.0123148
0.0108191
0.0118669
0.0129189
0.0109252
0.0134238
0.0132071
0.0116293
0.0124657
0.0129449
0.010909
0.0137122
0.0129201
0.012767
0.0142449
0.0118399
0.0136187
0.0131049
0.0145549
0.0112961
0.0165855
0.0159564
0.0118197
0.0139731
0.0121545
0.0140272
0.0116521
0.0142737
0.0138434
0.0135171
0.0107205
0.0121584
0.0117675
0.0111773
0.0143953
0.0123762
0.0173201
0.0108249
0.0127936
0.0117144
0.0174013
0.014612
0.0116651
0.00812559
0.0118933
0.0137451
0.0109827
0.0155046
0.0129413
0.0138177
0.0140386
0.0107487
0.0115008
0.0163977
0.0114996
0.0163244
0.0116803
0.0119293
0.0104215
0.0131033
0.0115735
0.013184
0.0121723
0.0121909
0.0118785
0.0123471
0.0101949
0.013086
0.0119894
0.0116409
0.0128178
0.0121164
0.0133914
0.0146832
0.0117908
0.0119992
0.0123267
0.00973319
0.0096287
0.00876892
0.0097331
0.0108619
0.0102258
0.011938
0.0099592
0.012804
0.0156787
0.0119171
0.0119863
0.0177157
0.0168129
0.0129441
0.0150448
0.0132424
0.0117902
0.0185366
0.0126951
0.0140096
0.0122501
0.0108624
0.0136027
0.00955627
0.0122016
0.0171724
0.013706
0.0118516
0.0181568
0.014247
0.0104373
0.0125098
0.010661
0.0107431
0.013705
0.0138781
0.0114255
0.012308
0.012725
0.0127182
0.0122495
0.0128073
0.0135116
0.0167275
0.0163861
0.0121841
0.012948
0.0122057
0.0129531
0.0106614
0.013979
0.0130692
0.0149495
0.00967641
0.0120622
0.0132653
0.0136345
0.0151305
0.0137154
0.0123178
0.0147674
0.0141549
0.0136573
0.0175513
0.0179223
0.0174942
0.0167465
0.0144054
0.0133693
0.0133058
0.0135818
0.0201962
0.0128477
0.010934
0.0139854
0.0174735
0.00849332
0.0112516
0.0145498
0.0121085
0.0135151
0.0138993
0.0102339
0.0135064
0.0157683
0.0133211
0.0139423
0.0106863
0.0128097
0.0165657
0.0144037
0.0143185
0.0104892
0.0160954
0.0127387
0.0153107
0.0143997
0.0141185
0.00941031
0.0151289
0.0121587
0.0108652
0.00933176
0.0110374
0.0115879
0.00826705
0.0082642
0.00981638
0.00919674
0.0109391
0.0131548
0.0106853
0.0119607
0.0143165
0.0122795
0.00883901
0.0173713
0.0132916
0.0125207
0.0107306
0.0130719
0.0149278
0.00866522
0.0100467
0.0126335
0.014387
0.010503
0.00987525
0.0103348
0.0152424
0.0123348
0.0151117
0.0121072
0.0163165
0.0147673
0.0118029
0.0101609
0.0120676
0.014359
0.0127581
0.012488
0.0137316
0.0117499
0.013047
0.0161884
0.014465
0.0106937
0.0122347
0.0123663
0.0127274
0.0129604
0.017006
0.0165456
0.0172737
0.0106551
0.0125754
0.0124168
0.0121592
0.0122033
0.0116441
0.0130096
0.0174679
0.0139788
0.0107477
0.0174176
0.0143302
0.0127126
0.0161591
0.0121052
0.0132749
0.0138973
0.0154976
0.0131764
0.0128729
0.0131173
0.0135222
0.0128148
0.0133548
0.0140201
0.0125333
0.0133189
0.0134387
0.0131433
0.00932794
0.0138813
0.0126817
0.0107155
0.0133499
0.0108362
0.0134979
0.0114424
0.0128945
0.0155915
0.0103899
0.00779835
0.0135071
0.0132585
0.0109021
0.0166484
0.0132229
0.0135759
0.0127766
0.01223
0.0129935
0.0130105
0.00960248
0.0136494
0.0149164
0.0117303
0.0114937
0.0142845
0.0180861
0.0153933
0.0123562
0.0100978
0.0148212
0.0106472
0.00870678
0.0108124
0.0102819
0.0110135
0.0133493
0.0120574
0.0212891
0.0103646
0.0139536
0.0136601
0.0135825
0.0200828
0.0125092
0.012489
0.0156108
0.0106768
0.0157501
0.0134024
0.0134216
0.0118454
0.0104204
0.0136581
0.0119187
0.0137564
0.0122895
0.0122211
0.0118677
0.00986862
0.0103584
0.013058
0.0118401
0.0115162
0.0118853
0.00981538
0.0119167
0.0151485
0.0108344
0.0118046
0.0102748
0.00886663
0.00867116
0.00829121
0.0104376
0.00952469
0.00876953
0.0105384
0.0103084
0.0140289
0.0116626
0.0106466
0.0113561
0.0125597
0.0118848
0.0108138
0.0122448
0.00960621
0.0112214
0.0121425
0.0106846
0.0101091
0.0136612
0.0152746
0.0169164
0.0134398
0.0175658
0.0128827
0.0126816
0.0169486
0.0133034
0.0132274
0.0116961
0.0131287
0.0107066
0.0170219
0.0131965
0.0131617
0.0105474
0.0137038
0.0166539
0.0129377
0.0128714
0.0112245
0.0125512
0.0129795
0.0142009
0.0138348
0.0164543
0.0170739
0.0111851
0.00871337
0.00894094
0.0125648
0.0106387
0.0151786
0.0119435
0.0147304
0.0130394
0.0122823
0.0202138
0.0145218
0.0119766
0.00981069
0.0146771
0.0127574
0.0129439
0.0190955
0.0173146
0.0128205
0.0123367
0.0166028
0.0136047
0.0139563
0.0157743
0.0119229
0.0126892
0.0192077
0.0112257
0.011699
0.0121349
0.0111329
0.0118646
0.00861934
0.00892932
0.0123839
0.0101528
0.00917392
0.0110467
0.0131767
0.0106981
0.012177
0.0142961
0.0124372
0.0131963
0.0127851
0.0117408
0.0151614
0.010072
0.0119767
0.00862323
0.00855757
0.0133614
0.00996887
0.0124626
0.0144369
0.0143545
0.0144078
0.012608
0.0115944
0.0125763
0.011733
0.0139961
0.0121261
0.0117924
0.0126194
0.0161999
0.0145415
0.0125215
0.0124686
0.0153603
0.0163741
0.0137038
0.011352
0.0163784
0.010855
0.0136643
0.016703
0.0120042
0.0130669
0.012828
0.0130807
0.0124822
0.0173756
0.0188799
0.0124234
0.015372
0.0123687
0.0142761
0.0104598
0.0113572
0.0130812
0.0167538
0.0151271
0.0132186
0.00965513
0.00925622
0.016009
0.0126692
0.0126782
0.0117604
0.0096806
0.0150066
0.0145067
0.0126713
0.0176102
0.0114824
0.0164346
0.0116315
0.0137787
0.0106974
0.0151115
0.0145489
0.0120726
0.0129021
0.0105786
0.0160191
0.0147033
0.0120111
0.0124089
0.011522
0.0116851
0.0122382
0.0113359
0.0119061
0.0110457
0.0116728
0.0135561
0.0115674
0.0114089
0.0100481
0.00851851
0.00876137
0.0114247
0.0109135
0.0119081
0.0112976
0.0122841
0.0133464
0.011982
0.0130517
0.0143125
0.0161936
0.0147236
0.0139997
0.0138131
0.0099889
0.0139829
0.0109865
0.0121368
0.0147048
0.0101235
0.00870798
0.00959999
0.0124673
0.0165968
0.0180774
0.0122797
0.0164388
0.015716
0.0145287
0.0122294
0.0150652
0.0103799
0.012732
0.0172333
0.00812735
0.010844
0.0132613
0.0142296
0.0143903
0.0119708
0.00998683
0.0126431
0.0136255
0.0138292
0.0125498
0.00984565
0.0129827
0.0136344
0.0165798
0.015402
0.0116027
0.0103296
0.0160629
0.0196675
0.0138256
0.013662
0.0106459
0.0158847
0.0115929
0.0156967
0.0118581
0.0158145
0.0128442
0.0111979
0.019524
0.0115347
0.0143571
0.0128219
0.0144736
0.0129374
0.0172926
0.0150413
0.016037
0.0199468
0.0143722
0.0176452
0.0117225
0.0124808
0.0120336
0.0113016
0.0157615
0.0143832
0.013448
0.012698
0.0140304
0.0114413
0.0132397
0.0114841
0.0148502
0.0125256
0.0114305
0.00836532
0.0099491
0.00878266
0.011881
0.0124513
0.0138224
0.0102145
0.0125136
0.0117261
0.0126883
0.0101461
0.0130745
0.0119551
0.011584
0.0127317
0.0112245
0.00933307
0.0162171
0.0103348
0.0166163
0.0140642
0.0161521
0.0147728
0.0140537
0.0126329
0.011976
0.0133429
0.0130922
0.0150914
0.0119789
0.0138524
0.0103272
0.0159049
0.0127804
0.0126698
0.01061
0.0162846
0.0128723
0.0138355
0.0135886
0.00824211
0.0137315
0.0138218
0.0066303
0.0148049
0.0139241
0.0113728
0.0131909
0.0110095
0.015214
0.0135108
0.014905
0.017305
0.0162089
0.0178684
0.0136502
0.0142087
0.0157095
0.0107061
0.0165296
0.0188584
0.0120523
0.0131969
0.0200899
0.0193206
0.0158834
0.0107717
0.0121368
0.0188129
0.00968776
0.0171781
0.016654
0.012992
0.0160628
0.0153542
0.0151026
0.012673
0.0128125
0.0157452
0.0138027
0.0140849
0.014856
0.0109829
0.0124687
0.0127268
0.0185529
0.0133546
0.00910839
0.0166028
0.0106558
0.0108004
0.00996627
0.0126907
0.00957453
0.0111707
0.0111863
0.0113494
0.0101394
0.0125612
0.0139266
0.00871781
0.00918761
0.00888505
0.0125742
0.0105974
0.0118229
0.0139248
0.0121342
0.0102598
0.0144303
0.0109573
0.00868707
0.0132566
0.0134769
0.0113072
0.014588
0.0157191
0.0121415
0.0159937
0.0107638
0.0132255
0.0130435
0.0110397
0.0188796
0.00990915
0.0130631
0.0133712
0.010817
0.0130861
0.00988809
0.0128189
0.0153273
0.0112256
0.0144523
0.0125499
0.0133542
0.0170721
0.0159184
0.0130409
0.013315
0.01106
0.0108689
0.0150778
0.0137543
0.0132769
0.0139938
0.0159868
0.0167169
0.0147007
0.00931653
0.0176107
0.0141486
0.0170234
0.0135682
0.0156372
0.0156694
0.0135894
0.0184442
0.0161604
0.01521
0.0145199
0.0156292
0.0172111
0.017029
0.0124538
0.0157312
0.0158541
0.0136583
0.015051
0.0114544
0.0139966
0.0140148
0.0110332
0.00975687
0.0162207
0.0103419
0.012509
0.0154352
0.0125805
0.0132007
0.0129347
0.0120706
0.0122119
0.0137949
0.0134686
0.0119527
0.016164
0.0128988
0.0157656
0.00872627
0.0105173
0.01189
0.0126854
0.0127999
0.0157759
0.0115649
0.0107981
0.0139993
0.0139043
0.013928
0.0143125
0.0133323
0.00981533
0.0090692
0.00920127
0.0127649
0.0124118
0.0102303
0.00993141
0.0112137
0.0111914
0.0114293
0.0123686
0.0164719
0.0104504
0.0104784
0.0146305
0.0126802
0.0102445
0.0170322
0.0121539
0.0145678
0.0108512
0.0100425
0.0142924
0.00955845
0.0146713
0.010628
0.0131528
0.0143964
0.0117297
0.0125955
0.013341
0.0134638
0.0120522
0.0173463
0.0167846
0.0133953
0.0205791
0.011471
0.0146287
0.0138395
0.0149712
0.0134438
0.0163974
0.015667
0.0130869
0.0149918
0.0163843
0.0123617
0.0109358
0.0116802
0.0100744
0.00972927
0.00839982
0.0190649
0.0155436
0.0124067
0.00848887
0.0139764
0.0140664
0.0130705
0.0128325
0.0158826
0.0118842
0.014095
0.0182492
0.0153599
0.0103555
0.0162568
0.0117734
0.00913254
0.0127886
0.00790634
0.0138698
0.0121777
0.0159087
0.0099879
0.0110182
0.0109143
0.00959982
0.0145068
0.0125242
0.0120936
0.0142364
0.0115442
0.014154
0.0128618
0.0109028
0.0114113
0.0162605
0.0121926
0.01349
0.011383
0.0116027
0.011104
0.0109698
0.0115717
0.0111525
0.0114173
0.0092681
0.0139126
0.0161142
0.011846
0.0108437
0.0126503
0.0156574
0.0139384
0.0127903
0.0101005
0.0113509
0.0101846
0.0158353
0.0109812
0.0157343
0.0126563
0.0109614
0.0155892
0.0132229
0.0137386
0.0171493
0.0163034
0.0132745
0.0108161
0.0180716
0.0104889
0.0163434
0.0134641
0.012898
0.0120971
0.0121458
0.00944378
0.0139674
0.0154435
0.0125735
0.0171257
0.0119419
0.00911775
0.0140365
0.0139195
0.0154095
0.00838767
0.0123235
0.0119744
0.0147866
0.0120579
0.0125474
0.0110716
0.0161935
0.0135317
0.0144571
0.00980121
0.0170152
0.0160887
0.01609
0.0176552
0.015625
0.00864187
0.0138086
0.0118888
0.00675195
0.0166852
0.0144997
0.0135014
0.0165021
0.0171145
0.00966662
0.0063727
0.0123429
0.0163753
0.0148513
0.0186225
0.0164574
0.01817
0.0170747
0.0131394
0.0142679
0.0134315
0.0130822
0.0098192
0.0117816
0.0133455
0.00991894
0.0157238
0.013143
0.0102039
0.0128777
0.0127321
0.0134507
0.00975421
0.013466
0.0104405
0.0105141
0.0104175
0.0155574
0.0134655
0.00892686
0.0135413
0.011532
0.0135891
0.0163144
0.0110902
0.0176611
0.010117
0.0112554
0.0161419
0.0160199
0.0127734
0.0111349
0.0100207
0.0114034
0.0175513
0.0133217
0.0110637
0.0102147
0.0131968
0.0120549
0.0122955
0.0198144
0.0156754
0.0109937
0.0119042
0.0113129
0.0111865
0.0106883
0.0132182
0.0132881
0.00956234
0.0161333
0.0137564
0.0101587
0.0127222
0.0131395
0.0114851
0.0125616
0.0186764
0.0131352
0.0108512
0.014936
0.011832
0.00932444
0.0102698
0.0112478
0.00999319
0.0142431
0.011776
0.0113153
0.0126796
0.0150836
0.0164202
0.0167155
0.0138108
0.0138727
0.0110227
0.0110047
0.0125773
0.0135389
0.0159062
0.010663
0.0135523
0.0148934
0.0136359
0.00996197
0.0145263
0.0147439
0.0169196
0.0137136
0.0139606
0.012516
0.0125182
0.00982487
0.0169804
0.0131302
0.0162807
0.0180597
0.014142
0.0152011
0.0164537
0.0142569
0.011738
0.0160372
0.0159231
0.015686
0.0162798
0.0134284
0.0166012
0.0147829
0.0185109
0.0155632
0.00951632
0.0129499
0.016237
0.0132069
0.0109023
0.0133264
0.0127883
0.0176371
0.0129747
0.0163303
0.0149392
0.0102717
0.012126
0.0147114
0.0133329
0.0150238
0.0117155
0.0204429
0.00728476
0.009941
0.011704
0.013126
0.0134524
0.0129011
0.012722
0.0112461
0.0118543
0.00975454
0.0111417
0.0166006
0.0116685
0.0148205
0.0131608
0.011597
0.0123766
0.0111198
0.0133199
0.011943
0.0137296
0.0143571
0.00805012
0.0114029
0.0117039
0.0115974
0.0119358
0.0125622
0.0142369
0.0117887
0.0122343
0.0121132
0.0104156
0.0138879
0.01421
0.0122074
0.0153135
0.0106023
0.0174813
0.0147906
0.0127244
0.0161636
0.0141941
0.0150993
0.0180152
0.0105212
0.0172125
0.00973348
0.0129534
0.0142201
0.0159024
0.0106593
0.0136296
0.0194235
0.0163703
0.0122651
0.013537
0.0159294
0.0137428
0.013093
0.0159545
0.0167639
0.00887622
0.0152099
0.0121443
0.011504
0.0134892
0.013313
0.00760682
0.0136128
0.0140978
0.00802634
0.0125331
0.00966403
0.0151129
0.00967531
0.015439
0.0128925
0.0129817
0.0156902
0.00970206
0.0118904
0.0160572
0.011615
0.0103382
0.0141525
0.0135029
0.0102595
0.00782641
0.0127879
0.0117352
0.0153854
0.0131734
0.0122424
0.0150425
0.0133194
0.00833167
0.0113699
0.0087309
0.0125118
0.0090398
0.0120033
0.014782
0.0118324
0.00971542
0.0114609
0.0113243
0.0150525
0.0144983
0.00982447
0.0164814
0.0113847
0.0149499
0.0122626
0.0129093
0.0128395
0.00989529
0.0127294
0.0130926
0.0136266
0.00917815
0.0153864
0.0122807
0.014091
0.0144507
0.0157638
0.0108705
0.0129506
0.0167415
0.0140768
0.0168173
0.015467
0.0101784
0.0149096
0.013146
0.0105372
0.008956
0.0087109
0.0137612
0.0139842
0.0165457
0.0158173
0.0132022
0.0108494
0.0101211
0.0121461
0.0151816
0.0152202
0.0166307
0.0150435
0.00987424
0.0152613
0.0105694
0.0111396
0.0153161
0.0139607
0.013112
0.0102292
0.0113007
0.0134482
0.0151841
0.0101725
0.0116456
0.0132285
0.0123141
0.017211
0.00937801
0.0151825
0.00926323
0.0104721
0.0148079
0.00656646
0.0116511
0.0179396
0.0113914
0.00988622
0.00835269
0.00936317
0.0123386
0.0134748
0.00956208
0.00879815
0.0116027
0.0154132
0.0158138
0.0119329
0.0125043
0.0116538
0.0138802
0.0147482
0.0118376
0.0112664
0.0134161
0.0133428
0.0116117
0.0127806
0.016302
0.0177072
0.0135257
0.0146516
0.0114842
0.0148255
0.0127578
0.0117964
0.0122073
0.010396
0.0101316
0.0120443
0.0135283
0.0168023
0.0112726
0.00957785
0.0173399
0.0114782
0.0132355
0.0111596
0.0110939
0.0101772
0.0131607
0.0137951
0.0148098
0.00941133
0.011132
0.0141341
0.00824506
0.0111419
0.018155
0.00910627
0.0116693
0.0121108
0.0125891
0.0160611
0.0138983
0.00916936
0.0129991
0.00782925
0.00967731
0.0111598
0.013736
0.0110953
0.00946363
0.0136752
0.0131074
0.0108705
0.0146103
0.00992202
0.00957415
0.0133716
0.0116576
0.0139169
0.00927058
0.0149299
0.0162239
0.0116187
0.0144433
0.0143651
0.0125095
0.0115042
0.0111549
0.0140022
0.0113584
0.0115206
0.0119101
0.0142936
0.0146693
0.0127746
0.0124067
0.0112954
0.0112717
0.0117187
0.0109981
0.0117266
0.0103544
0.0113837
0.0115178
0.0128868
0.00837736
0.0077732
0.0101293
0.00825186
0.00951248
0.0143213
0.00984119
0.0127692
0.0137382
0.015383
0.0133902
0.0128204
0.0122312
0.0117719
0.0121724
0.012738
0.0128503
0.0105895
0.0099914
0.0131104
0.0128003
0.0102399
0.0123391
0.0114844
0.010545
0.0103535
0.0147853
0.0144025
0.0125126
0.0130853
0.0156506
0.0201814
0.0118538
0.0113493
0.00907763
0.012036
0.0122876
0.0115448
0.0138309
0.0123492
0.0119773
0.0143532
0.0226198
0.0151041
0.0156804
0.0133673
0.0138661
0.0132133
0.0159835
0.0141033
0.0124877
0.00950977
0.0104495
0.0145906
0.0124648
0.00960671
0.00907182
0.0118363
0.0113003
0.00956025
0.0137551
0.0155803
0.00951023
0.0140666
0.0101193
0.0167687
0.00814429
0.0130287
0.00945291
0.0133087
0.0128651
0.0128462
0.0123712
0.0134994
0.0124218
0.0153373
0.01357
0.00915162
0.0097615
0.0114086
0.0142812
0.0148995
0.010546
0.0114998
0.0102004
0.0100845
0.0109923
0.00800796
0.0116089
0.0149887
0.014358
0.0140104
0.00961909
0.010783
0.00650728
0.0135736
0.0110234
0.0110825
0.00884127
0.0147113
0.0153136
0.0126296
0.0126089
0.0141788
0.0108312
0.0132609
0.0150097
0.0150997
0.00981995
0.0148467
0.012015
0.0125817
0.00903317
0.012923
0.0183798
0.00837787
0.0106464
0.0197503
0.0161086
0.0143209
0.0166861
0.00947618
0.0121981
0.014278
0.0135195
0.0150277
0.0127723
0.0162609
0.00921789
0.0129173
0.0137815
0.0116727
0.0127851
0.00818928
0.0112746
0.0111275
0.0118807
0.0127332
0.00971557
0.0119835
0.0109051
0.00968887
0.011839
0.00847488
0.0108659
0.0121331
0.0142254
0.011567
0.00872788
0.0116592
0.0117651
0.0127547
0.0132155
0.0133701
0.0100626
0.00818066
0.00995225
0.00855933
0.0100309
0.0121915
0.0129639
0.0120664
0.014136
0.0144371
0.0128671
0.0150343
0.0126602
0.0164898
0.00886123
0.0187444
0.00907973
0.0092376
0.0133018
0.00974172
0.0175103
0.0155881
0.0153497
0.00986868
0.0158336
0.0142963
0.0141008
0.00920597
0.0129121
0.0109436
0.0154168
0.0121962
0.0133733
0.0150418
0.0139028
0.0141129
0.0164632
0.0122335
0.0130207
0.013818
0.0152133
0.0142985
0.0179571
0.0122111
0.0121645
0.00958377
0.00949995
0.0172771
0.0129429
0.0125549
0.0158861
0.0143515
0.0124213
0.0129412
0.0104509
0.0101121
0.012866
0.0115052
0.0145844
0.011678
0.0113733
0.0114676
0.0113884
0.0141993
0.009499
0.0123031
0.012346
0.0128073
0.0135777
0.0123115
0.00791044
0.0145916
0.0100606
0.00835351
0.013025
0.0142703
0.0146961
0.0162188
0.0138847
0.0110315
0.0179018
0.00893812
0.0106695
0.0152774
0.00811122
0.0180263
0.0164544
0.0141806
0.0152008
0.0143489
0.0149882
0.0154802
0.0120554
0.0148522
0.0138664
0.0142696
0.0161964
0.0104136
0.0125658
0.0150839
0.0171898
0.0180384
0.0116274
0.0114731
0.0166292
0.0141131
0.0112749
0.0151228
0.0118902
0.010326
0.0209809
0.0129621
0.0121689
0.0157412
0.0134359
0.0185771
0.0107957
0.0155796
0.0141994
0.0113663
0.0177311
0.0151883
0.0135968
0.0149776
0.0155736
0.0132339
0.01352
0.00976935
0.0124019
0.0104529
0.0104192
0.0153436
0.0110927
0.0115437
0.00964271
0.0117776
0.0110288
0.0159959
0.0124465
0.00839663
0.0129955
0.0110707
0.00774008
0.00937803
0.0128472
0.014275
0.0154981
0.00948265
0.0156855
0.0131409
0.0165506
0.0174516
0.014246
0.0170179
0.0106902
0.0166787
0.0143529
0.010705
0.0113936
0.0128288
0.0153105
0.0148857
0.0135236
0.0126837
0.0120825
0.0146952
0.0123709
0.0103646
0.014415
0.0175038
0.00946059
0.0126661
0.0127409
0.0128223
0.014494
0.0142754
0.0155906
0.0148409
0.0160374
0.0148619
0.0112492
0.00983308
0.00927653
0.0171931
0.0149398
0.0158627
0.0160861
0.00908592
0.0163883
0.0117994
0.018218
0.0105869
0.0196661
0.0144026
0.0115367
0.0150197
0.0182762
0.0111742
0.0126074
0.008615
0.0119224
0.01058
0.00990778
0.010075
0.0138224
0.010735
0.00990503
0.00787891
0.0124366
0.00886236
0.0138234
0.0151107
0.00829082
0.00802455
0.0123381
0.0212317
0.0125878
0.0163499
0.0124323
0.0103893
0.0138012
0.0120204
0.0102825
0.00863847
0.0109978
0.0142446
0.00903418
0.0114896
0.0102325
0.0160752
0.00974002
0.0110829
0.0177852
0.0113124
0.0101761
0.0132443
0.013209
0.0149517
0.017029
0.0104643
0.011721
0.0122297
0.0108598
0.0158829
0.0146396
0.0105724
0.0156881
0.00975988
0.0110831
0.0157783
0.014446
0.0124136
0.0160151
0.0158875
0.010311
0.0116005
0.0119591
0.0166812
0.0117384
0.0145291
0.0142868
0.0120095
0.0102888
0.0139621
0.0154734
0.0119086
0.0137485
0.0112698
0.0125712
0.0100843
0.0170835
0.0125818
0.0110326
0.012261
0.0126462
0.0118201
0.0164911
0.00973699
0.00998437
0.0118584
0.010454
0.0148585
0.0103872
0.0120494
0.0155686
0.0110826
0.0094467
0.0114752
0.00952132
0.0104028
0.0130055
0.0149911
0.0103127
0.0104859
0.013309
0.0160298
0.0130422
0.0137423
0.0117821
0.0109454
0.00827995
0.00827885
0.0127313
0.0194367
0.0136323
0.0102499
0.010172
0.0110507
0.0129007
0.0116957
0.0117159
0.010351
0.0127406
0.011573
0.0112039
0.0129229
0.0126739
0.0119557
0.011413
0.0117188
0.0117735
0.0177559
0.012653
0.0118848
0.00822253
0.0119285
0.0171061
0.0153291
0.0126039
0.0148727
0.0151566
0.0108278
0.0095555
0.0104832
0.0160567
0.0124083
0.0148142
0.0178836
0.0133655
0.0122399
0.0153078
0.0178465
0.0124606
0.0126313
0.00936234
0.00986789
0.0125325
0.0132234
0.0166302
0.0151902
0.0146616
0.0120841
0.0120288
0.0122163
0.0112833
0.0111392
0.0120531
0.0138956
0.00838582
0.00874657
0.00998529
0.0101448
0.0138273
0.0104082
0.0195013
0.0123552
0.0137659
0.0121448
0.00930345
0.0140294
0.0118088
0.0142795
0.00822794
0.0101134
0.0103134
0.0139395
0.00926044
0.00950112
0.0132533
0.0134073
0.0105609
0.0113921
0.00962246
0.0108356
0.0115598
0.0133176
0.00961272
0.0108066
0.0139125
0.0137826
0.0109148
0.0107529
0.0141282
0.014767
0.0141112
0.00984584
0.010671
0.011906
0.00930276
0.0121806
0.0173444
0.0108145
0.0108077
0.00978068
0.0119636
0.00955335
0.0121113
0.0144621
0.00994826
0.00645082
0.0148946
0.0111886
0.0125297
0.0153917
0.0140145
0.0092564
0.0128475
0.0136926
0.0150389
0.0134635
0.0156642
0.0143893
0.0116489
0.0132338
0.0130087
0.0145251
0.0106906
0.0160263
0.012684
0.0128898
0.0130028
0.0142221
0.0146262
0.0150491
0.0138704
0.0138299
0.0120769
0.0118635
0.0122923
0.0119458
0.0116349
0.0123064
0.0146035
0.0127514
0.00972982
0.0102136
0.0146328
0.0126305
0.0146979
0.0120564
0.0112242
0.0146651
0.0152575
0.00964485
0.00989931
0.0118709
0.0102369
0.00679855
0.0101997
0.0104858
0.0133216
0.0108833
0.0153453
0.0147137
0.0160252
0.0125311
0.0169221
0.017671
0.0143386
0.0126634
0.0121287
0.0130123
0.0109867
0.0109999
0.0155422
0.012949
0.0141154
0.0148168
0.0137073
0.0148202
0.0107212
0.0105157
0.014651
0.0133036
0.009797
0.0106151
0.0167196
0.01218
0.0101481
0.00959294
0.0130609
0.011035
0.0122501
0.0107087
0.0143269
0.0141192
0.0107803
0.0121394
0.0106582
0.00728658
0.0182346
0.0117595
0.012828
0.0123763
0.0178577
0.0120014
0.0146946
0.0145154
0.0111518
0.00972613
0.00951379
0.0131533
0.0139556
0.0117868
0.011342
0.0126487
0.0117168
0.0134466
0.0133013
0.0132437
0.0123723
0.0140777
0.0153382
0.0120859
0.00923765
0.0148914
0.0124774
0.0136434
0.0135559
0.0119986
0.0144176
0.0121472
0.011699
0.0132317
0.0076107
0.0117659
0.0115795
0.0181586
0.00922577
0.0152459
0.0158215
0.0133865
0.0112026
0.0103621
0.0139068
0.0107957
0.0150689
0.0102602
0.00988719
0.0136401
0.0126322
0.0126354
0.00931863
0.0137239
0.0136281
0.0115825
0.0130572
0.0103947
0.0153274
0.00929066
0.0104118
0.0154469
0.0211371
0.016871
0.0130806
0.0118741
0.00990824
0.00950292
0.0105719
0.0104656
0.0133871
0.0146143
0.0136367
0.0102002
0.0150944
0.0156224
0.012392
0.012213
0.0116609
0.00966337
0.00938251
0.0140652
0.0112011
0.0154922
0.00974338
0.0122292
0.010316
0.0103411
0.00831179
0.0113072
0.00825764
0.0127722
0.0130879
0.0137937
0.0101658
0.0127439
0.01316
0.0150816
0.0117597
0.011454
0.0125591
0.00966921
0.010941
0.0138833
0.01619
0.0128998
0.0128069
0.00964925
0.0138249
0.00991807
0.0180174
0.0133521
0.011269
0.0116966
0.0124789
0.0130827
0.0189651
0.0129237
0.0123971
0.0156131
0.0129809
0.0141193
0.0111023
0.0110746
0.011219
0.0163011
0.0112751
0.0096731
0.0128699
0.0135301
0.0113213
0.00986268
0.00968464
0.0133541
0.0114427
0.00939535
0.00932677
0.0101417
0.0170266
0.0140419
0.0102434
0.01434
0.019996
0.0101838
0.0111682
0.012279
0.0119182
0.00991892
0.00847587
0.0139512
0.0143453
0.0106416
0.0107893
0.0127731
0.0103149
0.0124013
0.0155524
0.0112451
0.0103
0.014123
0.00990686
0.0137221
0.0153734
0.0144509
0.00975841
0.0132157
0.0103426
0.0150148
0.0124505
0.0139915
0.0123942
0.0101507
0.0137722
0.00957868
0.0126518
0.0117531
0.014273
0.0101434
0.0128382
0.0124835
0.0111798
0.00937998
0.0132406
0.0126736
0.0171203
0.00841463
0.0085964
0.0109433
0.00806623
0.013987
0.0136449
0.0130509
0.0155087
0.0136211
0.00851409
0.0120911
0.0132105
0.0143493
0.0160304
0.0152854
0.0205014
0.0111741
0.014782
0.0128014
0.0131949
0.0124013
0.0140536
0.0148349
0.0114732
0.0154842
0.0111126
0.0100293
0.0134
0.011459
0.0136429
0.010479
0.0122873
0.0115226
0.0133833
0.0111161
0.0107669
0.0129368
0.0114396
0.0102487
0.0196546
0.0133404
0.0121106
0.0145751
0.0139227
0.0156637
0.0124494
0.00840281
0.0096303
0.0133414
0.0115125
0.0131505
0.0150698
0.0119382
0.0140943
0.0159079
0.0147227
0.0144989
0.0152513
0.0137906
0.010393
0.0123754
0.0107913
0.0120663
0.0144138
0.0141524
0.015219
0.0128151
0.0145919
0.0120947
0.0169437
0.0127261
0.0190945
0.0120134
0.0143586
0.0168712
0.00883201
0.0141294
0.0166331
0.014179
0.00957679
0.00888606
0.0143237
0.00822179
0.0103566
0.0132177
0.0174365
0.0125728
0.0119289
0.0147031
0.0150817
0.0117551
0.0145142
0.00965426
0.0123418
0.00958316
0.0101855
0.01244
0.0122984
0.0119238
0.00966202
0.0141169
0.0126294
0.0125904
0.00904424
0.0109855
0.0162544
0.0126404
0.00948291
0.0140277
0.0113918
0.0121646
0.0147778
0.0108481
0.0111997
0.0107866
0.0106471
0.0114349
0.010929
0.0122413
0.0118176
0.0153388
0.0126859
0.0114271
0.011795
0.00969919
0.0102535
0.0139168
0.0128831
0.0157409
0.0141509
0.0131812
0.0104639
0.0182513
0.0133622
0.010162
0.0156774
0.0140044
0.0119365
0.0114454
0.0164746
0.00773718
0.0123834
0.00674236
0.0124847
0.0130042
0.0134357
0.0123803
0.0107154
0.00986318
0.012594
0.0159886
0.0117156
0.0130893
0.0145017
0.010883
0.00882068
0.0216048
0.00986663
0.0127029
0.0125629
0.0104566
0.0166254
0.0112122
0.012605
0.0101636
0.0108191
0.0109689
0.0128745
0.0124615
0.011238
0.0153175
0.0176263
0.013903
0.016857
0.0129019
0.0125465
0.0145504
0.0118677
0.0155199
0.0115256
0.0089116
0.0098129
0.0145216
0.0145751
0.0124404
0.013378
0.0178828
0.0170157
0.0119753
0.0112491
0.0118306
0.0118765
0.0123212
0.0127886
0.00930115
0.0100352
0.00927476
0.010832
0.0117572
0.0123826
0.00985177
0.0185958
0.0136659
0.0128298
0.0107809
0.0111488
0.0109658
0.0108237
0.011573
0.0110545
0.012167
0.0116976
0.0110383
0.0125623
0.0139169
0.0136381
0.0136548
0.011173
0.0109447
0.0149868
0.0157022
0.011677
0.0115536
0.0123557
0.0123898
0.0136922
0.0087447
0.0149931
0.0154887
0.0106875
0.0144469
0.00956345
0.017706
0.0189754
0.0146175
0.0164997
0.0126504
0.0140823
0.0113931
0.00814893
0.00805309
0.00976931
0.0192202
0.00848304
0.0103458
0.0109782
0.00994467
0.0119328
0.0127745
0.0118622
0.0134318
0.0184256
0.0144974
0.0131183
0.0147963
0.0126777
0.0151193
0.0120387
0.0135104
0.0115049
0.011664
0.0115995
0.0143517
0.0168354
0.0112939
0.0133806
0.0114714
0.0170402
0.0127331
0.0133747
0.0127671
0.0111326
0.00889914
0.0111279
0.00957515
0.01376
0.0101
0.0139018
0.0162207
0.0134205
0.0124797
0.0113313
0.0118046
0.0120008
0.0121424
0.0105698
0.0140687
0.0109758
0.00976691
0.00657561
0.0122431
0.0115788
0.0116257
0.0130934
0.0112723
0.0137338
0.0141962
0.0160374
0.0134756
0.0111722
0.0115333
0.0109194
0.0110062
0.0109706
0.010935
0.011718
0.0112818
0.0123056
0.0133795
0.0113281
0.0147446
0.0146812
0.0100691
0.0117342
0.0121366
0.00928852
0.0111658
0.0143719
0.0162629
0.0114477
0.00940826
0.00909636
0.0100316
0.0161535
0.0131448
0.0133097
0.00998431
0.00944727
0.013625
0.0166644
0.0152696
0.0131063
0.01171
0.0144818
0.0116135
0.00985898
0.0122419
0.0123897
0.0130494
0.0171255
0.0120638
0.0153087
0.0132746
0.0124411
0.0114769
0.0129236
0.0117772
0.015289
0.0117151
0.0111271
0.015288
0.0114737
0.013895
0.0116373
0.0120512
0.0156741
0.0113918
0.0117103
0.0134788
0.0172002
0.0163572
0.014054
0.0144064
0.0179488
0.0132262
0.0150949
0.0132376
0.0127445
0.0164921
0.00875398
0.0147526
0.0146637
0.0102275
0.0109434
0.0125298
0.0096092
0.0119427
0.0116053
0.01104
0.0137116
0.0124619
0.00950977
0.00640728
0.00958101
0.0145372
0.0124635
0.0135308
0.0165002
0.0148817
0.0125084
0.011785
0.0119415
0.0139166
0.0102688
0.0118185
0.0137299
0.0122329
0.0147026
0.0113121
0.0103343
0.013225
0.0126997
0.014418
0.0144361
0.0205648
0.0104606
0.0111848
0.0107572
0.010721
0.0102631
0.00897821
0.0138484
0.0126782
0.0118736
0.0121544
0.0139445
0.0127423
0.0103375
0.016565
0.0137098
0.0113968
0.0123831
0.0160782
0.0129817
0.00996534
0.011508
0.011445
0.0148838
0.00994297
0.0111657
0.014083
0.0140096
0.00993969
0.0117088
0.0132967
0.0119139
0.0136309
0.0118613
0.0121058
0.0199461
0.0107848
0.0112582
0.0122216
0.0232397
0.0132764
0.0096005
0.0143683
0.0124494
0.00972655
0.0123947
0.0113299
0.015857
0.0193179
0.0143806
0.0195737
0.011108
0.0121334
0.010451
0.0147337
0.0138743
0.0149612
0.00853663
0.00926688
0.0113444
0.0130662
0.0142211
0.0137723
0.0101769
0.0133212
0.0139955
0.00966492
0.00640298
0.00656475
0.00927737
0.00953795
0.0147753
0.00960149
0.0114028
0.00921588
0.0130584
0.0135534
0.0140004
0.013473
0.0154473
0.0153651
0.0141779
0.0113222
0.0108172
0.0108749
0.0140284
0.0124442
0.0188049
0.0133043
0.0116147
0.0122831
0.0116654
0.0118017
0.0118506
0.0111
0.0107181
0.010083
0.0129022
0.0103696
0.0123116
0.0114404
0.0109857
0.014066
0.0126702
0.0175895
0.0122471
0.0117625
0.0201816
0.00976728
0.0114045
0.0128933
0.012751
0.0155061
0.0146931
0.00848639
0.0139559
0.0122833
0.00930385
0.00904812
0.0120095
0.0133108
0.0110725
0.00723735
0.00904943
0.00919701
0.0118343
0.0155644
0.0176131
0.00884407
0.0122373
0.0131198
0.0123804
0.0140732
0.0126913
0.0120379
0.012443
0.0112429
0.00978269
0.0118579
0.00605145
0.0107363
0.0120003
0.0101687
0.00978846
0.0142112
0.00830579
0.0110292
0.012413
0.0145514
0.0131585
0.014389
0.0117188
0.0150818
0.0116034
0.0106642
0.013425
0.0148905
0.0142621
0.0100712
0.0101114
0.0118745
0.014211
0.0146502
0.0123187
0.0141985
0.0102992
0.0146813
0.0143603
0.0141429
0.0107678
0.0136037
0.014371
0.0102981
0.0111587
0.0121136
0.017482
0.0160246
0.0133097
0.0122098
0.0119734
0.0118192
0.0130437
0.00749461
0.0147561
0.0138131
0.0118041
0.0140083
0.0149637
0.0133815
0.00923235
0.0153704
0.0103466
0.0103374
0.0124257
0.0103432
0.0132407
0.0136365
0.012956
0.0122126
0.0129373
0.00976026
0.0072191
0.0133095
0.0112615
0.0126219
0.011986
0.0147777
0.0124255
0.0147732
0.011895
0.0112947
0.0117875
0.0112833
0.0197684
0.0134202
0.00978432
0.0170971
0.0164415
0.0114984
0.0138415
0.0163252
0.015586
0.0122218
0.0147721
0.0124401
0.0104084
0.0132417
0.0142482
0.0140426
0.0144065
0.0090213
0.00925759
0.0129259
0.013217
0.0118916
0.0112192
0.0124779
0.0124745
0.0114399
0.0131952
0.012181
0.0127851
0.0113637
0.0122288
0.0118184
0.0114573
0.0112188
0.0120591
0.0130936
0.0126151
0.0140767
0.0123415
0.0101182
0.0138608
0.0103388
0.0146148
0.00920062
0.0113735
0.0151235
0.0135429
0.0145148
0.0148101
0.0114707
0.00859214
0.0127508
0.00951667
0.01843
0.0156357
0.00900154
0.0119769
0.00913466
0.0117871
0.00978774
0.00988547
0.0122785
0.00993587
0.00965453
0.015179
0.0178094
0.0216706
0.0105679
0.01151
0.0116292
0.0138226
0.0109668
0.0150614
0.00967863
0.0144818
0.00858284
0.0115903
0.0160382
0.0107951
0.0119785
0.0130175
0.012697
0.0124948
0.0133461
0.0144232
0.00940182
0.016583
0.0123569
0.0159048
0.00849641
0.0143008
0.0108755
0.0134862
0.0131121
0.0119103
0.0176162
0.00888178
0.0116447
0.013595
0.00648259
0.0106513
0.0116131
0.0128335
0.010552
0.0125685
0.0108493
0.00980582
0.0136598
0.0125119
0.0118549
0.0147768
0.0115079
0.0116522
0.00946389
0.0130204
0.00994958
0.0126823
0.0131604
0.00914901
0.011359
0.0133611
0.0101747
0.0132706
0.0114709
0.0120855
0.0120023
0.015832
0.0132057
0.0125489
0.0136404
0.00888837
0.0162521
0.012812
0.00688513
0.0160003
0.0143165
0.0127239
0.0133899
0.014944
0.0146598
0.0133959
0.00958126
0.00890863
0.00604094
0.0117666
0.0110721
0.0169952
0.00930857
0.00759059
0.0115069
0.00973993
0.00947329
0.0100839
0.0142693
0.011216
0.0209617
0.014823
0.0138714
0.0139102
0.00902831
0.0125979
0.0118676
0.0165116
0.0125719
0.00916765
0.0138859
0.0169126
0.00934176
0.0101879
0.0126789
0.0125006
0.0100493
0.0118039
0.0148757
0.01007
0.0130497
0.0136548
0.0115046
0.0139369
0.0197669
0.0146584
0.0152291
0.0151585
0.0118445
0.0127201
0.0155415
0.0124964
0.00950846
0.00868407
0.00934591
0.0103672
0.00756262
0.0129725
0.0169525
0.0113299
0.0147613
0.0120793
0.014674
0.0118215
0.0144159
0.0140494
0.0110315
0.0132421
0.0133979
0.010946
0.0116872
0.0132616
0.0139004
0.0158004
0.0104042
0.0129305
0.0107743
0.0126597
0.00847282
0.0122523
0.00827937
0.0119153
0.0129954
0.0124956
0.0126275
0.0126428
0.012244
0.0147332
0.0104009
0.00963672
0.0130654
0.0120454
0.0125821
0.0106269
0.00944096
0.0110563
0.0114986
0.0150664
0.0136589
0.00944962
0.0115826
0.0147622
0.0138598
0.0138032
0.0135325
0.0131768
0.00767527
0.00906269
0.0117924
0.0155749
0.0167352
0.01347
0.0103915
0.0142984
0.0141123
0.0122551
0.0139898
0.0140679
0.0123837
0.011239
0.0125124
0.0133225
0.0120838
0.0115342
0.0118639
0.0155087
0.012686
0.0142656
0.0124685
0.0123651
0.0118884
0.0146666
0.0103415
0.0119551
0.011749
0.011213
0.0109112
0.0144444
0.0138194
0.00908023
0.00989016
0.00933413
0.0106582
0.0089348
0.010132
0.0116332
0.0107967
0.0117988
0.00981308
0.0112805
0.0110834
0.0137722
0.0118699
0.0097264
0.012322
0.0125133
0.0127155
0.0141415
0.0158816
0.0125709
0.012598
0.0109365
0.012006
0.0158595
0.0109669
0.0130488
0.0126334
0.012964
0.0146017
0.0120509
0.0119013
0.0137226
0.0136684
0.0152259
0.00955744
0.012936
0.0124107
0.00611822
0.00611176
0.015936
0.00963293
0.0134767
0.0139954
0.0110376
0.0135486
0.0129583
0.0201196
0.00967002
0.015106
0.0151711
0.0120564
0.0114704
0.0149126
0.0125759
0.0113102
0.01263
0.015405
0.00900405
0.0136669
0.0138583
0.0155588
0.0122024
0.0134853
0.010077
0.0129902
0.0117509
0.0169277
0.0195113
0.0116796
0.0131177
0.00845542
0.0112702
0.00903921
0.0111814
0.00900084
0.00877019
0.0116056
0.0134629
0.0110365
0.0110238
0.011151
0.00952995
0.0150338
0.009534
0.00933349
0.0107011
0.0108539
0.00948762
0.0142118
0.0125633
0.0129716
0.013522
0.0145098
0.013848
0.012457
0.0118956
0.0126671
0.0125047
0.0133678
0.00943067
0.0115041
0.00978802
0.0122031
0.0163797
0.0126814
0.0133588
0.0103066
0.0121967
0.0115152
0.0160288
0.0128134
0.0155987
0.0134806
0.0106012
0.013474
0.0136064
0.0112981
0.0168504
0.0127228
0.0155965
0.0120545
0.0158246
0.0125855
0.0165447
0.013152
0.0126898
0.0123501
0.0130971
0.0155743
0.0165283
0.0107124
0.00941342
0.0115512
0.0102356
0.0122468
0.0134392
0.0107371
0.0105293
0.0131673
0.0131526
0.00925823
0.0121107
0.00954475
0.0103948
0.0098604
0.016469
0.0151739
0.0125071
0.00908071
0.0118935
0.00786966
0.0153656
0.0123432
0.00904217
0.0117525
0.0154101
0.0181161
0.0112704
0.0117137
0.015565
0.00917231
0.0129747
0.0109368
0.0130498
0.00740759
0.0162718
0.0113145
0.00653486
0.00911414
0.0117229
0.0162159
0.0153466
0.010571
0.0125109
0.0147843
0.0110082
0.016012
0.0121256
0.0114065
0.0123599
0.013067
0.0131962
0.0103796
0.0135908
0.0147018
0.00972137
0.0107081
0.0137611
0.0113161
0.0111534
0.0154168
0.015304
0.0156117
0.0154641
0.0158468
0.0120916
0.0105307
0.0125853
0.0152382
0.0145206
0.0123572
0.011552
0.0103977
0.0133613
0.0170959
0.00809613
0.0175885
0.00964122
0.0133219
0.0173812
0.00959178
0.0133286
0.0131386
0.0108967
0.0144294
0.0146367
0.0155705
0.0158985
0.01117
0.00755407
0.0159676
0.0150171
0.0152732
0.0128516
0.00887789
0.0144854
0.011498
0.0119733
0.0155995
0.012747
0.0123072
0.0121405
0.0112679
0.00886869
0.0143772
0.0101628
0.00759912
0.0136204
0.0104523
0.00942718
0.0149336
0.0134024
0.0119639
0.0104101
0.0126614
0.0148341
0.0133857
0.0121853
0.0113208
0.0138202
0.0102637
0.0136277
0.0149155
0.0102744
0.0145922
0.00971733
0.0117867
0.012416
0.0127899
0.0187864
0.0145209
0.0108923
0.0132231
0.0144166
0.0119494
0.0181821
0.0177768
0.0130147
0.00746024
0.0146269
0.0154402
0.0147896
0.0116783
0.0107775
0.0142735
0.008081
0.0147342
0.0127588
0.0146321
0.0120896
0.0139346
0.0135113
0.0119545
0.0094027
0.012147
0.0169769
0.0117207
0.0136435
0.0135127
0.0127093
0.014071
0.011924
0.0110032
0.0172995
0.00927049
0.0137992
0.0120356
0.0113911
0.0122456
0.0131506
0.0124795
0.0126286
0.0109681
0.0165568
0.0164451
0.0110914
0.0118348
0.0146314
0.01535
0.00967823
0.0105594
0.0131191
0.0121944
0.015505
0.0116171
0.0145729
0.011843
0.012059
0.00710107
0.0145854
0.0147377
0.0123882
0.0164488
0.0076054
0.0144724
0.0140661
0.0126863
0.0115621
0.0117525
0.0115195
0.0125257
0.0119273
0.0134646
0.012378
0.017433
0.0150525
0.0123536
0.0148651
0.0112237
0.00943304
0.012269
0.0147936
0.00742126
0.0126116
0.0111595
0.00948542
0.00981973
0.0148511
0.0197226
0.0174541
0.0116123
0.0115551
0.0119612
0.0109202
0.0142384
0.00979311
0.0148402
0.0119458
0.0144492
0.016675
0.0112819
0.0148106
0.0119773
0.0122814
0.0129154
0.00969659
0.00895462
0.0107203
0.0122913
0.0123368
0.0117524
0.0124665
0.0141155
0.0089067
0.0115994
0.014575
0.010738
0.0134859
0.0116513
0.0128179
0.00845396
0.0114359
0.0111773
0.012495
0.0130357
0.0121999
0.00901256
0.0138403
0.0132543
0.0110704
0.0147469
0.0112504
0.0117565
0.0109884
0.0110257
0.0130307
0.0113307
0.0117853
0.010945
0.00999633
0.0119901
0.0118784
0.0118794
0.0122681
0.0117482
0.00896552
0.0129046
0.0127238
0.0139687
0.0141058
0.0125684
0.0164044
0.00932992
0.00877353
0.00856755
0.0121691
0.0121911
0.0162554
0.0138555
0.0125377
0.0116013
0.0153853
0.0131996
0.0120208
0.0139664
0.0147089
0.0121019
0.0136026
0.0105538
0.0136727
0.0160096
0.0116454
0.0137199
0.0212738
0.0141329
0.0149692
0.0116287
0.0118296
0.0137815
0.0130827
0.0156979
0.0115949
0.0168205
0.0124511
0.0120082
0.0114561
0.0145744
0.00616122
0.0123081
0.0151356
0.0107496
0.0069702
0.0123499
0.00963115
0.0122638
0.0119308
0.00915169
0.0106519
0.0134804
0.0134457
0.0150017
0.0112428
0.00963674
0.0114252
0.0120277
0.0108315
0.0123818
0.0122699
0.00622248
0.00980429
0.010716
0.0128047
0.0100661
0.00944468
0.0145841
0.0121017
0.012193
0.0117232
0.0117789
0.00962129
0.0116684
0.0115352
0.0147145
0.0149193
0.0125264
0.0112243
0.00945476
0.00880484
0.0137854
0.00863201
0.0128742
0.0127079
0.0134506
0.0134533
0.00944978
0.0131069
0.00748806
0.0111359
0.0108082
0.00924742
0.0155722
0.0135336
0.0116767
0.0133276
0.0147096
0.0134371
0.00961087
0.0130101
0.0142659
0.0152419
0.00986974
0.0168623
0.0169669
0.0131208
0.0128427
0.0111182
0.0110855
0.0125157
0.011427
0.0127322
0.00891348
0.0176105
0.00805792
0.0157686
0.0101743
0.00804552
0.0100541
0.0113953
0.0115992
0.00933569
0.0153266
0.00923102
0.0104759
0.0162304
0.0206117
0.0089005
0.0110472
0.0114574
0.0173217
0.0125895
0.0127534
0.01057
0.0117953
0.0116496
0.0150554
0.0122007
0.0129303
0.0125406
0.0164408
0.0120855
0.013994
0.0145791
0.00850049
0.0116067
0.00924191
0.0113127
0.0144464
0.012168
0.00956358
0.0116827
0.0113074
0.0113293
0.0164958
0.0140322
0.00973324
0.0170614
0.0132164
0.00799675
0.0145077
0.0121471
0.0103656
0.0110054
0.0115471
0.0080258
0.0133474
0.00907568
0.0095853
0.0118485
0.011287
0.0107761
0.0101255
0.0123644
0.0116933
0.0165248
0.011062
0.0112592
0.0151019
0.0121122
0.0122468
0.012915
0.00630562
0.0161389
0.0124371
0.011531
0.0144786
0.0145438
0.00890087
0.0062197
0.0114461
0.00707833
0.0147303
0.0144359
0.00984664
0.0101121
0.00961797
0.012631
0.0138758
0.012662
0.0143725
0.00902211
0.0120686
0.0111786
0.0123153
0.0102019
0.0124933
0.0146164
0.0105965
0.0164471
0.0095331
0.00813665
0.00993444
0.0112392
0.0115884
0.00919559
0.0121062
0.0096286
0.0118298
0.0115197
0.0120316
0.0112273
0.00903164
0.0144723
0.0124172
0.0128318
0.0109696
0.015404
0.013446
0.0137515
0.0165987
0.0112372
0.0143387
0.0121033
0.0110776
0.0124407
0.0135638
0.0154172
0.0125928
0.012077
0.00934494
0.011245
0.00683158
0.00422025
0.0127114
0.0106864
0.0092105
0.0181376
0.0121447
0.0119085
0.0114361
0.0132549
0.013091
0.0143184
0.0121343
0.0100022
0.0130282
0.00402772
0.0122668
0.0132047
0.0142711
0.0123285
0.0145257
0.0110849
0.00935488
0.010484
0.0206081
0.0120783
0.0114594
0.0111761
0.0147232
0.0157354
0.0135171
0.0112302
0.0118255
0.0111529
0.0101112
0.0146661
0.0142349
0.0104355
0.0113263
0.0153474
0.0114139
0.00849251
0.0130974
0.0107383
0.0126813
0.0108159
0.010306
0.0106799
0.00998757
0.0133361
0.00934392
0.0124297
0.00897912
0.0145876
0.0128659
0.0103729
0.0100414
0.0134735
0.0146963
0.00884229
0.0108905
0.0141464
0.0102608
0.00925003
0.00947792
0.00897618
0.00939544
0.00934479
0.0084846
0.00900995
0.00902014
0.0160755
0.0127052
0.0103729
0.0120545
0.0109524
0.0121329
0.0141086
0.0116705
0.012086
0.0108884
0.0122719
0.0181206
0.0120414
0.0113685
0.0130645
0.0128786
0.0100961
0.0126077
0.0131298
0.0151167
0.0124954
0.00642173
0.00861544
0.0149685
0.0122615
0.0121947
0.0162656
0.0111551
0.00987311
0.0135759
0.0144639
0.0114697
0.011852
0.0132303
0.0110913
0.0141222
0.0102728
0.0088462
0.0156181
0.0141554
0.0104277
0.00733692
0.0158242
0.0132491
0.0150659
0.0130853
0.0111478
0.0124321
0.0112539
0.0112577
0.0202024
0.0114907
0.0131541
0.00986797
0.0109319
0.0121471
0.00961032
0.0127497
0.0116599
0.0123935
0.00919948
0.0116368
0.0132858
0.0124276
0.0147928
0.0155986
0.0142531
0.0112009
0.0112069
0.013315
0.0101685
0.0120158
0.0145039
0.0119748
0.0137426
0.0074441
0.0110014
0.0180124
0.00624117
0.00986427
0.0146735
0.015723
0.0119832
0.0118754
0.0137014
0.0102383
0.0117406
0.0148768
0.00921689
0.0103898
0.00897174
0.00839421
0.00881836
0.0112797
0.0111127
0.0121689
0.0107291
0.0114228
0.014488
0.0117229
0.0116376
0.0144226
0.0127723
0.0135651
0.013044
0.0112999
0.0101724
0.0103721
0.0106335
0.0111108
0.0128758
0.0135618
0.0117935
0.014914
0.0131976
0.0109483
0.0107061
0.0080865
0.011752
0.00939044
0.0183677
0.00987655
0.0142411
0.0111926
0.0118793
0.0127255
0.0119881
0.01297
0.0138731
0.0115002
0.0163381
0.0120136
0.0122922
0.00700684
0.0112762
0.0126457
0.0141709
0.0126755
0.0134917
0.0131664
0.0118133
0.0120652
0.00912144
0.0120566
0.0118401
0.00811588
0.00872553
0.011726
0.0104625
0.0112493
0.0103427
0.0120417
0.00980152
0.0114947
0.0181974
0.00977602
0.0112318
0.0142848
0.0107573
0.00902835
0.0104516
0.0109213
0.0142127
0.0124697
0.0137731
0.00938881
0.0128712
0.00960148
0.0148105
0.0110815
0.0105095
0.00972753
0.0126997
0.0125964
0.01214
0.0109796
0.0126839
0.0103734
0.0117904
0.0130787
0.0114222
0.0098223
0.0104159
0.0101332
0.00923054
0.0103117
0.012419
0.0147654
0.0105628
0.0119368
0.0144392
0.0171503
0.00902205
0.0152636
0.0130432
0.0149465
0.0163647
0.0112248
0.0111503
0.015318
0.0183362
0.0128323
0.0126342
0.0105455
0.0140879
0.0113094
0.00865004
0.0165763
0.013109
0.0142188
0.010309
0.014558
0.0100484
0.0115766
0.0105038
0.0117189
0.00914497
0.0116221
0.00893644
0.0146623
0.0126304
0.0103614
0.0157286
0.0109562
0.00692951
0.0135604
0.0169057
0.0117797
0.0105927
0.0114543
0.00576921
0.0109743
0.0152967
0.0167006
0.0110678
0.0113996
0.0107733
0.0132695
0.0101966
0.0130848
0.0131196
0.00995695
0.0150075
0.0109458
0.0117244
0.0100694
0.013739
0.0131578
0.00861264
0.00925198
0.0110948
0.0126318
0.0189383
0.0135406
0.00916829
0.0120198
0.0104491
0.0114348
0.0125912
0.0117368
0.0116637
0.0139593
0.0116553
0.0183773
0.00847291
0.0132452
0.0145166
0.00576009
0.0158708
0.0159315
0.00735194
0.00864881
0.0123282
0.0155359
0.0146157
0.00952537
0.00810934
0.0120339
0.0123507
0.00918563
0.0125733
0.00880111
0.0098373
0.0124679
0.0104873
0.0104228
0.00983262
0.0128639
0.0145113
0.0101608
0.0130985
0.012144
0.01039
0.0100622
0.0110317
0.0141681
0.0123945
0.0154427
0.0144439
0.0136175
0.01518
0.0135714
0.0164349
0.0139178
0.0114748
0.0115884
0.0132615
0.0124154
0.0145049
0.0120177
0.012853
0.0160982
0.0104331
0.00959642
0.0104659
0.0126896
0.0117831
0.014886
0.0128505
0.0119907
0.0103478
0.0146654
0.0166193
0.0138692
0.0073997
0.0109918
0.00821572
0.0138646
0.00632861
0.0146938
0.0169798
0.00671077
0.0136781
0.0123137
0.0143314
0.0195772
0.00934152
0.0123315
0.0117287
0.0136087
0.00763728
0.0077297
0.00904002
0.0119453
0.0118352
0.0144315
0.0138022
0.0123385
0.0146271
0.0102836
0.012872
0.0112248
0.011897
0.0134089
0.0097741
0.0101411
0.00726833
0.0121037
0.0154608
0.0148185
0.0129494
0.0107808
0.0177323
0.00935474
0.0153783
0.0139398
0.0130567
0.00941416
0.0120606
0.00824327
0.015219
0.0170505
0.0122881
0.0122472
0.0115941
0.0151231
0.01456
0.0130502
0.014824
0.0179656
0.0113634
0.0172585
0.0114168
0.0112866
0.0103638
0.0100885
0.00945727
0.0129974
0.00730791
0.00883146
0.00825738
0.0148727
0.0113542
0.0120517
0.0187306
0.0127032
0.0124853
0.00760289
0.0111413
0.00841601
0.0117117
0.0126225
0.0122121
0.00735965
0.012661
0.00959231
0.0115032
0.0174247
0.0143025
0.00914975
0.00948821
0.0118017
0.0120108
0.0130323
0.0153347
0.0113562
0.00935737
0.0159049
0.0110436
0.0114783
0.00927945
0.0185216
0.0172639
0.00823496
0.016764
0.0131556
0.012594
0.0113795
0.0141478
0.00778681
0.0102324
0.0153006
0.0154525
0.0112153
0.0122292
0.0127478
0.0159185
0.0117473
0.0121626
0.0101968
0.0151436
0.0138108
0.019746
0.0121779
0.00856538
0.0088563
0.0118794
0.00981888
0.00848909
0.0103553
0.0124627
0.00966609
0.0113989
0.0135651
0.0153165
0.0106846
0.0111346
0.0163155
0.0110688
0.0125919
0.0122469
0.0154251
0.0106826
0.0127886
0.010181
0.00981049
0.0125832
0.0118497
0.00973498
0.00947398
0.0112582
0.00920256
0.0111784
0.0132493
0.0147712
0.0146203
0.0123623
0.00785236
0.0122172
0.0160004
0.00940775
0.0156286
0.0122191
0.0162385
0.0124975
0.00821698
0.00849365
0.00654484
0.0147879
0.00692904
0.00560042
0.0119055
0.0100834
0.0100129
0.012081
0.0136371
0.0121853
0.0110172
0.00840163
0.015706
0.015052
0.0121
0.0104863
0.01068
0.0105941
0.0102307
0.0106281
0.0107896
0.0103632
0.0114447
0.0109399
0.0121924
0.0119651
0.0118873
0.0112388
0.0132594
0.0120903
0.0119387
0.0125285
0.0128783
0.0129262
0.0110533
0.0118097
0.0125488
0.0153893
0.0151629
0.0113284
0.0114303
0.00939834
0.0112748
0.0118923
0.0130813
0.0122764
0.0101865
0.0120439
0.0152639
0.00896843
0.0135405
0.0124192
0.0118012
0.0101937
0.0095901
0.0134952
0.0104464
0.0120229
0.014589
0.0109513
0.0138087
0.0224414
0.0118233
0.0119884
0.0117792
0.0115079
0.0146512
0.0119842
0.0127963
0.0101434
0.0135877
0.00713346
0.0120565
0.0142606
0.0132636
0.00993198
0.01323
0.0129016
0.0121875
0.0108604
0.0111136
0.0104358
0.0116994
0.0111077
0.0117529
0.0127568
0.0144104
0.0141771
0.0121177
0.0127896
0.01098
0.0123373
0.0107975
0.0117122
0.0115155
0.0148522
0.0129217
0.0144069
0.0119914
0.0142165
0.00847715
0.0140561
0.0110729
0.0125821
0.0119813
0.0121698
0.0135225
0.0141654
0.0150537
0.0114832
0.0161833
0.0135733
0.0118824
0.013539
0.0136675
0.0139657
0.011902
0.0125889
0.00974023
0.0119791
0.0137127
0.0115982
0.00939633
0.011981
0.0142024
0.0171068
0.0122478
0.0130795
0.00921869
0.0123994
0.0122475
0.0126361
0.00949158
0.00829789
0.00825927
0.0115601
0.0109077
0.0122232
0.012786
0.0136474
0.0113522
0.00923531
0.0119846
0.0100612
0.00972493
0.0134786
0.0118025
0.0119717
0.0116218
0.012408
0.0110788
0.0126703
0.012296
0.0126466
0.0118741
0.010833
0.0138769
0.00843574
0.0140371
0.00958014
0.0124524
0.0109063
0.0122991
0.0138887
0.0148927
0.00975613
0.0119365
0.0202619
0.0135199
0.0102676
0.0121964
0.0160845
0.0152771
0.0121828
0.0123452
0.012064
0.0119564
0.0174879
0.0130024
0.0192438
0.0168662
0.0119778
0.0187977
0.0109975
0.0120792
0.0138517
0.0124048
0.0103455
0.0104018
0.0118971
0.00999128
0.00803334
0.00947151
0.0116681
0.0113773
0.0128546
0.0221833
0.0144581
0.0107327
0.0135329
0.0124197
0.012287
0.0147357
0.013395
0.0122197
0.0132193
0.0135178
0.0146317
0.0145979
0.0110568
0.0183684
0.00970049
0.0154543
0.0087308
0.014597
0.0108977
0.0137627
0.00880793
0.0149102
0.0135414
0.0108907
0.0105472
0.0113623
0.0094636
0.00972741
0.0136693
0.0124749
0.0121103
0.0140572
0.0174954
0.0111102
0.0122335
0.0137315
0.0109933
0.0132295
0.0109513
0.0122934
0.0152027
0.0200301
0.0132878
0.0137709
0.0145388
0.0118563
0.0119573
0.0109911
0.00906522
0.0140109
0.0181264
0.0113576
0.0128948
0.0137176
0.011875
0.0130112
0.0162284
0.011789
0.0125433
0.0111798
0.00980647
0.0113973
0.0114509
0.0122291
0.0127092
0.0117422
0.012195
0.0109322
0.0185399
0.0138335
0.0119532
0.0128127
0.0126715
0.0135878
0.0144467
0.017646
0.0166387
0.0137288
0.011946
0.0144969
0.00758519
0.0120928
0.00971397
0.0123974
0.0118499
0.0114265
0.0107187
0.0145495
0.0203318
0.0175669
0.0156537
0.0122801
0.012228
0.0124206
0.00997111
0.0189806
0.0132183
0.00856154
0.00946813
0.011412
0.0115856
0.0104699
0.0131189
0.0156447
0.00883032
0.0104081
0.0141347
0.0146334
0.012128
0.0130167
0.0181651
0.0130698
0.00923561
0.0139543
0.0136083
0.0120395
0.01039
0.0124405
0.00805432
0.0122296
0.0159406
0.0121308
0.0122255
0.015408
0.016033
0.0162646
0.0133125
0.012405
0.0136547
0.0101744
0.0136759
0.0124407
0.0127508
0.0101464
0.0123914
0.00978942
0.0117603
0.0196146
0.0128284
0.0134915
0.0107628
0.00960209
0.0147549
0.0168083
0.014689
0.0103053
0.0110719
0.0123207
0.00978787
0.0125929
0.010005
0.0115849
0.0104788
0.0134587
0.0116471
0.0131211
0.010288
0.0116894
0.013619
0.0100294
0.0116317
0.0127734
0.0135099
0.0120365
0.0109231
0.0161764
0.00679047
0.0118572
0.0172911
0.00861176
0.0107064
0.00877551
0.00992685
0.0116655
0.0125845
0.00947371
0.0121927
0.0108352
0.0119836
0.0175639
0.0118975
0.0102187
0.0205814
0.0168655
0.0124166
0.00987334
0.015437
0.0116533
0.0106693
0.0118038
0.0130916
0.0110684
0.013201
0.0167625
0.0157973
0.0122935
0.0117364
0.0120774
0.0123281
0.0107611
0.0109616
0.00805225
0.0107365
0.0131187
0.00961935
0.0124328
0.0110021
0.0121041
0.01175
0.0126145
0.0119677
0.0108862
0.0116598
0.0102226
0.012478
0.00974358
0.0133803
0.0133052
0.0100215
0.0175864
0.0141187
0.00860329
0.012057
0.00948028
0.0101761
0.00779413
0.0125544
0.0167651
0.020816
0.00992237
0.012262
0.0124412
0.011357
0.0152534
0.0152968
0.0124015
0.0159358
0.0105521
0.0122647
0.0113384
0.0134323
0.0146182
0.013514
0.00879405
0.0177144
0.0126656
0.0154768
0.0126003
0.00836245
0.0199291
0.00956344
0.0124511
0.0099041
0.0167518
0.0103435
0.0108852
0.00834831
0.00835518
0.0125744
0.00962463
0.0118756
0.0140032
0.0145842
0.0119434
0.0118831
0.0127131
0.0182255
0.0112785
0.0144437
0.0193091
0.0105932
0.0115015
0.0122124
0.0210609
0.0118469
0.0137763
0.0127814
0.0148853
0.0116959
0.0078661
0.0147935
0.0115491
0.0117852
0.0118078
0.0134249
0.0135029
0.0123926
0.0125816
0.00981268
0.0100825
0.0144327
0.0124279
0.0121537
0.0155137
0.0135068
0.0109755
0.0135953
0.0120411
0.0126676
0.0118106
0.00985475
0.0134916
0.00846057
0.013651
0.0168271
0.0101111
0.0113831
0.0116729
0.0106782
0.0110376
0.0104796
0.0106295
0.0108801
0.0104104
0.0114441
0.0110772
0.0119015
0.0115377
0.0105872
0.0128868
0.0135106
0.0131588
0.00945367
0.0121438
0.0141014
0.0116609
0.00950543
0.0112364
0.0149873
0.0145521
0.0149115
0.0110418
0.0163586
0.0117886
0.0102635
0.012448
0.0111311
0.0166786
0.0117369
0.0108136
0.0101241
0.0114576
0.0162991
0.011459
0.0100205
0.0118618
0.0129921
0.0102822
0.0123683
0.0141331
0.0119165
0.0107471
0.0109241
0.0128559
0.00960127
0.0153048
0.0137059
0.0101414
0.016417
0.0134516
0.0125876
0.0121553
0.0125698
0.014547
0.0108565
0.0111561
0.0106429
0.010752
0.0107656
0.0106056
0.0113041
0.0108209
0.0118663
0.0112884
0.0122212
0.0132952
0.0137106
0.0116519
0.00991068
0.0104477
0.0138516
0.00843734
0.0160515
0.0141228
0.0113854
0.0154259
0.0127909
0.0128938
0.0130243
0.00993672
0.0130907
0.0117314
0.0157612
0.0103638
0.0132856
0.00888094
0.0141777
0.0108107
0.0135439
0.0183142
0.0112471
0.012738
0.0134548
0.018164
0.0137745
0.0191028
0.00960628
0.00910249
0.0135837
0.0148992
0.0103365
0.0137797
0.0153372
0.0110543
0.00962868
0.0131536
0.0129265
0.0131702
0.0119972
0.0132557
0.0111223
0.011378
0.0114505
0.0107651
0.0109998
0.0105238
0.0106752
0.0109763
0.0108102
0.0116181
0.0112271
0.0148012
0.0116375
0.0141067
0.0139768
0.00943733
0.0148105
0.00970503
0.0122807
0.0147017
0.0183717
0.0123134
0.0146535
0.0127753
0.00892129
0.0128577
0.0144531
0.014654
0.0178711
0.0143055
0.0140504
0.0117188
0.0117309
0.00832904
0.0156439
0.00993485
0.0142218
0.00893318
0.0152083
0.0130476
0.0147988
0.0139378
0.0142951
0.0207493
0.0100696
0.0117167
0.0123622
0.0136345
0.0104547
0.00939065
0.0100751
0.0136888
0.0143423
0.0121115
0.0126032
0.0100776
0.0143493
0.0120543
0.0131557
0.00867357
0.0122864
0.0157513
0.0100274
0.0130702
0.0113303
0.0109819
0.0118319
0.0114657
0.0106005
0.0116476
0.0130881
0.00948139
0.0141062
0.0110135
0.0174288
0.013425
0.0181051
0.0116038
0.0142036
0.00867109
0.00972635
0.0145147
0.0117849
0.0120923
0.0118462
0.0144494
0.0144799
0.0117985
0.017178
0.0146168
0.0106338
0.0123602
0.0118141
0.0131042
0.0109489
0.0142835
0.0141825
0.0151191
0.0159764
0.0177289
0.0170721
0.0114058
0.01224
0.0130384
0.0163957
0.0129417
0.017095
0.0166618
0.0114437
0.0167267
0.00980162
0.0122866
0.010651
0.0133478
0.00992216
0.00944518
0.010796
0.0129662
0.00853829
0.00811081
0.00960744
0.0117572
0.0116004
0.0117038
0.0100412
0.016319
0.0116476
0.00981117
0.00915864
0.0156844
0.00793823
0.0179684
0.0104116
0.0126461
0.0136033
0.0128433
0.0143669
0.0132901
0.0133498
0.0131832
0.0139061
0.0138759
0.0121902
0.0154362
0.0124373
0.014615
0.0142345
0.0147379
0.0114825
0.0139927
0.0146499
0.0147657
0.0150305
0.0154394
0.0150572
0.0161897
0.0138917
0.0137524
0.0146601
0.0149641
0.0129638
0.00980999
0.0101908
0.0162849
0.0135943
0.0099568
0.0128893
0.0123353
0.012405
0.0105014
0.0108709
0.00991962
0.00795841
0.00817986
0.0123487
0.0146135
0.0122252
0.0126389
0.0130272
0.0119321
0.0119117
0.0160792
0.0118005
0.0143114
0.0118308
0.0122705
0.0123409
0.0123435
0.0134101
0.013061
0.0131405
0.011944
0.0117121
0.013551
0.0136059
0.0121081
0.00999779
0.0141247
0.0141887
0.0103732
0.0133028
0.00910204
0.00824469
0.0155501
0.0142216
0.00987828
0.00999033
0.011332
0.0145207
0.0149416
0.0141672
0.010773
0.0136833
0.0132658
0.0177009
0.0128455
0.00798316
0.0122044
0.0126913
0.0141818
0.014525
0.0127463
0.0102945
0.00922987
0.0126929
0.0104949
0.0123727
0.0132147
0.015433
0.0107536
0.0130845
0.0133822
0.0114985
0.0118041
0.0126424
0.0116614
0.0134265
0.00817528
0.0131719
0.0130612
0.013545
0.0134569
0.0139563
0.013972
0.0108283
0.0127406
0.0115967
0.00929792
0.0144695
0.0138933
0.00656452
0.0111972
0.0115509
0.0149229
0.0110623
0.0119468
0.017572
0.0157511
0.0144699
0.0146607
0.0147618
0.0160808
0.0153698
0.0126053
0.0100036
0.0101369
0.0130156
0.00986753
0.0136453
0.0152191
0.0169343
0.0105335
0.0132698
0.0119783
0.0139014
0.0100319
0.0130269
0.00975204
0.00767408
0.0133391
0.0120475
0.0112538
0.0126787
0.0136433
0.0129081
0.0132165
0.0101313
0.0138988
0.0113472
0.0138045
0.0128659
0.0115639
0.0144286
0.0119307
0.0115868
0.0110455
0.0122425
0.0152674
0.0149549
0.0144522
0.0142399
0.0151593
0.0123919
0.0120037
0.0073942
0.0126832
0.0130806
0.0120669
0.0168114
0.0148495
0.0113028
0.0130752
0.0127803
0.0150793
0.0132002
0.0136939
0.0129613
0.00983355
0.0118322
0.0150575
0.0123249
0.0145917
0.0177156
0.0137071
0.0136395
0.0128702
0.0167848
0.0120595
0.0129276
0.0120674
0.0124223
0.0134361
0.0127189
0.0149936
0.0134461
0.0145157
0.014981
0.0126348
0.0102963
0.0150234
0.00981319
0.0115498
0.0135492
0.00994416
0.0110088
0.0156913
0.014531
0.0100342
0.0128737
0.0119446
0.012291
0.0126338
0.0133914
0.0128334
0.0200262
0.0134673
0.0121299
0.0132347
0.0136731
0.012132
0.0134443
0.0130161
0.0154802
0.0104468
0.0133323
0.0146642
0.0190806
0.0124815
0.0132741
0.0111279
0.0165211
0.0132277
0.0131748
0.0171144
0.011091
0.0175722
0.0174432
0.0168195
0.0120404
0.00994469
0.012566
0.0140608
0.0148665
0.0107511
0.0130636
0.0173901
