0.00671526
0.0124961
0.00758129
0.00908878
0.0107565
0.0105702
0.0116008
0.0124364
0.0119116
0.0130141
0.0153006
0.0185711
0.0132493
0.0132563
0.0211573
0.0161082
0.0160585
0.0163774
0.0134185
0.0124544
0.01337
0.0140078
0.0155536
0.0023817
0.0143179
0.0101914
0.0135475
0.0118821
0.0137772
0.011097
0.0147126
0.0122666
0.0158895
0.0183029
0.0123658
0.0150624
0.0118688
0.017413
0.0118686
0.0109987
0.0130875
0.0126245
0.0185068
0.00889003
0.0165201
0.0119011
0.0126483
0.0150426
0.0093427
0.0107808
0.0110661
0.0105045
0.010836
0.0134179
0.0209075
0.0106599
0.0116175
0.0108013
0.0120153
0.0133615
0.0161307
0.0136538
0.0102177
0.0154426
0.015103
0.0122187
0.0123459
0.0107589
0.0105575
0.0118946
0.0106157
0.0155583
0.0126583
0.0188741
0.0102548
0.0136695
0.0126677
0.013898
0.0138154
0.0120353
0.0160353
0.0102578
0.0133563
0.0131958
0.0146635
0.011351
0.0155727
0.0154025
0.0132228
0.0169751
0.0144171
0.0119401
0.0110817
0.0117968
0.0145287
0.0120091
0.0135635
0.00979444
0.0111467
0.0116672
0.011774
0.0136528
0.0152811
0.0164201
0.0156213
0.0131582
0.0122063
0.0118905
0.0180525
0.0141935
0.0153176
0.0156178
0.0102219
0.0179593
0.0118824
0.0160979
0.0146853
0.0101588
0.010688
0.00992824
0.0061992
0.0113893
0.0126112
0.0123598
0.0158978
0.0139908
0.00788946
0.00964302
0.0134678
0.0145858
0.0153268
0.0131289
0.0114787
0.0117339
0.0100076
0.0122692
0.0121991
0.0103799
0.0130042
0.0163807
0.0125628
0.0155844
0.0128256
0.0127425
0.0125721
0.0177825
0.0104544
0.0107289
0.0091147
0.0127797
0.00977049
0.00230211
0.0120702
0.0105082
0.0112571
0.0139039
0.0190007
0.0122034
0.0167482
0.0122694
0.0138549
0.0135429
0.0122991
0.0098939
0.00966275
0.00954777
0.0128045
0.0111846
0.0112381
0.0124339
0.0124857
0.0182942
0.00906534
0.0102838
0.00771572
0.0131288
0.0129032
0.0130117
0.00961257
0.00981929
0.0148327
0.0152974
0.0156645
0.0138326
0.00762368
0.0157877
0.0112271
0.0122285
0.0151109
0.0100127
0.0139924
0.0145665
0.0123139
0.0124174
0.0131538
0.0114246
0.00980479
0.0120717
0.0100781
0.00909952
0.0231537
0.00786889
0.0142086
0.016092
0.0126684
0.0119017
0.0135062
0.00621279
0.0125628
0.0137815
0.010526
0.0129399
0.0126526
0.0119212
0.0087469
0.0126257
0.00973743
0.00919048
0.0104092
0.0140232
0.0123784
0.00832631
0.0129999
0.01085
0.0121436
0.0127289
0.0111335
0.0117335
0.0138029
0.00807084
0.00761992
0.0108887
0.011326
0.0097885
0.0131297
0.014
0.0107951
0.0113147
0.00914486
0.0110199
0.0116664
0.0130529
0.011507
0.0160896
0.0179911
0.0167466
0.0152107
0.0116009
0.0133196
0.0131004
0.0116053
0.0109378
0.0107065
0.0126485
0.0132001
0.0102246
0.0043594
0.0140862
0.0127958
0.0141935
0.0118031
0.0152261
0.0138511
0.0135429
0.0117754
0.0120089
0.0176214
0.00930877
0.0126661
0.0171113
0.0101876
0.00775557
0.0120624
0.0100306
0.0105726
0.0128713
0.0129269
0.0127812
0.0151517
0.0100134
0.0123054
0.0135431
0.0118791
0.0105574
0.0125984
0.0131426
0.0124249
0.0128324
0.0119192
0.013843
0.0143661
0.0102517
0.0143214
0.00978819
0.0138253
0.0136658
0.0164278
0.0121278
0.0130465
0.0147182
0.0131903
0.0150481
0.00801462
0.014242
0.0111751
0.0112
0.0105471
0.0133407
0.0143339
0.0139104
0.0164251
0.0125461
0.0147535
0.0097533
0.0140486
0.00996086
0.0106606
0.0133826
0.0141725
0.0130535
0.0133878
0.0133946
0.0109503
0.011928
0.00468421
0.0142248
0.0113885
0.0114846
0.0143187
0.0134031
0.0134087
0.0125493
0.0131161
0.0122968
0.0130312
0.0120964
0.0135156
0.0124694
0.010108
0.0129517
0.0151948
0.00968685
0.0142929
0.0113032
0.0123242
0.00931019
0.0104106
0.0136335
0.0125151
0.0116436
0.00988537
0.00959961
0.00975099
0.0098997
0.00941811
0.0126249
0.0146881
0.0136817
0.00973627
0.0114212
0.0137007
0.0139147
0.00981833
0.0120481
0.0113257
0.0108991
0.0134344
0.0137579
0.0120959
0.012644
0.0131526
0.0125021
0.0123471
0.0125206
0.0155043
0.00929773
0.00947555
0.0121028
0.00895354
0.0116584
0.013536
0.0199697
0.019087
0.0102118
0.0127118
0.011343
0.00978125
0.0119329
0.013045
0.0126553
0.014099
0.0145105
0.013455
0.0131958
0.0190387
0.0118142
0.0115989
0.0149314
0.0102876
0.00710376
0.0194582
0.0137289
0.0124308
0.0106328
0.0101014
0.014181
0.0159072
0.0163915
0.0128841
0.0108318
0.0157554
0.0122984
0.0105692
0.0104376
0.0103522
0.0107104
0.0134929
0.0153099
0.0131485
0.0128288
0.0145096
0.0163525
0.0120465
0.0131812
0.0119272
0.0118357
0.0128232
0.0161412
0.00984127
0.0125164
0.0128356
0.012675
0.0140224
0.0170595
0.00941193
0.0131132
0.0187016
0.0143218
0.0136625
0.0131345
0.016236
0.012003
0.0105218
0.0142974
0.0117047
0.0177813
0.0167393
0.0131844
0.0128489
0.0120851
0.0120558
0.0107461
0.00651709
0.0133439
0.00934744
0.0130749
0.0115976
0.012577
0.0113757
0.017354
0.0135195
0.012273
0.0110247
0.0110607
0.0169908
0.0125968
0.0147715
0.0101388
0.0101632
0.0122557
0.00943415
0.0101972
0.0185339
0.0151929
0.0091794
0.0131771
0.0120058
0.0127979
0.00976786
0.0145402
0.0127263
0.0151415
0.0149808
0.0147999
0.0140923
0.013109
0.0156906
0.0110787
0.0139187
0.0154125
0.0167068
0.0107243
0.0124443
0.0115518
0.00945253
0.0158424
0.0113566
0.0124266
0.0136033
0.0127446
0.0105608
0.0126544
0.0125897
0.0102529
0.0112666
0.0125757
0.0127698
0.015646
0.0117441
0.0127512
0.0160521
0.00974299
0.0111502
0.0121414
0.0111295
0.013839
0.0123792
0.0132387
0.0123458
0.00937751
0.0122566
0.0129103
0.014753
0.0176766
0.0112457
0.0126568
0.0154615
0.00766627
0.00904557
0.0123882
0.0131071
0.0157636
0.0120284
0.00997158
0.0123909
0.0157106
0.0120644
0.0127391
0.0136891
0.0120579
0.0125534
0.0193038
0.0131874
0.0104182
0.0138815
0.0135253
0.0112862
0.0131931
0.0127334
0.0102277
0.0122391
0.014975
0.00980337
0.0125164
0.012548
0.0137592
0.0132042
0.0102351
0.0160968
0.0173001
0.00999332
0.00987885
0.0166535
0.0140438
0.0136115
0.0118697
0.0182581
0.0182171
0.0144193
0.0131606
0.0143326
0.015306
0.0128248
0.0189979
0.0102394
0.0128593
0.012199
0.011901
0.0137914
0.0142087
0.0126774
0.0135349
0.0137839
0.0114991
0.0139302
0.0106706
0.0111915
0.0121616
0.0118198
0.0120392
0.0109917
0.0102018
0.0107496
0.0100574
0.0155545
0.0109533
0.0136351
0.0122598
0.00989848
0.0122448
0.0140287
0.00875965
0.0123338
0.0119728
0.0138329
0.0132853
0.0129049
0.010312
0.0121741
0.0140909
0.0128753
0.0139722
0.014078
0.0142101
0.0114765
0.0109699
0.013091
0.0125433
0.0100034
0.013759
0.0145871
0.0105143
0.0128345
0.0114682
0.0144674
0.0156944
0.0220576
0.0107854
0.0127358
0.0126391
0.0130933
0.0121556
0.0151142
0.0127729
0.0101346
0.0152095
0.0155229
0.0072437
0.00489867
0.0120809
0.0139592
0.0132371
0.0159361
0.0132746
0.0127465
0.0135297
0.0141131
0.0128925
0.0217021
0.0132768
0.021701
0.0140901
0.0130074
0.0141486
0.0139307
0.00950367
0.0154216
0.0136294
0.0146062
0.0100655
0.0135776
0.0125332
0.021948
0.012591
0.0128435
0.0149036
0.00913329
0.0094142
0.0127392
0.0104204
0.0090938
0.0111193
0.0133242
0.0103556
0.0122535
0.0145185
0.0123329
0.0140622
0.0117864
0.0154649
0.019108
0.0130061
0.0115859
0.0121067
0.0126417
0.0140585
0.0107688
0.0154237
0.0187561
0.0123666
0.010047
0.0170188
0.0136942
0.0117065
0.0128183
0.0131523
0.0119589
0.0159659
0.0135611
0.0152684
0.0121279
0.012653
0.0123129
0.0112313
0.0115872
0.0132902
0.0164941
0.015454
0.0173377
0.0178467
0.0127569
0.0157127
0.00752384
0.0131767
0.0182759
0.0133618
0.0155945
0.0149669
0.01509
0.0126588
0.0102319
0.0129347
0.0111544
0.0104651
0.0114963
0.0164863
0.012085
0.0191124
0.0182534
0.0100627
0.0114155
0.0192925
0.0139624
0.0119521
0.0174544
0.0117259
0.0133218
0.0153804
0.0151196
0.00972436
0.0121283
0.011616
0.0179624
0.0157467
0.0168913
0.0114361
0.0113871
0.0113015
0.0114046
0.0117323
0.0112529
0.0124189
0.0117511
0.0131483
0.0147949
0.0139073
0.0120188
0.0143926
0.0106507
0.0103326
0.0112226
0.0108508
0.0122839
0.0130706
0.0160015
0.016531
0.0201357
0.0175583
0.0103239
0.0137972
0.0155271
0.0112496
0.0102099
0.0134469
0.0124158
0.0187501
0.013958
0.0111903
0.0116543
0.0145426
0.0109911
0.0114208
0.0104675
0.0145472
0.0124019
0.0127399
0.0123852
0.0163735
0.00923799
0.0135579
0.0160604
0.0158305
0.00901585
0.0149445
0.0126137
0.0104883
0.0160156
0.0132254
0.0129952
0.0136613
0.0127482
0.0187725
0.018409
0.00770396
0.0137711
0.00980143
0.0167175
0.00801518
0.013701
0.0151834
0.0117343
0.0172834
0.0134842
0.0131628
0.0107401
0.0180937
0.00792534
0.00987842
0.0157895
0.0160201
0.0135321
0.0105975
0.0186305
0.0126706
0.0164023
0.0132299
0.0174321
0.0176763
0.0140124
0.0178533
0.0123877
0.0155508
0.0115765
0.0121314
0.0113848
0.0115322
0.0116146
0.0113876
0.012246
0.011611
0.012853
0.0120813
0.0140673
0.0107963
0.0157221
0.0107503
0.0102771
0.0119659
0.0146898
0.012063
0.0183911
0.0173063
0.0135731
0.0135166
0.012071
0.0160425
0.0133061
0.0117879
0.00985692
0.00788053
0.0161787
0.015297
0.0152189
0.0132108
0.0144044
0.00923322
0.0125759
0.0127429
0.014385
0.0145106
0.0162607
0.0133025
0.0134619
0.0139407
0.0110836
0.0125347
0.0140128
0.0157225
0.010574
0.00884973
0.0167866
0.0114094
0.0146023
0.0129239
0.0127915
0.0130732
0.0102934
0.0137416
0.0103531
0.0151785
0.0113277
0.0106981
0.0102627
0.0146091
0.0104927
0.0130254
0.0168439
0.0141876
0.0127757
0.0168729
0.0161831
0.0114769
0.0110815
0.0205133
0.0136002
0.01365
0.015314
0.0151034
0.0112271
0.0126914
0.0130845
0.0138177
0.0148851
0.010283
0.015682
0.0153593
0.0153223
0.0114988
0.0118516
0.011594
0.0114574
0.0121414
0.0115839
0.0127722
0.0120511
0.0136522
0.0142011
0.0133837
0.0126148
0.0105532
0.0101646
0.0178342
0.0110994
0.0159724
0.00788281
0.0150683
0.0132113
0.0131818
0.0132508
0.0137481
0.0133034
0.01124
0.0133672
0.0112645
0.0133688
0.011161
0.0133292
0.0148357
0.011231
0.0130134
0.00946304
0.0157366
0.0105792
0.0119446
0.00973255
0.0163733
0.0121241
0.00897601
0.0113261
0.0212449
0.0128128
0.0162334
0.013901
0.0136401
0.0131599
0.0139759
0.0150581
0.00779935
0.00947975
0.0107319
0.0127603
0.0109188
0.0216278
0.0143875
0.0154987
0.0185516
0.0107326
0.0140448
0.0161782
0.0133821
0.0145172
0.0119307
0.0130554
0.0109844
0.0153642
0.0125761
0.00834813
0.0217251
0.0121967
0.0161812
0.0104265
0.0111115
0.00864234
0.00880577
0.0143038
0.0116377
0.0150873
0.0140678
0.0171005
0.0141088
0.0134734
0.0134376
0.01446
0.0116653
0.0120214
0.0115382
0.011605
0.0118601
0.0115553
0.012402
0.0119437
0.0155326
0.0125624
0.0183878
0.019728
0.0214644
0.00785838
0.0162308
0.0126739
0.0098537
0.0129915
0.0208557
0.0115292
0.0164379
0.0124538
0.0103089
0.0116529
0.0166455
0.0108777
0.0129689
0.0132173
0.0226665
0.0142141
0.0100754
0.0211139
0.0122487
0.0123147
0.0108575
0.0145497
0.0113156
0.0124901
0.0148749
0.0115019
0.00950793
0.00950756
0.0122781
0.0122927
0.0119056
0.0102103
0.0129441
0.0119707
0.0132453
0.0102528
0.0125309
0.0132817
0.016753
0.0128528
0.0165622
0.0162034
0.01885
0.0194935
0.0109338
0.0167645
0.014928
0.0120214
0.014779
0.0134776
0.0122188
0.0152518
0.0131632
0.013378
0.0148644
0.0142313
0.0189982
0.0119695
0.0124378
0.00876988
0.00571242
0.0110866
0.0221929
0.0164247
0.0115568
0.013392
0.00802638
0.0118406
0.0123582
0.0115532
0.0118176
0.0117043
0.0115489
0.0121317
0.0117648
0.0125779
0.0121599
0.0112335
0.0167519
0.0138851
0.0176906
0.012496
0.0121719
0.0132976
0.0154666
0.0124968
0.0127313
0.00790574
0.0118864
0.0131366
0.00936084
0.0125555
0.00913762
0.01237
0.0102261
0.0114481
0.0134566
0.0118059
0.018594
0.0220588
0.0144962
0.00904665
0.0123115
0.0160728
0.0114204
0.0144613
0.0125934
0.0210058
0.0119716
0.0164126
0.0141228
0.0112776
0.00990829
0.012018
0.0107452
0.0114886
0.0116873
0.0203415
0.0102865
0.00936981
0.0128889
0.0156326
0.010449
0.0120282
0.0099245
0.0128482
0.0222834
0.00986704
0.0150231
0.0145775
0.0128682
0.00970891
0.0127442
0.012667
0.010296
0.0153477
0.0137093
0.0135515
0.0151724
0.016694
0.0101706
0.0108365
0.010548
0.0107714
0.0138682
0.0155273
0.0209586
0.0135611
0.0121869
0.0119532
0.0153332
0.0119464
0.0148409
0.0135388
0.0157593
0.0109269
0.0147413
0.0168439
0.0193406
0.0222806
0.0116418
0.0120636
0.0116273
0.0116212
0.0120707
0.0116361
0.0125453
0.0120137
0.0128634
0.0171433
0.0124401
0.0122917
0.015153
0.0129777
0.0118954
0.00781838
0.011049
0.0122661
0.016358
0.0177404
0.0154162
0.0125796
0.014689
0.0127521
0.0170555
0.0152604
0.0122207
0.0132277
0.0166158
0.0199143
0.0158196
0.0132505
0.0110218
0.0156903
0.0171883
0.0127632
0.0245864
0.0173773
0.0134707
0.0176494
0.0151634
0.0116613
0.0105039
0.00995774
0.0148447
0.0117268
0.0137311
0.0201538
0.0105118
0.0113674
0.0152222
0.0141707
0.0112635
0.00987202
0.0125984
0.0160717
0.00983548
0.0110132
0.0133441
0.0140659
0.0135532
0.0148443
0.0117546
0.0144904
0.0149658
0.0138311
0.0156734
0.0184565
0.0138553
0.013503
0.012101
0.0114788
0.0116457
0.0149351
0.0151963
0.0122697
0.0185548
0.00934028
0.0199362
0.0129618
0.0127283
0.0117848
0.0121501
0.0115817
0.0117211
0.0118601
0.0115794
0.0124111
0.0118713
0.0155692
0.0122905
0.0135211
0.0184423
0.0113588
0.00981239
0.00984754
0.015877
0.0137366
0.0134883
0.013036
0.0190821
0.0176389
0.0131525
0.016631
0.0132643
0.0104587
0.0154247
0.0145942
0.0158971
0.0138381
0.0129573
0.0144406
0.0235035
0.0124026
0.015748
0.0128845
0.0141029
0.0135108
0.0157119
0.015855
0.0136526
0.00931651
0.0176912
0.0119534
0.0116501
0.014992
0.0141445
0.0129334
0.0126991
0.0108878
0.0154576
0.0117264
0.0160061
0.0146431
0.0122531
0.0124823
0.0176498
0.0107146
0.0135116
0.0134686
0.0120894
0.0102654
0.0147643
0.015917
0.00950406
0.0128217
0.0151555
0.0140927
0.014076
0.0139105
0.0149201
0.00889752
0.0138467
0.0128751
0.0134513
0.0135038
0.00769876
0.0101736
0.013975
0.0170588
0.015821
0.0152241
0.0139237
0.0145314
0.0128972
0.0117217
0.0121833
0.0118349
0.0169726
0.0153437
0.0154122
0.0119337
0.012441
0.0115884
0.0118935
0.0117108
0.0115908
0.0121552
0.0117557
0.0126512
0.0121186
0.0113532
0.0140202
0.013896
0.011471
0.00796842
0.0156996
0.0123556
0.00960396
0.0114099
0.0120368
0.00916228
0.0111023
0.0132943
0.00861718
0.0140852
0.0149576
0.0107327
0.0134464
0.0154694
0.0137335
0.0102142
0.0142237
0.00818232
0.0158914
0.0150579
0.0107207
0.0149995
0.0118058
0.0124998
0.0139483
0.0159639
0.0158527
0.0142233
0.0106776
0.020092
0.00984014
0.0117751
0.0140603
0.014672
0.015476
0.0112499
0.0171761
0.00932293
0.0116319
0.00997831
0.0135369
0.0100738
0.016096
0.0170951
0.0126087
0.0140657
0.0113929
0.00897776
0.0132493
0.0155055
0.0117638
0.0143943
0.0110673
0.0197867
0.0115047
0.0151491
0.011882
0.0129729
0.00794099
0.0141821
0.015378
0.0123319
0.0173463
0.00983383
0.0110796
0.0173043
0.0211168
0.0184008
0.0109864
0.0153767
0.0116444
0.0162232
0.0148461
0.0139739
0.0144854
0.0160331
0.0116081
0.0121433
0.0116081
0.011666
0.0120822
0.0116582
0.012621
0.012034
0.0129999
0.0122098
0.0136204
0.0140551
0.00865114
0.0123535
0.0154414
0.0166967
0.0141938
0.0126776
0.0139439
0.0144905
0.015882
0.0097219
0.0131907
0.015209
0.0159392
0.0124968
0.0126128
0.0124447
0.0172635
0.0161031
0.0136044
0.0126866
0.0147363
0.0119535
0.0117106
0.0138941
0.0157477
0.0139379
0.0143044
0.0162145
0.0077136
0.0122866
0.0124459
0.0138858
0.0152511
0.0142954
0.0169516
0.00948501
0.0125127
0.0116757
0.0126348
0.0169526
0.0109537
0.0161151
0.0116048
0.0169065
0.0118058
0.0120596
0.0162013
0.0160079
0.0134019
0.0135376
0.0141523
0.0153279
0.0113262
0.0143632
0.0166408
0.0114917
0.0161727
0.0114735
0.0142247
0.0138844
0.0126303
0.0107264
0.0135572
0.0170893
0.019835
0.0155257
0.0128552
0.0171439
0.019395
0.0123527
0.013093
0.0116286
0.0121087
0.0115207
0.0116947
0.0118418
0.0115916
0.0124445
0.0119065
0.0157511
0.0123625
0.0109299
0.00995742
0.0119772
0.00932452
0.0149111
0.0109886
0.016346
0.0158545
0.0146796
0.00952202
0.0169703
0.0141657
0.0145447
0.0134432
0.0123252
0.0152005
0.0172157
0.0128192
0.0120889
0.0133803
0.0109222
0.00981026
0.0127089
0.013162
0.0150988
0.0112614
0.0139195
0.0145999
0.0122289
0.0140537
0.0136647
0.0127756
0.0103964
0.0116995
0.0122758
0.0140962
0.0139074
0.0109462
0.0105764
0.0170953
0.0116698
0.0130374
0.0146842
0.0181878
0.0170045
0.00956418
0.0214168
0.0114689
0.0163057
0.0170601
0.0130999
0.0139982
0.0127692
0.0169182
0.0133141
0.013635
0.0150403
0.0131636
0.0171265
0.0155903
0.0147629
0.0156764
0.012076
0.0103522
0.0145954
0.0122263
0.0146538
0.012506
0.0125193
0.0140769
0.0146402
0.0140321
0.0147724
0.0146689
0.0112343
0.0114091
0.0217631
0.0167446
0.0141525
0.0139423
0.0104508
0.0166636
0.0161606
0.0144516
0.0176265
0.0116513
0.0120299
0.0114824
0.0116765
0.0116661
0.0115456
0.0120467
0.0117861
0.0126294
0.0121439
0.0113702
0.0117781
0.00894781
0.00907639
0.0130126
0.0106478
0.0144164
0.0127048
0.013961
0.0115555
0.0106007
0.0201992
0.0168015
0.0107513
0.0130176
0.0153426
0.0137088
0.0152777
0.010269
0.00981705
0.0125729
0.0117127
0.0143327
0.0194965
0.0137628
0.00974991
0.0141702
0.00767223
0.0116612
0.011375
0.0172659
0.0143226
0.0103913
0.0173428
0.0167793
0.0143617
0.0125235
0.0153626
0.0148746
0.0165905
0.016575
0.0165857
0.0190969
0.0122174
0.013321
0.0160746
0.0142564
0.0113616
0.0091447
0.0145183
0.00924125
0.0148302
0.0177202
0.0128704
0.0122244
0.0122769
0.0127388
0.014891
0.0132707
0.0136512
0.0155866
0.0176128
0.0140981
0.0143051
0.0148355
0.0163346
0.0136596
0.0101434
0.0157649
0.0137928
0.0145662
0.0141983
0.0124822
0.0138677
0.0159379
0.0162046
0.0147891
0.0150649
0.0144203
0.0147224
0.015472
0.0157894
0.0137001
0.0154961
0.0146457
0.014503
0.0116648
0.0120275
0.0114769
0.0116578
0.011599
0.0115108
0.0119142
0.0116802
0.0123703
0.012023
0.0126487
0.0146238
0.0120546
0.0126015
0.0117218
0.0145055
0.0156058
0.014159
0.0157627
0.0146856
0.0144997
0.0123848
0.0106543
0.0140918
0.0175419
0.0134761
0.0118025
0.0169079
0.0129046
0.0140554
0.0099553
0.0141351
0.0128278
0.0154325
0.0149368
0.014465
0.0126642
0.0141872
0.013958
0.0105782
0.0116956
0.0126358
0.0160179
0.0112662
0.0127275
0.0125378
0.0140717
0.0160034
0.0145714
0.0116386
0.0108789
0.0158003
0.0134356
0.0127317
0.0165498
0.0177894
0.0142809
0.0111597
0.0151761
0.0147874
0.00921491
0.015
0.0128247
0.0134893
0.0148296
0.0138472
0.0134797
0.0140388
0.0159251
0.0146006
0.00754188
0.0134907
0.0181213
0.0139822
0.0138295
0.0115058
0.00972411
0.0102148
0.017902
0.0172097
0.0119118
0.0141222
0.0183124
0.0193539
0.011948
0.0142105
0.0136632
0.00929321
0.0117684
0.0162471
0.0133963
0.00993385
0.0168258
0.0161999
0.0136481
0.0149524
0.0172939
0.0155539
0.0145776
0.0147267
0.0113506
0.0152313
0.0129078
0.0163933
0.0144154
0.0136714
0.012418
0.0116181
0.0121112
0.0114621
0.0116449
0.0115838
0.0114849
0.0119236
0.0116304
0.0124865
0.011923
0.0132921
0.0118925
0.0100118
0.0139632
0.011912
0.0123591
0.0150614
0.0117906
0.0134388
0.013343
0.0180006
0.0142912
0.0123157
0.0138014
0.0117966
0.00846274
0.0105409
0.0155448
0.0121109
0.012899
0.0160656
0.00917573
0.0101803
0.0104191
0.012479
0.0135383
0.0133167
0.014391
0.00975325
0.0129939
0.0129672
0.0167361
0.0116612
0.0150442
0.014139
0.0147378
0.0124626
0.0161904
0.0140829
0.0122522
0.0125396
0.014172
0.0146427
0.0151466
0.016841
0.00997712
0.0112321
0.0155812
0.015121
0.0152521
0.0156824
0.0141764
0.0152028
0.0111169
0.0143695
0.0152257
0.0163192
0.013549
0.0141018
0.0119916
0.0140215
0.0120342
0.0131591
0.014018
0.0130314
0.0141706
0.0134365
0.0145754
0.0139974
0.0182366
0.0163947
0.0142571
0.0165616
0.0131339
0.0134246
0.014095
0.0108152
0.0160825
0.014978
0.0130721
0.0098653
0.0118547
0.0133128
0.0160039
0.0126808
0.0175069
0.0183397
0.0157956
0.0137716
0.0143915
0.01425
0.0141748
0.0167772
0.0108109
0.0159162
0.0180783
0.0119857
0.0126086
0.0117269
0.0121038
0.0111915
0.0117333
0.0114956
0.0114325
0.0118859
0.0116373
0.0124926
0.011931
0.0134149
0.00933998
0.0118985
0.0136503
0.0125343
0.0120596
0.0137571
0.0148048
0.0125777
0.0132609
0.0149864
0.0102774
0.0102452
0.0124101
0.0141267
0.0105241
0.0133422
0.0130847
0.0131024
0.0125868
0.0132059
0.0143875
0.0105502
0.0146332
0.0119091
0.0128763
0.0107431
0.0140866
0.0145638
0.0123126
0.0119569
0.0156911
0.0159637
0.0137239
0.0127231
0.0144864
0.0148735
0.0165731
0.0148566
0.0141911
0.0161242
0.00988173
0.011356
0.0148298
0.0151865
0.0151558
0.0154888
0.0154757
0.0172359
0.0150751
0.00950435
0.0152751
0.0156523
0.0141656
0.0140952
0.0100732
0.0128109
0.0128941
0.0144136
0.0181713
0.0144582
0.0163531
0.0128989
0.0099278
0.0145354
0.0139644
0.0146342
0.0125269
0.0153656
0.0139503
0.0167917
0.0108063
0.0106034
0.0178766
0.0148398
0.0138501
0.0105657
0.0103597
0.0105251
0.0143482
0.0193054
0.0132281
0.0114863
0.0126262
0.0118474
0.0125991
0.011286
0.01426
0.0103451
0.0125533
0.0144742
0.0169734
0.016862
0.0164057
0.0127828
0.0132335
0.010784
0.0137628
0.0126035
0.0113955
0.00976766
0.0116641
0.0124299
0.0106612
0.00921216
0.00920823
0.011942
0.0114508
0.0124885
0.0119313
0.013418
0.0107175
0.0137501
0.0153733
0.015401
0.0142629
0.0103358
0.0127594
0.0146953
0.0127019
0.0125332
0.0136464
0.0132316
0.0124355
0.0142403
0.0137793
0.0159587
0.00987357
0.0123492
0.0140845
0.0205902
0.0134383
0.0133285
0.015688
0.0160471
0.0145394
0.0103137
0.0141074
0.0104708
0.0146345
0.0144559
0.0146023
0.01398
0.0155005
0.0152946
0.0140768
0.0140149
0.0142516
0.014749
0.0148853
0.0127039
0.0143211
0.0165834
0.0114768
0.0122585
0.0133764
0.0135467
0.0151456
0.0150323
0.0151498
0.0156067
0.0184159
0.0170656
0.0141758
0.010362
0.0142143
0.0138415
0.0127314
0.0154404
0.015558
0.0164004
0.00884959
0.0196147
0.0126808
0.0103103
0.0128993
0.0143958
0.0144315
0.0138402
0.0119459
0.0160954
0.0151028
0.010411
0.0141295
0.0171511
0.0132388
0.0152692
0.0114873
0.0132282
0.0157988
0.0132704
0.0113334
0.0135522
0.0152076
0.015898
0.0143763
0.0161152
0.0186537
0.013948
0.0144636
0.0085256
0.0145377
0.0143054
0.0112931
0.0134826
0.00787419
0.0110871
0.0148321
0.0140475
0.0157056
0.0143077
0.0162349
0.0110859
0.0139601
0.0122775
0.0139444
0.0128763
0.0129637
0.0125342
0.0132235
0.0108017
0.0136922
0.0124082
0.0121897
0.0132893
0.013947
0.0109859
0.0167394
0.011167
0.0147315
0.0143325
0.0109369
0.0132557
0.00986725
0.0152414
0.0141019
0.0115565
0.0124024
0.0141968
0.0161959
0.0104546
0.0158511
0.0113612
0.0138006
0.0133237
0.0111256
0.0158275
0.0130098
0.0085934
0.0149573
0.0154854
0.0161303
0.0146793
0.0145547
0.0118971
0.0149771
0.0150119
0.0126615
0.0159339
0.0138363
0.0149288
0.0147982
0.0115575
0.0118409
0.013623
0.010257
0.0151451
0.0126629
0.0151527
0.015009
0.0129031
0.0186109
0.0151988
0.0117025
0.0122308
0.0174294
0.0155141
0.0153741
0.0160481
0.0165928
0.01637
0.0105793
0.0166111
0.012695
0.0150121
0.0133754
0.011813
0.0159148
0.0166005
0.0108511
0.0107956
0.0153724
0.0139057
0.0133091
0.013381
0.0131457
0.0138738
0.0158841
0.0137064
0.013972
0.0181613
0.0174152
0.0234836
0.014789
0.0169211
0.0187723
0.0144117
0.0103541
0.0140184
0.0175542
0.0142686
0.0183102
0.0164616
0.0146895
0.0118025
0.013913
0.011084
0.0165954
0.0168465
0.0134351
0.0141122
0.0144475
0.0140443
0.0119563
0.0126235
0.0143061
0.0122504
0.0121163
0.00871628
0.00873526
0.0104197
0.00971983
0.0115687
0.0138351
0.0112919
0.012413
0.0149939
0.0125113
0.0107016
0.00530541
0.0114022
0.0133644
0.0130868
0.0162988
0.0182457
0.0103404
0.0158577
0.0126408
0.0131728
0.0131216
0.0133968
0.0124499
0.0138743
0.0130417
0.0136398
0.015951
0.0137123
0.0109434
0.0108593
0.0130782
0.0163129
0.0116446
0.0114205
0.0118931
0.0128071
0.012078
0.010905
0.0140177
0.0147658
0.0144273
0.0120352
0.011628
0.0108278
0.0133676
0.0119949
0.0126824
0.0127785
0.0138513
0.0150327
0.0146241
0.0118671
0.0129168
0.0117704
0.0140396
0.0145694
0.0113859
0.0145379
0.013631
0.0151791
0.0147984
0.011995
0.0106736
0.014639
0.014874
0.0176202
0.0174737
0.0136938
0.0154831
0.01511
0.0137844
0.0138006
0.0190708
0.0126324
0.0132042
0.0185175
0.0134618
0.0136155
0.0138006
0.0130039
0.014385
0.0175622
0.0101921
0.013236
0.0146724
0.0145609
0.0220166
0.0163273
0.0135306
0.0143491
0.0120003
0.0126306
0.0139204
0.0154616
0.0169286
0.0110438
0.013723
0.0133832
0.0164905
0.0111359
0.0133612
0.0115351
0.00988858
0.0157854
0.0150085
0.0177414
0.00913083
0.00908168
0.0168341
0.0162745
0.0194847
0.0127869
0.0118726
0.0133312
0.0134943
0.0123012
0.0110411
0.00948083
0.00944681
0.0108561
0.0131294
0.0123048
0.0105963
0.0110147
0.01379
0.0124887
0.012154
0.0123029
0.0101956
0.0125154
0.0172626
0.00962306
0.0115748
0.0134138
0.0071551
0.00735066
0.0119235
0.0114802
0.012239
0.0121882
0.015347
0.0127542
0.0130441
0.0160071
0.0127283
0.0108102
0.0130655
0.0126149
0.0124563
0.0159663
0.0140341
0.0101955
0.0144238
0.0123322
0.0143337
0.0137503
0.0125573
0.0147161
0.0141484
0.0133211
0.00867616
0.0131264
0.0130658
0.0137954
0.0150374
0.0145237
0.0133544
0.0131015
0.0153948
0.0106997
0.0154692
0.0169483
0.0151033
0.0145476
0.0128399
0.014585
0.0105253
0.0135244
0.0139901
0.0153506
0.0210015
0.0139304
0.0126506
0.0107819
0.0182392
0.0163642
0.013476
0.013885
0.0128142
0.0103873
0.013515
0.014233
0.0135659
0.0133858
0.0149512
0.0122416
0.0154986
0.0139756
0.0111684
0.0142476
0.0175399
0.0161113
0.0172414
0.0140011
0.0179273
0.0110128
0.0118637
0.0161471
0.0162838
0.0166639
0.0168548
0.0176486
0.0147354
0.0136107
0.0131092
0.0173362
0.0164205
0.0146843
0.0143093
0.0171435
0.0174994
0.0151342
0.0149867
0.0150352
0.0120133
0.0123483
0.0109521
0.0137449
0.0120966
0.0138951
0.0108537
0.0131279
0.0094819
0.0094514
0.0138926
0.0110561
0.0128847
0.0150635
0.0131266
0.0104282
0.0137407
0.011526
0.0106986
0.00986332
0.0108174
0.0101232
0.00964822
0.0112672
0.0155879
0.0148385
0.0116989
0.0129143
0.0146038
0.0133142
0.0127818
0.0121287
0.00947822
0.0143048
0.00997856
0.0145957
0.0163298
0.0180724
0.0125171
0.0166852
0.0131109
0.0140704
0.0147688
0.0133819
0.0133407
0.0143668
0.0174918
0.013381
0.0141041
0.0124359
0.0125943
0.0125839
0.0136788
0.0135109
0.0125451
0.0151534
0.0148053
0.0134316
0.0130286
0.0131433
0.0136669
0.0135811
0.0118717
0.0150002
0.0154768
0.0167994
0.0142478
0.0135845
0.0136353
0.0133913
0.0176868
0.0125089
0.0210443
0.0140674
0.0139021
0.0172677
0.0192085
0.0134507
0.0129667
0.0114389
0.0136516
0.0164869
0.0148558
0.0170323
0.0149388
0.0128802
0.0173507
0.0150977
0.0187088
0.0151701
0.0139994
0.016389
0.0155689
0.0163154
0.0204746
0.014553
0.0120337
0.0175308
0.0114763
0.0173822
0.0168873
0.0168799
0.0138673
0.014955
0.0168731
0.0119184
0.0204
0.0167299
0.0122865
0.01608
0.014195
0.0156628
0.0155748
0.0155422
0.0141707
0.0142947
0.0115909
0.0170354
0.012003
0.0137729
0.012494
0.0127693
0.0127126
0.0122745
0.0122525
0.00869029
0.00870516
0.0105836
0.012253
0.0143142
0.0126224
0.0119686
0.0129884
0.0141054
0.0125935
0.0109964
0.012298
0.0104091
0.0105359
0.0134387
0.0109429
0.0128872
0.0128532
0.0130416
0.0116119
0.013596
0.0157612
0.0125072
0.0132281
0.0176326
0.0143789
0.0120201
0.0129286
0.0102716
0.0139533
0.0164464
0.01033
0.0111969
0.014391
0.0171828
0.0137791
0.0145761
0.0144132
0.0141467
0.0128546
0.0139604
0.0150332
0.0140461
0.0132935
0.0161588
0.0138784
0.0216944
0.0175361
0.0125638
0.0108214
0.0146632
0.0128951
0.0139525
0.0130784
0.0147582
0.0110532
0.0135591
0.0157068
0.0143205
0.0161482
0.0158903
0.0154348
0.0112092
0.0102587
0.0111651
0.0134259
0.0133445
0.016001
0.0117844
0.0168075
0.0142683
0.0123635
0.0171346
0.0145653
0.0139106
0.0157479
0.0133447
0.0151251
0.012663
0.0100114
0.0115988
0.0110542
0.0111456
0.0121755
0.00926361
0.0169168
0.0124842
0.0159719
0.0126001
0.0138839
0.0138501
0.0142743
0.0146739
0.014061
0.0156402
0.0141152
0.0176203
0.0180366
0.016911
0.0140167
0.0154875
0.0139504
0.0101721
0.0142636
0.0143273
0.0102576
0.0102337
0.00939524
0.0166914
0.013561
0.0138386
0.0132548
0.0138116
0.0138951
0.0164828
0.0136112
0.0117317
0.0141771
0.0137519
0.0116794
0.0157002
0.0132487
0.0176054
0.0155792
0.0139075
0.015984
0.0193718
0.0182572
0.0194839
0.0161179
0.0138777
0.0136272
0.0145699
0.0146906
0.0110212
0.0115975
0.0130003
0.0147288
0.0155257
0.0155161
0.012592
0.010356
0.0110889
0.0139585
0.012737
0.0125527
0.0135337
0.0119534
0.0113643
0.0103722
0.0112714
0.0168121
0.0111231
0.0128135
0.0152136
0.0113836
0.0146878
0.0136059
0.0108954
0.0140882
0.0140073
0.0122791
0.013159
0.0141435
0.0142906
0.0160715
0.0127201
0.0127489
0.0146611
0.00631632
0.0122917
0.0152385
0.00962869
0.0109626
0.0135279
0.0140393
0.013542
0.0106744
0.0142826
0.0145544
0.0126499
0.019107
0.0141322
0.0133816
0.0141598
0.0141635
0.0139466
0.0162719
0.0126654
0.0157108
0.0126012
0.0151042
0.0154753
0.0158877
0.0113541
0.0125043
0.0158006
0.0150226
0.0160979
0.0158291
0.0134095
0.0116278
0.00940736
0.0155905
0.00961292
0.0137364
0.0116053
0.0121809
0.0134525
0.0158733
0.0164196
0.0128262
0.0141078
0.0139478
0.0159293
0.0158715
0.0150666
0.0139023
0.0131624
0.0150284
0.0127534
0.0147674
0.0131336
0.0116312
0.0169434
0.0122011
0.0129424
0.0159031
0.0160077
0.0129258
0.0151466
0.0194919
0.0162538
0.016062
0.0122281
0.0192735
0.0168325
0.0138992
0.0129445
0.0131453
0.0122418
0.0154599
0.0115624
0.00983273
0.0125551
0.0115853
0.0117663
0.0108107
0.00972767
0.0116879
0.0139459
0.0113707
0.0127105
0.01518
0.0130164
0.00760118
0.0124106
0.0120828
0.0141067
0.0145454
0.0103743
0.0157633
0.0097345
0.011403
0.011936
0.0119159
0.0103838
0.012903
0.0136843
0.0121949
0.0091282
0.0130841
0.0134174
0.0128944
0.0171087
0.0110647
0.0137408
0.0143189
0.0172222
0.0180195
0.0146508
0.0143732
0.0171888
0.0103175
0.0136462
0.0142862
0.0131008
0.0177011
0.0141647
0.010559
0.016604
0.0138611
0.0135749
0.0137621
0.011815
0.0139599
0.0139437
0.0140958
0.0158487
0.0132852
0.0165172
0.0167335
0.0105212
0.00984291
0.0133504
0.0174951
0.0158126
0.00786651
0.0130023
0.0141973
0.0153773
0.0210105
0.0155231
0.013425
0.0160082
0.0135461
0.0114418
0.0139794
0.0159714
0.0158655
0.0151343
0.0103285
0.0151773
0.0170696
0.012896
0.0158508
0.014293
0.012879
0.0155313
0.00995737
0.0155671
0.0153456
0.0166156
0.0123708
0.0121042
0.0131884
0.0201001
0.0132933
0.0142724
0.0151839
0.0124585
0.0105951
0.0123573
0.013398
0.0119084
0.013104
0.0113715
0.0121146
0.0105656
0.0131521
0.0123263
0.0108479
0.0113296
0.0139043
0.0125641
0.012339
0.0125517
0.0103872
0.0126849
0.00639577
0.0122486
0.0146345
0.0126242
0.00666018
0.0122746
0.00860116
0.0109812
0.0134967
0.0127733
0.0206159
0.0154872
0.016853
0.0159546
0.0134365
0.01287
0.0112424
0.00924183
0.014876
0.0106858
0.0103657
0.00961346
0.0149748
0.0154644
0.0113855
0.0115447
0.0142595
0.0133993
0.0152794
0.0139898
0.0136893
0.0180179
0.0115735
0.0139427
0.0137358
0.0140164
0.0194708
0.0135641
0.0107658
0.00790485
0.0122499
0.0172586
0.0162444
0.0111186
0.0156429
0.0154654
0.0155348
0.0135294
0.0135679
0.0103083
0.0104858
0.0137445
0.0157393
0.0102902
0.0122183
0.0114009
0.0158079
0.0114859
0.0108138
0.0112605
0.0137268
0.010747
0.0126853
0.0124751
0.0127262
0.0180763
0.0119518
0.015901
0.0180857
0.014659
0.0201952
0.0138017
0.0143215
0.0142444
0.0122046
0.0154913
0.0135427
0.0135285
0.0121266
0.00872558
0.0122612
0.0120367
0.0125111
0.014583
0.00888782
0.0117828
0.0128793
0.00938868
0.00911168
0.0139544
0.0109401
0.0129829
0.0151785
0.0134476
0.01171
0.0124443
0.0131312
0.0136302
0.0131968
0.0140317
0.00843283
0.00664487
0.00967369
0.0203416
0.015627
0.012017
0.0129138
0.0124284
0.00671471
0.0141734
0.0108272
0.0132939
0.00686015
0.0108059
0.0150652
0.0116352
0.0132953
0.0113134
0.0140887
0.0133923
0.0130004
0.0142052
0.0169079
0.017289
0.0143178
0.0166264
0.0161547
0.0153014
0.0106101
0.0116816
0.0147551
0.011307
0.016768
0.0154573
0.0168529
0.0172905
0.0177255
0.0159706
0.011737
0.0229842
0.0146694
0.0182018
0.0138249
0.0131371
0.0140716
0.0220041
0.0160416
0.0198307
0.0145654
0.0176514
0.0151757
0.0111663
0.0139326
0.0158201
0.0132519
0.0166589
0.0124914
0.0161427
0.0212654
0.0151718
0.0159641
0.0194859
0.0141067
0.0138327
0.00858772
0.00928311
0.012348
0.0119805
0.0122076
0.0126559
0.0102889
0.0137502
0.00988793
0.0102965
0.0116863
0.011958
0.0105434
0.0136436
0.00911324
0.0122747
0.0149238
0.0134224
0.0124748
0.0119631
0.0131614
0.0140249
0.0125876
0.0122916
0.0128828
0.0163098
0.0154581
0.0140601
0.00953538
0.0105974
0.0143134
0.0131382
0.014047
0.0136918
0.0140323
0.0109256
0.0150212
0.0161212
0.0138323
0.0138727
0.0146721
0.0146711
0.0113222
0.0141804
0.0146876
0.0137373
0.0179028
0.0149212
0.0156508
0.0149526
0.014025
0.0138497
0.0156922
0.0155928
0.0141679
0.0115296
0.0135801
0.0110993
0.0104814
0.0123287
0.0186951
0.0143218
0.018193
0.0172527
0.0109637
0.0155238
0.0145811
0.0126275
0.0149243
0.0159016
0.0148755
0.0143097
0.0187943
0.0124893
0.0107137
0.0149664
0.0182825
0.0115779
0.0107692
0.0114529
0.016511
0.0111939
0.0191532
0.0170231
0.0141242
0.0164737
0.0136062
0.0195769
0.017234
0.0162798
0.0158566
0.0109683
0.0139988
0.0124649
0.0145913
0.0129989
0.0128404
0.0103298
0.0137783
0.00917525
0.0097799
0.0066433
0.0112479
0.0145555
0.0132778
0.0137765
0.00664191
0.00847845
0.0121623
0.0114675
0.0126712
0.0122678
0.0139528
0.0148078
0.0127679
0.0149251
0.0131791
0.0150713
0.0133677
0.013249
0.0129307
0.0120547
0.0141397
0.0104981
0.0132621
0.0128908
0.0143208
0.0137498
0.01026
0.0141694
0.0133658
0.0117933
0.0126749
0.0140343
0.0141858
0.013002
0.0140281
0.0140215
0.0119929
0.0116498
0.0142502
0.0171913
0.0196133
0.0139202
0.0172448
0.0192033
0.0126297
0.0132409
0.0136997
0.0141979
0.0176976
0.0175865
0.0143295
0.0184261
0.0158031
0.0125585
0.0160404
0.0119314
0.0138031
0.0148099
0.0139602
0.0124616
0.0150096
0.0190242
0.0108182
0.0121348
0.0137828
0.0123579
0.0127789
0.010868
0.0127148
0.0203217
0.0135423
0.0136278
0.0180859
0.0140908
0.013703
0.013106
0.0160578
0.0110675
0.0114921
0.0130148
0.00965678
0.011844
0.0140474
0.00839792
0.011452
0.0113049
0.0103723
0.0139023
0.0151198
0.0123241
0.0165775
0.0138323
0.00984407
0.0100528
0.0139982
0.0136894
0.0122942
0.0122333
0.00997502
0.0141526
0.0103032
0.0134836
0.0129178
0.0181818
0.0114121
0.0108692
0.014949
0.0110243
0.0134582
0.0133592
0.012024
0.0166952
0.0154886
0.013097
0.0107618
0.00914888
0.0188487
0.0158088
0.0187083
0.0131932
0.0164225
0.0180514
0.0107947
0.016162
0.0155893
0.0141398
0.0130239
0.0112586
0.0111013
0.0186585
0.0147777
0.0176922
0.0114899
0.0134052
0.0139259
0.0150328
0.0120641
0.0182145
0.017019
0.0138081
0.0139459
0.0158457
0.0129949
0.0114614
0.0142087
0.02104
0.0156343
0.01221
0.0127609
0.0153559
0.0118932
0.0133833
0.0140781
0.016921
0.0123939
0.0110024
0.0159927
0.0109676
0.0169696
0.0176053
0.0108714
0.0116665
0.0126618
0.012946
0.0124736
0.0166208
0.0119538
0.00906472
0.0101338
0.0125512
0.0150615
0.0124158
0.0108411
0.0109187
0.0114578
0.014528
0.0151197
0.0126888
0.0150994
0.014288
0.0128216
0.0099288
0.0133923
0.0146749
0.0132108
0.0136967
0.0139304
0.0106983
0.0112978
0.00844764
0.0128777
0.0160744
0.0127015
0.0100573
0.0147127
0.0144579
0.0208755
0.0116669
0.0134423
0.0154898
0.0108209
0.018118
0.0118749
0.0142239
0.0194175
0.0141917
0.0149597
0.0108959
0.0142019
0.0126957
0.0146539
0.0114214
0.0170744
0.0106744
0.0156184
0.0143046
0.0107006
0.0150658
0.0138671
0.0179503
0.014182
0.0162727
0.0227609
0.0127328
0.016677
0.0105696
0.0136522
0.0134364
0.00967096
0.0135131
0.0109382
0.0100271
0.0122238
0.0109918
0.0143105
0.0136316
0.0120344
0.0115613
0.0135746
0.0114707
0.0110422
0.0140874
0.01178
0.0166109
0.0109868
0.0107638
0.0109724
0.0126196
0.0131441
0.0149472
0.0163992
0.0144763
0.0170698
0.0144222
0.0131906
0.0118315
0.0130224
0.0133754
0.0144027
0.013444
0.00924046
0.0164178
0.0120567
0.0167819
0.0116656
0.0167093
0.0113192
0.0127863
0.0152884
0.0113257
0.0139452
0.0165534
0.0162196
0.011378
0.0139599
0.014918
0.0138953
0.0133467
0.0101238
0.0132024
0.0139896
0.00956568
0.0126825
0.0155948
0.0203483
0.0148624
0.0127774
0.0149007
0.0141576
0.0176954
0.0151603
0.0119765
0.0163118
0.0137766
0.0113551
0.0141152
0.0131187
0.0125197
0.0112906
0.0200501
0.0163149
0.0175233
0.0129307
0.0136538
0.0171957
0.0133058
0.015705
0.00846938
0.0171026
0.014301
0.0129868
0.0150574
0.0137664
0.0108055
0.00863072
0.0158929
0.0128305
0.0153161
0.0125247
0.0111589
0.00925192
0.0140839
0.0169092
0.0127157
0.0158889
0.0192237
0.0115661
0.0113293
0.0163324
0.0157475
0.0130877
0.014559
0.015287
0.0136084
0.0116782
0.0110234
0.0189245
0.0116774
0.00693303
0.00996243
0.0115606
0.0130915
0.0122495
0.0131604
0.0180417
0.0155721
0.0107254
0.0162823
0.0161376
0.0161035
0.0130469
0.0142992
0.0121628
0.0127379
0.0131494
0.0128878
0.0164876
0.0139348
0.012943
0.0132036
0.0161944
0.0132881
0.012828
0.0139726
0.0156053
0.0121277
0.0139166
0.0156839
0.0155761
0.0109882
0.00941329
0.0133267
0.0144621
0.0158486
0.0144232
0.0129258
0.0191226
0.0149001
0.0160937
0.0148301
0.017172
0.0138659
0.0127889
0.0161616
0.0133009
0.0163188
0.0193794
0.0123511
0.0119189
0.0141766
0.00966522
0.00942225
0.0136364
0.0141517
0.0152151
0.014871
0.0160024
0.00659014
0.0115308
0.0153254
0.00907239
0.0134248
0.00926702
0.0154509
0.0162297
0.0171373
0.0134208
0.0144703
0.00957788
0.0156324
0.011238
0.0107385
0.0159131
0.0144485
0.0113469
0.0159338
0.0152859
0.00932325
0.0168469
0.016245
0.0145219
0.0162267
0.011923
0.0100416
0.0114882
0.0124521
0.0119432
0.0139296
0.0127269
0.0101588
0.0143217
0.0142028
0.0145634
0.0124335
0.0191962
0.014164
0.0146067
0.0177778
0.0171783
0.0161653
0.0165844
0.013312
0.00968518
0.0159647
0.0145637
0.0162238
0.0130907
0.0161436
0.0156444
0.0171336
0.014802
0.0112182
0.0129749
0.0111456
0.01594
0.019334
0.0154688
0.0163291
0.0165775
0.0125048
0.0128474
0.0128555
0.0204605
0.0122202
0.00783941
0.013049
0.0133479
0.0122484
0.0175897
0.0121457
0.009681
0.0135643
0.0138802
0.0137617
0.0116899
0.0118014
0.0101386
0.0138707
0.0145225
0.0129604
0.00678486
0.0139571
0.0163736
0.0136958
0.0131768
0.0129445
0.0130124
0.0126289
0.0139148
0.011844
0.020308
0.00990794
0.0118444
0.0159681
0.0137904
0.00987846
0.0156379
0.0152413
0.0110529
0.0117253
0.0121542
0.0139175
0.0119344
0.014386
0.0125093
0.0131076
0.0119136
0.0197312
0.0149245
0.0155873
0.0128358
0.0157267
0.0128107
0.0112377
0.0179596
0.0134189
0.0108555
0.0152981
0.0154843
0.0140689
0.012245
0.0113715
0.013898
0.0159757
0.0148321
0.015177
0.0157605
0.00819598
0.0139139
0.0135754
0.0163254
0.0128341
0.0111438
0.0124758
0.0154207
0.0155453
0.00805233
0.0130032
0.0122757
0.0143412
0.0148109
0.0142913
0.0134335
0.0132558
0.00833695
0.0108859
0.0124215
0.0100616
0.015464
0.0157713
0.0197184
0.0144906
0.015895
0.0188409
0.0126591
0.0111377
0.0143662
0.0131017
0.0153986
0.00938328
0.0107462
0.0110856
0.0112643
0.0175025
0.0133621
0.0129413
0.0138871
0.00927461
0.00797276
0.0127187
0.0153944
0.0119845
0.0128458
0.0150849
0.0184783
0.0137895
0.0128759
0.0140395
0.0154603
0.012549
0.0144775
0.0133143
0.013121
0.0116721
0.013467
0.0189467
0.0122386
0.0130681
0.0155336
0.0127033
0.0118898
0.015959
0.0106389
0.012502
0.0132855
0.0131524
0.012487
0.0107719
0.0101058
0.011842
0.0142256
0.0119855
0.0120831
0.0136938
0.0140707
0.011465
0.0162452
0.013874
0.0191062
0.0125747
0.0149667
0.0128264
0.0148209
0.0144579
0.0110488
0.0168118
0.0157354
0.0115828
0.0139348
0.0168982
0.0111176
0.00910683
0.00871005
0.017747
0.0111718
0.012138
0.0124751
0.0153608
0.013997
0.00879917
0.0144916
0.0140027
0.0138325
0.011912
0.0135981
0.0101384
0.0115874
0.011434
0.0140944
0.0140638
0.0116468
0.0121294
0.0125253
0.00977469
0.0115257
0.0139606
0.0157543
0.0148038
0.0148886
0.0185212
0.0152814
0.0124176
0.0178623
0.011193
0.0107669
0.0137164
0.0122296
0.0148252
0.0158547
0.0117168
0.0147792
0.00990914
0.0091375
0.0113595
0.013192
0.00904737
0.00654227
0.0144375
0.0144666
0.0124083
0.0114652
0.0146728
0.0167222
0.0178603
0.00936092
0.0129698
0.0118278
0.0183651
0.0137824
0.0179277
0.0162816
0.0108353
0.0174912
0.0130796
0.0135068
0.015967
0.0132743
0.0153088
0.00814642
0.0162085
0.010234
0.0136275
0.0142612
0.0127789
0.0165523
0.0176676
0.0121968
0.00996725
0.0143096
0.0102988
0.0128256
0.0111955
0.0124156
0.0117147
0.0116673
0.0117694
0.0100242
0.0152453
0.0106365
0.0151745
0.0158689
0.016129
0.0127634
0.0132905
0.0156192
0.0152958
0.0170907
0.0144894
0.012956
0.0130603
0.0146638
0.0102396
0.0157958
0.0106772
0.0123634
0.0163475
0.012418
0.0174618
0.00935213
0.0137728
0.0145385
0.012503
0.0120868
0.0113933
0.0119234
0.00984429
0.00973809
0.0132031
0.0121125
0.0139815
0.0107969
0.0159262
0.0165789
0.0214591
0.013194
0.0126285
0.0129043
0.0149714
0.00886239
0.0140988
0.0131985
0.0184008
0.0110978
0.0153465
0.0148529
0.00827677
0.011845
0.012322
0.00911922
0.0112895
0.0108683
0.0118129
0.00974088
0.011614
0.0155482
0.0151462
0.01563
0.0130436
0.0103623
0.00853929
0.0111895
0.0153537
0.0102999
0.0144266
0.0126008
0.0130191
0.0157597
0.0125925
0.011163
0.0106178
0.0134742
0.0108578
0.0143755
0.0114121
0.0145619
0.011794
0.0128893
0.0129287
0.0130809
0.0116317
0.00812066
0.00835585
0.0105837
0.0145432
0.0109585
0.0101318
0.0128662
0.0132681
0.014888
0.0146824
0.0120592
0.0132034
0.0081188
0.0120765
0.021073
0.0125914
0.0146504
0.0118292
0.0117062
0.00974784
0.0126854
0.0138497
0.0117418
0.0115475
0.0158257
0.00780656
0.0138637
0.0170956
0.0175679
0.0114619
0.0148949
0.0164406
0.0139942
0.0179991
0.0202257
0.0166368
0.0196361
0.0143792
0.0130638
0.00959181
0.0145369
0.0132934
0.0146651
0.0118688
0.013182
0.0127706
0.0161853
0.016021
0.00944828
0.0111554
0.0149119
0.011555
0.0135088
0.01286
0.016084
0.0207644
0.0158755
0.0138705
0.0108428
0.0121566
0.0129249
0.0134762
0.0134825
0.0200629
0.0110482
0.0100312
0.00972284
0.0157529
0.00831868
0.0092513
0.0202159
0.011368
0.0161554
0.0164866
0.0152884
0.00977346
0.0078611
0.0100505
0.0134225
0.0133687
0.00943965
0.0148767
0.0137014
0.0140844
0.0113249
0.00970083
0.0136279
0.0139536
0.0126642
0.0152951
0.0174356
0.0100957
0.0133685
0.0121239
0.0135042
0.0108334
0.0139006
0.00642379
0.0151638
0.018275
0.0158797
0.0183783
0.0106907
0.00932629
0.0166695
0.0126976
0.0172037
0.0176939
0.0121215
0.0141992
0.0145403
0.0144895
0.013995
0.0145427
0.0119095
0.0160536
0.0148195
0.0139491
0.0173524
0.0134232
0.0144884
0.00944388
0.00830839
0.00777942
0.0165186
0.0169853
0.0151233
0.0116778
0.0134143
0.0163381
0.00952125
0.0164497
0.0152393
0.0148196
0.0146429
0.0156844
0.0151589
0.0119146
0.0159979
0.0106502
0.0101093
0.0149256
0.0124588
0.0107791
0.0136824
0.0142971
0.0102186
0.014576
0.0122033
0.0131916
0.010089
0.0130161
0.0135366
0.0117559
0.00928601
0.019423
0.0102296
0.014151
0.011848
0.0122549
0.014493
0.0130786
0.0121163
0.0134554
0.0143517
0.0153706
0.0189882
0.0107721
0.00883001
0.0142843
0.014464
0.0134454
0.0145745
0.00878569
0.00999803
0.00877942
0.00878627
0.0152756
0.0101856
0.011115
0.0117161
0.0073776
0.0209341
0.0185655
0.0153371
0.0217298
0.0159479
0.0123648
0.0122254
0.0121604
0.0125088
0.0178818
0.0116689
0.0106905
0.010674
0.0101232
0.017825
0.0168894
0.0125529
0.0075739
0.014787
0.0147692
0.0117188
0.0122888
0.0136221
0.0152697
0.0192756
0.0187125
0.0149876
0.016563
0.0068646
0.014322
0.00976073
0.0144075
0.0160726
0.012902
0.012131
0.0118363
0.012827
0.0149814
0.00968105
0.0126543
0.0111683
0.0182191
0.0188441
0.0147628
0.0127424
0.0158565
0.0148073
0.0119238
0.0111839
0.010944
0.012864
0.0140371
0.0124939
0.0114556
0.0137967
0.0104662
0.0175232
0.010662
0.0193851
0.0136086
0.0120275
0.0166342
0.0146131
0.0104088
0.0179435
0.0117013
0.012207
0.0131957
0.0214977
0.0158255
0.0120407
0.0127514
0.0149376
0.0128444
0.0123091
0.0132908
0.0154461
0.0135397
0.0167564
0.0138586
0.0138358
0.0109463
0.0113868
0.0129813
0.0193463
0.0161805
0.01496
0.0133034
0.0156554
0.0121908
0.0150069
0.01456
0.0143803
0.0176404
0.0126722
0.012128
0.0108094
0.0136053
0.0133931
0.0119331
0.0130994
0.0138297
0.0123452
0.0150905
0.0106358
0.0128708
0.013083
0.0159119
0.0125199
0.0149612
0.0191008
0.016502
0.0172955
0.0162236
0.0136808
0.0198051
0.0117457
0.0168933
0.0125882
0.0149238
0.0183948
0.0179725
0.0139373
0.0121699
0.00803917
0.0165433
0.0149038
0.0134534
0.0133479
0.016212
0.0135706
0.0162362
0.0132049
0.0172128
0.0142089
0.0116346
0.0137017
0.0178293
0.0113379
0.0125981
0.0112189
0.0127597
0.00974597
0.0134595
0.0126512
0.0142291
0.0105523
0.0118745
0.012698
0.0131352
0.0119631
0.0128893
0.0127399
0.0144643
0.0113651
0.0141941
0.0132829
0.0124818
0.0124449
0.0138437
0.0132896
0.0132546
0.010849
0.00622641
0.00746671
0.0135482
0.0156399
0.0139334
0.0177155
0.0210784
0.0173541
0.0111536
0.0107501
0.0113411
0.0104255
0.01082
0.0124678
0.0135164
0.0155463
0.0102403
0.00975875
0.0145279
0.0157265
0.0114565
0.0130378
0.0108631
0.0104802
0.0102659
0.0103292
0.0101691
0.0168979
0.00788776
0.00758244
0.00922472
0.012849
0.0122258
0.0118554
0.0106999
0.0121325
0.0131546
0.0186431
0.0157244
0.0123028
0.0101764
0.013757
0.0138368
0.0134452
0.0124913
0.00980619
0.00955581
0.0121067
0.0145704
0.0151076
0.0118545
0.0118797
0.0121425
0.0113495
0.0177014
0.0142001
0.0113446
0.0134431
0.00882908
0.021095
0.0145008
0.0146313
0.0128957
0.0123918
0.0165222
0.0126598
0.0126976
0.0160933
0.00934189
0.0155778
0.0119014
0.0126286
0.0177801
0.0155335
0.00870992
0.0151159
0.0112804
0.0101993
0.0116395
0.0118989
0.0153766
0.0120766
0.0141568
0.014626
0.0152933
0.0141996
0.0136183
0.0158609
0.0145445
0.0132784
0.0160127
0.0155102
0.00711343
0.0157645
0.0131932
0.0125719
0.0118683
0.0166628
0.0152912
0.0160685
0.0178638
0.0127748
0.0175423
0.0106975
0.0167815
0.010943
0.0129014
0.0127137
0.0156415
0.0131302
0.010107
0.0103527
0.011781
0.0102453
0.0152653
0.0136612
0.0102544
0.0101594
0.0107459
0.00979656
0.0168984
0.0138337
0.0157229
0.0143906
0.0150333
0.0126752
0.0117601
0.0112756
0.0120105
0.0123444
0.00601153
0.0187173
0.0127804
0.0126195
0.0130163
0.0129673
0.0138187
0.0135177
0.0113974
0.0118561
0.0147345
0.0108811
0.0145495
0.0141134
0.0138875
0.0163229
0.0132921
0.0119264
0.0172066
0.0112073
0.0141809
0.0136852
0.0118681
0.010882
0.0158687
0.018539
0.0125515
0.0164176
0.0144401
0.0117151
0.016301
0.0099706
0.0107487
0.0176526
0.0154328
0.0176695
0.012618
0.0163188
0.0124496
0.0101464
0.0103983
0.0122064
0.0157538
0.0136433
0.0107226
0.012048
0.0125708
0.0073635
0.0168728
0.014334
0.0133148
0.0138906
0.0086578
0.0104274
0.0154084
0.0143026
0.0125816
0.0140084
0.0138779
0.0148951
0.0128023
0.0135262
0.0126973
0.0111799
0.00946134
0.0133819
0.0106043
0.0147487
0.0101356
0.012793
0.012212
0.00707594
0.0130379
0.017567
0.0161516
0.0160309
0.0128279
0.0154387
0.00911208
0.0152216
0.011586
0.0100036
0.00682145
0.0112595
0.0110616
0.00839692
0.010159
0.00850271
0.0108785
0.010673
0.0120243
0.0135712
0.0137777
0.0111427
0.0118548
0.0148287
0.0115407
0.0155148
0.00910119
0.0118238
0.0104847
0.0127399
0.00605071
0.0101582
0.0129242
0.0131523
0.0141503
0.0195585
0.0136784
0.00958865
0.0156521
0.0134028
0.0131043
0.0176372
0.0112257
0.0110301
0.0111788
0.0121415
0.0100813
0.0134125
0.0180201
0.0181697
0.00879175
0.00871994
0.0181489
0.011624
0.0135859
0.0171775
0.0157127
0.0151372
0.0103544
0.0113014
0.0131425
0.0117081
0.0154386
0.0109808
0.0155218
0.0166702
0.0142333
0.0178031
0.0175887
0.0101652
0.0131671
0.0117083
0.0182342
0.0117395
0.0126728
0.0153824
0.0164617
0.0141014
0.0142709
0.013528
0.0114309
0.0129606
0.0120709
0.00942274
0.0123743
0.01601
0.0141494
0.0140154
0.0112943
0.00944229
0.0166353
0.0168563
0.0137413
0.0164118
0.0108927
0.00825776
0.0107624
0.0175249
0.0115693
0.0118796
0.0119503
0.0126536
0.0153197
0.0179485
0.0196034
0.0148998
0.0142
0.01004
0.0101883
0.0115685
0.00996417
0.0101413
0.00949601
0.0154964
0.010441
0.0182651
0.013229
0.0184773
0.0179076
0.0185477
0.0110458
0.0129143
0.0126553
0.012126
0.0164171
0.0170187
0.0104265
0.0128674
0.0164072
0.0130313
0.0173684
0.0166083
0.0100628
0.0120462
0.00848863
0.00979324
0.00849122
0.0125502
0.0114457
0.0114376
0.0146071
0.0110948
0.0104278
0.0172242
0.0143016
0.0149962
0.0177525
0.0177816
0.01142
0.0112075
0.0120575
0.0126376
0.013194
0.0158772
0.00912828
0.0121384
0.011743
0.0123146
0.0154404
0.0108673
0.00913267
0.0116427
0.00921388
0.00811825
0.0141276
0.0121335
0.0112755
0.0132278
0.0135224
0.00947569
0.00946129
0.0129973
0.0127407
0.0139154
0.0130748
0.0141676
0.0130517
0.0167906
0.0103256
0.0131186
0.0187217
0.00936682
0.010579
0.0148471
0.0133636
0.0164499
0.0133017
0.0117933
0.0110331
0.0097538
0.0154069
0.0135893
0.0186744
0.0100741
0.0149114
0.015997
0.0104136
0.0142609
0.00985501
0.0152594
0.0182549
0.0120076
0.0145233
0.00992992
0.0114995
0.0175189
0.0155267
0.0166521
0.0125652
0.0104167
0.0111898
0.01222
0.0165919
0.00904275
0.00993072
0.0129864
0.0101437
0.0170131
0.0162678
0.014225
0.010946
0.013834
0.0151552
0.0136745
0.0134182
0.0131729
0.0124207
0.00853135
0.0114704
0.0114861
0.0167111
0.0116439
0.0127774
0.011157
0.0125847
0.0145835
0.0120499
0.014323
0.0141973
0.0144213
0.00889601
0.00878015
0.015302
0.0136194
0.013058
0.010868
0.0118912
0.012277
0.0107519
0.0166744
0.0122594
0.0143834
0.0145942
0.0154603
0.00915173
0.0138395
0.0128786
0.0150997
0.0134151
0.0137021
0.0118965
0.0175131
0.014612
0.0176565
0.0106535
0.0149966
0.0132122
0.0169891
0.0132944
0.0127839
0.0161674
0.0141515
0.0134734
0.0121981
0.0155113
0.0132621
0.0123543
0.0128083
0.0155472
0.0111059
0.014708
0.0139152
0.0118587
0.0126337
0.0102602
0.0123325
0.0123485
0.0165226
0.0140649
0.0124993
0.0115193
0.0144224
0.0156908
0.0117306
0.0156929
0.0155073
0.00912544
0.0214881
0.0187656
0.0124399
0.0173442
0.0101708
0.0120666
0.0112154
0.0171468
0.0134599
0.0105713
0.012966
0.0155827
0.010037
0.0153045
0.0126081
0.0136849
0.0157481
0.0106604
0.0109354
0.012057
0.00963816
0.0120378
0.010149
0.0154785
0.0122759
0.0118902
0.01111
0.0144306
0.0140673
0.0103329
0.0122724
0.0162751
0.010167
0.0120667
0.00906097
0.0117376
0.00915162
0.0130593
0.0131622
0.0105222
0.0129442
0.0117733
0.012815
0.015151
0.0140691
0.0102248
0.0129566
0.0105575
0.0131732
0.0137709
0.0116379
0.0133878
0.0166758
0.014104
0.0118516
0.0135591
0.0121612
0.0140766
0.0132813
0.0160732
0.0103031
0.0114521
0.0144405
0.0164313
0.0174055
0.0123281
0.00718355
0.00872497
0.0163339
0.00996165
0.0223927
0.0140575
0.0136007
0.012507
0.00939084
0.0114101
0.0102471
0.0166425
0.0123023
0.0135954
0.0103267
0.0125105
0.0130245
0.0122169
0.0124331
0.00988117
0.0121222
0.0135688
0.00923805
0.0113614
0.0172289
0.0172991
0.0163273
0.0174089
0.0101032
0.0136602
0.0108054
0.0121056
0.0174211
0.00959484
0.00916509
0.00927263
0.0154221
0.0118366
0.00930334
0.0179825
0.0134631
0.00898555
0.0152525
0.00930758
0.0116461
0.0112633
0.00807567
0.0158404
0.014242
0.0139845
0.0146169
0.0160278
0.0106018
0.0132147
0.00716481
0.0174563
0.0193918
0.010028
0.0119381
0.0120507
0.00950655
0.00928357
0.0176515
0.0150628
0.0147917
0.00917984
0.0156191
0.015474
0.0160265
0.0134337
0.0134516
0.0115277
0.0137554
0.012107
0.0136822
0.0148246
0.0116769
0.0146435
0.0137933
0.0205788
0.0125006
0.0133227
0.00935075
0.0122675
0.0121575
0.00978742
0.0105381
0.0165609
0.012239
0.00757233
0.0117217
0.0142612
0.0175924
0.0097097
0.0103145
0.0096143
0.00700156
0.0163915
0.00902899
0.017797
0.0151911
0.0100173
0.012317
0.0161936
0.00969749
0.013664
0.0109225
0.0154364
0.0099465
0.0118541
0.0158799
0.00992251
0.0171115
0.0141976
0.0160655
0.0202547
0.0158684
0.0141248
0.0124541
0.0133681
0.0126167
0.0148419
0.00709032
0.0078433
0.00964145
0.0116129
0.00894082
0.0107586
0.00916682
0.0137076
0.012502
0.0120843
0.0129984
0.0165727
0.0128064
0.0179497
0.00985161
0.0103412
0.0121637
0.0101248
0.0103567
0.0110631
0.015588
0.0120298
0.0107771
0.0132041
0.0124903
0.0145425
0.0157606
0.014119
0.0151873
0.0144771
0.0138139
0.0145961
0.0154653
0.0113069
0.015825
0.0204629
0.0160516
0.0132979
0.0138284
0.0148998
0.0102993
0.0123765
0.0108827
0.0166944
0.0176085
0.0117975
0.0137463
0.00976376
0.0103006
0.0156282
0.0108757
0.0153495
0.0139305
0.00907771
0.0123094
0.0151827
0.0144154
0.013623
0.0148075
0.0126843
0.0184828
0.0114126
0.0129529
0.00731268
0.0170601
0.0117942
0.0126787
0.0107421
0.012871
0.0146647
0.0184037
0.0138192
0.0138667
0.0125455
0.0148124
0.0118035
0.0145906
0.012269
0.0135107
0.0133733
0.0132938
0.0116502
0.0133603
0.0125049
0.01453
0.0120989
0.0113111
0.0140829
0.0118027
0.0119854
0.0119776
0.0117011
0.0140696
0.0125131
0.00831536
0.00679772
0.0149454
0.0162468
0.0142278
0.0134121
0.0147115
0.0158367
0.0126604
0.0123141
0.00845736
0.0109512
0.0082779
0.0120708
0.0181973
0.0130295
0.013555
0.0110844
0.0170915
0.00993013
0.0145517
0.0155445
0.0155809
0.0153252
0.0154563
0.00957233
0.0139815
0.0175351
0.0131644
0.0109368
0.0107341
0.0115756
0.0124638
0.0127471
0.0103809
0.0154252
0.0147343
0.0174749
0.0131922
0.0149066
0.014448
0.0147979
0.0150885
0.014286
0.0132829
0.014047
0.00917694
0.0091499
0.0141095
0.0114504
0.0129531
0.0130293
0.0122042
0.0128861
0.0135292
0.0143369
0.0106236
0.0166448
0.0206461
0.0174227
0.0177768
0.012276
0.00938867
0.0100545
0.0110893
0.0176752
0.0138754
0.0148092
0.0121202
0.0140349
0.0118802
0.0118416
0.00923013
0.0117034
0.0149148
0.0130564
0.0154339
0.0144861
0.00985413
0.0116055
0.0116216
0.0123306
0.0143455
0.0115252
0.0116018
0.0118655
0.0142602
0.0146529
0.0111506
0.0131579
0.0146394
0.0110997
0.0149646
0.0133313
0.00972877
0.0156029
0.016401
0.0116052
0.0137861
0.0134179
0.0123202
0.0122511
0.0128233
0.0154234
0.0129119
0.0131905
0.0128935
0.0126051
0.00952164
0.00689104
0.0110192
0.0124029
0.0127453
0.0154096
0.0118152
0.0144016
0.0123037
0.0102439
0.012736
0.0112562
0.0130335
0.0134122
0.0159373
0.00934625
0.011628
0.0144622
0.0149047
0.0137214
0.0118906
0.0131985
0.0121681
0.0114237
0.00937993
0.0131798
0.0158025
0.0145068
0.0122858
0.0155686
0.015507
0.0114569
0.0143904
0.0103564
0.0160146
0.014601
0.013586
0.0158343
0.00940586
0.0195165
0.0147256
0.0143015
0.0151405
0.0142799
0.0141749
0.0179246
0.0149767
0.0070291
0.0142717
0.0120462
0.00994192
0.0123125
0.0133337
0.0102589
0.0127819
0.0115227
0.0122773
0.0101827
0.0102908
0.0160354
0.0136823
0.0110241
0.012307
0.0119768
0.0134683
0.0105086
0.0141977
0.0115542
0.0109021
0.0106173
0.0134356
0.0106455
0.0112545
0.01373
0.0145693
0.0125638
0.0133968
0.012329
0.0100914
0.0128908
0.0127694
0.0133479
0.0104751
0.00595514
0.0137435
0.0120226
0.0125019
0.0127062
0.0195629
0.0142215
0.016972
0.00918829
0.00775122
0.012687
0.0132262
0.0149389
0.0112907
0.0156615
0.013342
0.011301
0.0085817
0.0112116
0.0123607
0.0115209
0.011937
0.013639
0.0100705
0.0107647
0.0111317
0.0182472
0.012613
0.0130242
0.0124302
0.0173042
0.0134337
0.0119114
0.0127007
0.0120758
0.0157423
0.0146433
0.0168385
0.0137725
0.0113043
0.0162528
0.0133838
0.00998112
0.0115523
0.0121187
0.0140369
0.0163085
0.0101025
0.0129117
0.0166953
0.0137635
0.0158719
0.0128718
0.0130688
0.0137226
0.00930628
0.0108536
0.00967923
0.0109708
0.0137714
0.0131853
0.0170785
0.0156941
0.0131414
0.0126297
0.0145081
0.0102896
0.014733
0.0151892
0.0129181
0.0133866
0.00964214
0.0113006
0.0178628
0.0146353
0.0167604
0.0128646
0.0146452
0.0131183
0.012607
0.0141804
0.0107372
0.0106872
0.0139897
0.0124219
0.0130588
0.012601
0.0141621
0.0155483
0.016341
0.00947562
0.00914968
0.017037
0.014577
0.0122196
0.0163963
0.0151433
0.0134409
0.0145753
0.0139232
0.0136203
0.0119812
0.013195
0.0107548
0.00823654
0.0124959
0.0141605
0.0123978
0.018484
0.0102959
0.013362
0.01006
0.0145792
0.0120361
0.0133926
0.0130801
0.0123952
0.0143251
0.0122923
0.0125008
0.0117615
0.0150925
0.0113766
0.0124055
0.00986767
0.0154175
0.0101255
0.0100256
0.0151121
0.0119753
0.0148831
0.0111129
0.0113643
0.0106576
0.00974242
0.0131468
0.00925316
0.0072731
0.0136456
0.0110451
0.0116664
0.0139516
0.00983944
0.0163255
0.0146371
0.0145767
0.0111483
0.0155346
0.0145195
0.0142462
0.0147386
0.0129051
0.0123903
0.0120429
0.0153329
0.0130284
0.0191153
0.0129119
0.0125468
0.0127542
0.012941
0.0125765
0.0161309
0.0128764
0.0137864
0.0175073
0.011413
0.0122388
0.0126934
0.0097844
0.0122073
0.0158705
0.0187338
0.0116153
0.00914703
0.0118206
0.0145927
0.0117801
0.0101724
0.0119933
0.00908963
0.015075
0.0128475
0.0100104
0.0113023
0.0126895
0.0106603
0.00942552
0.0177394
0.0117769
0.0148726
0.00957153
0.013229
0.0102216
0.010319
0.0114168
0.0120823
0.0193746
0.0125116
0.0135114
0.0133276
0.0112682
0.0117327
0.0121203
0.0155932
0.0143641
0.0142849
0.0117908
0.0120217
0.00994725
0.0151961
0.0110611
0.0213286
0.0155687
0.0136384
0.0128931
0.0150071
0.0100051
0.0126251
0.0180141
0.013699
0.0120727
0.0182842
0.0167027
0.00951049
0.0103654
0.0111058
0.0112676
0.0103147
0.0120018
0.01389
0.0151366
0.0150026
0.0151603
0.0119151
0.015361
0.0127403
0.0116576
0.0141222
0.012564
0.0124473
0.0131627
0.0126346
0.0121144
0.014648
0.0121796
0.011805
0.00948312
0.0118432
0.014754
0.016816
0.0134796
0.00918545
0.011412
0.00902741
0.0150876
0.0130401
0.0154722
0.0128748
0.0115628
0.00936881
0.0126686
0.0132793
0.0179068
0.0195374
0.0135986
0.0142471
0.0120303
0.0118925
0.0113798
0.0114202
0.0175463
0.0131845
0.0135395
0.0137069
0.0116016
0.0127153
0.0104325
0.0171336
0.00992033
0.0113143
0.0111388
0.0156081
0.0166211
0.0139182
0.0100248
0.0142473
0.00995567
0.00942475
0.011217
0.017017
0.0169105
0.0166091
0.00988538
0.00865168
0.0118577
0.0185217
0.0154512
0.0121426
0.0137685
0.00974663
0.0138748
0.00904308
0.0130221
0.0131848
0.0109724
0.0157402
0.0113758
0.0116423
0.0147685
0.0147247
0.0149901
0.0114218
0.0161458
0.0110917
0.013895
0.015078
0.0140426
0.0122564
0.0124639
0.0126842
0.0124014
0.0155997
0.0128831
0.0185443
0.0131631
0.0121408
0.0100884
0.00947333
0.0126933
0.0122108
0.0173956
0.0171378
0.00959129
0.0110141
0.0129934
0.014152
0.0106114
0.0103891
0.0170869
0.0121606
0.0130982
0.009537
0.0142669
0.0125694
0.01231
0.0122015
0.0132828
0.0121286
0.015576
0.0123522
0.0155748
0.011202
0.0136748
0.0155637
0.0136887
0.0121498
0.0122989
0.01237
0.0201425
0.0145004
0.0110185
0.0144686
0.0144058
0.00830989
0.0106719
0.0136653
0.0092935
0.0116558
0.0130529
0.0122461
0.0140939
0.0188372
0.0108182
0.0124407
0.0119192
0.0130565
0.0117004
0.0114726
0.0145701
0.00944685
0.0119168
0.00962907
0.0115911
0.0116705
0.0120391
0.0122421
0.0118272
0.0149827
0.011945
0.0105009
0.0135604
0.0128941
0.0152248
0.0146763
0.0120913
0.0144178
0.0127558
0.0127502
0.0124084
0.0123415
0.0128175
0.0123137
0.0128006
0.0103603
0.0120992
0.0112144
0.0137604
0.0146354
0.0125891
0.0166643
0.0100628
0.0184263
0.0123266
0.0126437
0.0102631
0.0105095
0.0140426
0.0157263
0.0085629
0.0148272
0.0106878
0.0130554
0.014674
0.0126217
0.0121439
0.00949239
0.012616
0.0105022
0.0119201
0.0145781
0.014278
0.0114215
0.0138108
0.00925936
0.0171884
0.0118421
0.0103186
0.0130735
0.0141906
0.00730973
0.0139449
0.0125271
0.0125957
0.00924182
0.0100449
0.0130759
0.0171139
0.0131091
0.0118599
0.00964802
0.0126554
0.0126162
0.00864974
0.0172346
0.0155756
0.0109793
0.0150599
0.0146452
0.0124581
0.0114986
0.014944
0.0110924
0.0117873
0.0136644
0.0123041
0.0149796
0.0114396
0.0137388
0.0129369
0.0145135
0.0129426
0.0149667
0.0154483
0.015329
0.0148232
0.0126834
0.0125389
0.0123801
0.0125758
0.0123255
0.009814
0.0128108
0.0117214
0.0158373
0.012407
0.0111224
0.00774475
0.0117916
0.0136037
0.0091548
0.0123908
0.0159319
0.0130442
0.0129733
0.013622
0.0100503
0.0105255
0.0146636
0.0153622
0.0135411
0.0104332
0.0139941
0.00944329
0.00951594
0.0110882
0.0132366
0.0133479
0.0123263
0.0129508
0.0117658
0.0138617
0.012818
0.0137069
0.0155609
0.0145769
0.0110902
0.00932608
0.0115505
0.00919516
0.0127075
0.0153855
0.012196
0.0098709
0.00970639
0.0100353
0.0129309
0.0075178
0.0134235
0.0129196
0.00961689
0.00784598
0.00996217
0.00915493
0.0069979
0.00961158
0.0117658
0.0104441
0.014735
0.0126689
0.0108959
0.0115065
0.0152451
0.0128173
0.0116161
0.0120083
0.0117327
0.0109431
0.0144459
0.00965247
0.0133847
0.0123511
0.00998543
0.0129227
0.0123394
0.0121942
0.0149022
0.0127101
0.0122125
0.0091294
0.0140214
0.0149153
0.0181241
0.0170355
0.0100767
0.00976291
0.00969452
0.0163728
0.0136675
0.0121474
0.0135184
0.0140423
0.0130778
0.0153453
0.0119815
0.016329
0.015379
0.0153081
0.014766
0.0114214
0.0145949
0.012571
0.0137938
0.0123397
0.0159208
0.0203307
0.0128122
0.0128457
0.0146792
0.0119812
0.00894518
0.0135272
0.0145809
0.0141154
0.0111302
0.0112456
0.014448
0.012446
0.0149471
0.00864111
0.015469
0.0145249
0.0147294
0.013129
0.0169197
0.0116843
0.0114329
0.00902517
0.00899384
0.0117677
0.00913533
0.0121096
0.0147286
0.0176706
0.0150693
0.0141723
0.0138096
0.0138736
0.0115858
0.0118929
0.0117539
0.0109409
0.0104254
0.00731319
0.0106496
0.0129738
0.0123267
0.0103972
0.0149715
0.0127699
0.00920663
0.00771116
0.0145531
0.0129922
0.0120683
0.0164237
0.0123701
0.0128274
0.0127848
0.00969331
0.00816381
0.00918978
0.0120927
0.0125729
0.0156971
0.0144352
0.0139332
0.0116879
0.0115262
0.0131041
0.0129917
0.0128051
0.0107111
0.0131206
0.011962
0.0113064
0.011724
0.0197597
0.0154789
0.0133247
0.0100573
0.0120699
0.017526
0.0121891
0.0136843
0.0159416
0.013097
0.0116206
0.009131
0.0100318
0.0120065
0.0120057
0.00937395
0.0122976
0.0128314
0.0186858
0.0164228
0.0160575
0.0120191
0.0117511
0.0120481
0.0145099
0.0113916
0.014809
0.0126784
0.0186895
0.017373
0.0158092
0.0152696
0.0072522
0.0147962
0.0113976
0.0122371
0.0127235
0.0145623
0.01477
0.0121314
0.0133271
0.0125368
0.0119643
0.00906385
0.0118535
0.0131093
0.0127207
0.0142449
0.0133612
0.013538
0.00991143
0.0103735
0.0136523
0.0104229
0.0131045
0.0133675
0.0126954
0.0103612
0.0109589
0.0114605
0.0130008
0.0133616
0.0101516
0.0119759
0.0103523
0.0163988
0.0107852
0.0125516
0.0102224
0.0113918
0.013635
0.0101007
0.0115546
0.0147636
0.012211
0.0123446
0.0162846
0.0159306
0.0100613
0.00971142
0.0123041
0.00534072
0.0135041
0.0162427
0.00907094
0.0158736
0.0153153
0.0144817
0.0104323
0.0108115
0.014838
0.00703601
0.0159483
0.0149485
0.0115494
0.0112825
0.0174825
0.0153522
0.0147751
0.0124029
0.0091329
0.00924291
0.0146214
0.0120615
0.0151702
0.0129104
0.0114146
0.0162092
0.0120871
0.00942241
0.0125217
0.0132056
0.0134206
0.0101853
0.0121495
0.00964426
0.0127973
0.0144524
0.0123807
0.0137743
0.013887
0.0128093
0.0126577
0.0128157
0.0143983
0.0128479
0.0145021
0.0152002
0.0126137
0.0124459
0.0150846
0.0129102
0.0121357
0.0149872
0.00949782
0.00971346
0.0162289
0.0137698
0.00991057
0.0125385
0.010436
0.0108664
0.017902
0.0103512
0.0134147
0.0141385
0.0150701
0.0132798
0.0139922
0.014149
0.0153122
0.0122344
0.014741
0.0101888
0.00974242
0.0166687
0.0103411
0.012427
0.0119526
0.0140424
0.0110907
0.0128057
0.00999449
0.0131441
0.0117274
0.013788
0.0114995
0.0148183
0.0139539
0.0103707
0.00881073
0.0146193
0.00825504
0.00945762
0.0124829
0.0135473
0.0145887
0.0113489
0.0116113
0.0104881
0.0131415
0.0136025
0.0109939
0.00902463
0.00742274
0.0127345
0.0138589
0.0135374
0.0125373
0.0118138
0.00922663
0.0123716
0.0180399
0.0156606
0.0132494
0.00910851
0.0125778
0.0119128
0.0101404
0.0105578
0.0150943
0.0126132
0.00976412
0.0113628
0.00691145
0.00502345
0.0138717
0.0141052
0.0142197
0.0106224
0.00920298
0.0139544
0.0173393
0.0148254
0.0136719
0.0117753
0.0143285
0.00936943
0.0115801
0.0118413
0.0153213
0.0126883
0.0160276
0.0101552
0.0123109
0.0126852
0.0117209
0.0128245
0.00744162
0.00950499
0.0084585
0.0118632
0.0112948
0.00916733
0.0138468
0.0118125
0.014102
0.0176247
0.0113686
0.00712447
0.00642012
0.0130044
0.0144112
0.0167293
0.012079
0.0103479
0.0156745
0.0142309
0.010037
0.00690556
0.00873792
0.011143
0.00818567
0.0139076
0.0128287
0.0123805
0.0145329
0.0088991
0.0129003
0.00508605
0.00580701
0.014865
0.0113742
0.0124929
0.00959027
0.0153075
0.0119093
0.00690773
0.0139528
0.013747
0.0113916
0.00903109
0.013599
0.00990536
0.0137544
0.0153049
0.0126234
0.0149128
0.0141323
0.0139137
0.0119348
0.0117483
0.0140528
0.0142474
0.0108775
0.0107243
0.00996452
0.0116633
0.00884445
0.012786
0.0136901
0.0160408
0.00972703
0.00998329
0.011192
0.0118051
0.00985455
0.00927031
0.0169551
0.00931578
0.0134551
0.0140638
0.00970111
0.0146707
0.0131334
0.0160502
0.010029
0.0149399
0.0184295
0.0112519
0.0147979
0.00957423
0.0150775
0.0174058
0.0154221
0.0131152
0.00726763
0.0134879
0.010376
0.0132545
0.01392
0.0124702
0.0131635
0.0123638
0.0114657
0.00989736
0.0115314
0.0110181
0.0147164
0.011234
0.0112862
0.0132599
0.0139591
0.012526
0.0154363
0.0131038
0.0146307
0.00929373
0.0143747
0.0137693
0.00914086
0.0111936
0.012648
0.0163201
0.0137029
0.0119563
0.0129732
0.0150559
0.0123027
0.00860194
0.0167321
0.0102946
0.00977126
0.0111559
0.01513
0.0133182
0.0132081
0.0116651
0.0118357
0.0138353
0.00998807
0.0112124
0.0147776
0.00962188
0.014879
0.00969355
0.0150827
0.0155682
0.0143411
0.0180901
0.0146389
0.00929519
0.013112
0.0164048
0.010886
0.0127182
0.0139037
0.015689
0.0132569
0.00737878
0.0094396
0.0132235
0.0145564
0.0121169
0.00712224
0.0107834
0.012974
0.0134871
0.0131667
0.0107413
0.0181555
0.0154352
0.0154846
0.0119305
0.0141368
0.00934418
0.014004
0.011666
0.0150262
0.0119991
0.012258
0.00722596
0.0120038
0.011653
0.0141197
0.0148355
0.0164592
0.00957078
0.0129381
0.0110441
0.0175482
0.0113279
0.015831
0.0135549
0.0122091
0.0158256
0.0102127
0.0141187
0.0114847
0.0115721
0.0148283
0.0165863
0.0112475
0.0131972
0.0124347
0.0126231
0.00912052
0.0111822
0.014252
0.0113058
0.00777686
0.0118365
0.0171476
0.0130731
0.0121064
0.0133083
0.0100616
0.0102315
0.0119488
0.0127241
0.0121377
0.0113255
0.0095395
0.0137399
0.015318
0.00863283
0.0152374
0.0104235
0.00890676
0.0159386
0.0130008
0.0100811
0.0149904
0.0132331
0.0100797
0.0100312
0.0133108
0.0121909
0.0103117
0.013893
0.00972824
0.00955897
0.0128131
0.00672702
0.0100835
0.0116329
0.0103867
0.0109504
0.0121762
0.0112402
0.0109723
0.00939558
0.00960522
0.00917912
0.0132288
0.0102384
0.0153307
0.0109755
0.00963693
0.00706716
0.0128056
0.00907823
0.00966101
0.0132006
0.01374
0.0117523
0.0141565
0.0126883
0.0123048
0.0114606
0.0135869
0.0124925
0.0140658
0.0112258
0.0123729
0.0143894
0.0118017
0.0131758
0.0127489
0.0148066
0.0074084
0.0107267
0.0099437
0.0085766
0.00958873
0.0122839
0.00981021
0.0121626
0.0114302
0.0128358
0.014854
0.0137898
0.00904828
0.0132657
0.0147612
0.0158325
0.0134341
0.0149335
0.0114878
0.013535
0.0126182
0.0176208
0.0110495
0.014842
0.0157733
0.00772437
0.0102306
0.0119118
0.0137834
0.0169575
0.0130591
0.0136573
0.0135118
0.0158041
0.0128163
0.0121317
0.0112921
0.01302
0.0158622
0.0112002
0.0126106
0.012343
0.0121847
0.0126846
0.00954545
0.0129593
0.00909586
0.0131386
0.0128389
0.014326
0.0101733
0.0117235
0.0119906
0.0149876
0.0154771
0.0122673
0.00991596
0.00985735
0.0125714
0.010558
0.0126278
0.0154145
0.0148575
0.00899843
0.0132211
0.0150958
0.0145643
0.0148878
0.0104188
0.0130779
0.0109334
0.0124786
0.0118193
0.0126894
0.0121959
0.0138086
0.00934026
0.0132402
0.0137488
0.013349
0.0156874
0.0134119
0.0147886
0.0107301
0.00930703
0.0149727
0.0142313
0.0123202
0.010369
0.0155611
0.015344
0.0134091
0.0141166
0.0110461
0.00940824
0.0111199
0.0091911
0.00892726
0.0124638
0.0132102
0.0143049
0.0183795
0.0154444
0.0118243
0.0118823
0.014982
0.0127768
0.0114852
0.0141308
0.0106958
0.0118018
0.0127092
0.0124827
0.00930546
0.0144792
0.0121825
0.0137169
0.0129623
0.0154036
0.0125437
0.0126555
0.0147037
0.0126363
0.0134862
0.0144891
0.0121075
0.0111384
0.0107558
0.0107615
0.0142047
0.0181945
0.0179229
0.0112764
0.015269
0.0149225
0.0161234
0.0139636
0.0129176
0.0131154
0.0117631
0.0114004
0.0093585
0.0123786
0.0112772
0.0129948
0.012944
0.00984493
0.0149705
0.0146926
0.0135543
0.0149727
0.0116694
0.0129415
0.0146231
0.013709
0.0114018
0.0209965
0.0132607
0.011018
0.012668
0.0124852
0.0127193
0.0146747
0.0114063
0.0116196
0.0119264
0.0154874
0.0122275
0.0114821
0.0141369
0.0147344
0.012387
0.0135944
0.0153282
0.0154677
0.0145921
0.0160333
0.011462
0.0148782
0.012147
0.0106064
0.0115077
0.013077
0.0124001
0.00932747
0.00947835
0.00960682
0.0162939
0.011319
0.0119496
0.0148054
0.0125625
0.0137487
0.0127207
0.0143019
0.0106098
0.0111268
0.0116338
0.0154963
0.0111671
0.0109328
0.0145058
0.0167753
0.0128676
0.014312
0.0112782
0.00993667
0.0150149
0.0143567
0.011338
0.0124741
0.00926695
0.0148218
0.0148202
0.0114879
0.00919989
0.0215535
0.0116889
0.00925991
0.0127189
0.0118285
0.0127804
0.0158283
0.0144009
0.0113504
0.0112695
0.0122918
0.0159805
0.0136294
0.0134181
0.0127777
0.0156163
0.0127226
0.0145268
0.0126936
0.0100715
0.00863849
0.013397
0.00977599
0.00981048
0.00858894
0.00909728
0.0105986
0.0114224
0.0106309
0.0128473
0.0110219
0.0114757
0.0160994
0.0145857
0.00934657
0.0112112
0.0115409
0.0139106
0.0118498
0.0113601
0.0125284
0.011528
0.015348
0.0143816
0.00957321
0.0131211
0.01091
0.00930327
0.0127498
0.00681938
0.00957842
0.010803
0.0143649
0.00882923
0.00973074
0.0102184
0.0128281
0.0133819
0.017149
0.0121181
0.00931505
0.00946094
0.0101285
0.0122422
0.0110785
0.00877784
0.0133397
0.0115824
0.0116032
0.00831623
0.00801602
0.00992518
0.0113324
0.0109329
0.0107629
0.0150479
0.0126256
0.0117983
0.0115796
0.0131212
0.0129334
0.0108478
0.0122714
0.0136981
0.0107175
0.0132783
0.00972101
0.0124971
0.0104367
0.00998151
0.0149573
0.0109193
0.0121728
0.0148881
0.0108903
0.0091891
0.0146346
0.0133409
0.0118082
0.0129464
0.00923877
0.0114378
0.0112852
0.0106912
0.0149302
0.0146587
0.0131128
0.0159521
0.0133586
0.0145859
0.0149025
0.0120907
0.0106607
0.0101512
0.00839454
0.0117366
0.00993264
0.0106396
0.0134254
0.00956728
0.00993244
0.0141323
0.0100017
0.0129321
0.012513
0.0123501
0.0110806
0.0128771
0.0136692
0.0115803
0.00968708
0.00930316
0.0111619
0.0127444
0.0114741
0.0149707
0.0119273
0.0101909
0.0104449
0.0139141
0.0145265
0.0120603
0.014147
0.0169176
0.00833996
0.013287
0.0126309
0.0107527
0.012749
0.0197104
0.0150436
0.0143038
0.0119254
0.014168
0.0114073
0.0138006
0.0153364
0.0130248
0.0123139
0.0153234
0.0112562
0.00979701
0.0147876
0.014465
0.0138043
0.0127631
0.0135971
0.00842324
0.0107607
0.0136546
0.0110022
0.00929382
0.0134293
0.0108853
0.00982928
0.0146572
0.00978442
0.0128276
0.0117578
0.0136738
0.0117927
0.0110343
0.0140043
0.0107381
0.0119773
0.0132897
0.0139849
0.0115486
0.0114094
0.0113407
0.00907782
0.0162873
0.0113613
0.0154339
0.00926695
0.00908857
0.0144755
0.0133354
0.0109896
0.0125747
0.0087026
0.00964334
0.0122475
0.0131623
0.0129253
0.0152569
0.0121402
0.01074
0.0109318
0.0121813
0.0144846
0.0150043
0.0121629
0.0150434
0.0124449
0.0172292
0.0119599
0.011454
0.0178139
0.0162007
0.0110731
0.00974095
0.0150525
0.0104622
0.010565
0.0121581
0.0129644
0.0142155
0.00934883
0.0144687
0.0146825
0.0130456
0.0125908
0.0137818
0.0150916
0.0139004
0.0116111
0.00957243
0.0136926
0.0104208
0.00912109
0.00852863
0.00983026
0.0123696
0.0128006
0.011319
0.0100881
0.0106247
0.0106838
0.00942532
0.0135273
0.00875039
0.0124584
0.0103945
0.00938195
0.0124209
0.0115523
0.00983678
0.0135855
0.00954016
0.00950831
0.0144059
0.0172075
0.0114293
0.0119328
0.0111449
0.00870631
0.0118149
0.0114108
0.0119419
0.0144762
0.011088
0.00949238
0.0127197
0.0156411
0.0104086
0.0143611
0.0149286
0.00785297
0.0175035
0.0120862
0.0129305
0.0116436
0.0114284
0.0116673
0.0117232
0.0109879
0.0129887
0.00985698
0.011745
0.0123419
0.0154974
0.0113497
0.00956729
0.00972575
0.0130536
0.012849
0.00944214
0.0130985
0.0121916
0.016949
0.0153534
0.0132833
0.0142389
0.0130797
0.0136244
0.0160313
0.0141817
0.0135992
0.00880386
0.0134908
0.0133345
0.00996587
0.0145529
0.0105094
0.0164886
0.0120641
0.0152291
0.0129013
0.0126799
0.0123934
0.0117488
0.0116224
0.0115635
0.0098685
0.0161999
0.0107314
0.00963241
0.0131202
0.0116561
0.0179718
0.0107704
0.00919318
0.0114089
0.0136398
0.0130767
0.0140763
0.0089012
0.0115103
0.0112185
0.0121111
0.011508
0.0100157
0.0119263
0.0105681
0.00957548
0.011491
0.0134449
0.0118617
0.0105974
0.0113077
0.0136895
0.0100313
0.0120868
0.0133046
0.0131709
0.0142164
0.0132396
0.0134432
0.0122859
0.0119356
0.0134623
0.0121433
0.0125214
0.0118589
0.0125567
0.0145312
0.0131339
0.0105666
0.0119995
0.00949571
0.0120303
0.0118837
0.0121985
0.00887023
0.00882481
0.011929
0.013915
0.0136763
0.0101025
0.0138784
0.0134075
0.0145952
0.0148353
0.00969217
0.0106647
0.00990417
0.0132846
0.0147759
0.0141148
0.00945824
0.0135723
0.00999223
0.0106505
0.0115512
0.0156044
0.0168586
0.00828985
0.0128631
0.0150208
0.0120553
0.0148181
0.0105751
0.0153479
0.0100419
0.01357
0.0132179
0.0138777
0.0144272
0.0154669
0.0146624
0.0118931
0.012479
0.0169161
0.0125403
0.0202514
0.0125752
0.0130874
0.0120742
0.01029
0.0114888
0.0137182
0.00921988
0.012381
0.012521
0.0132588
0.011618
0.0119136
0.011598
0.010242
0.0130279
0.0112835
0.0128252
0.0119994
0.0121046
0.0102172
0.0142166
0.0179745
0.00969799
0.0138475
0.0120673
0.0134102
0.0113223
0.00856771
0.0114559
0.0121076
0.0111377
0.0122915
0.0124231
0.013992
0.00824896
0.0090817
0.0134229
0.010911
0.014292
0.0138979
0.0136032
0.0170165
0.0120435
0.0132042
0.0135569
0.0129896
0.0257288
0.00840291
0.0133287
0.0122087
0.0107849
0.0169194
0.0114996
0.016489
0.0145894
0.0105035
0.0127349
0.0137072
0.0145249
0.0117425
0.0103179
0.0120476
0.0114629
0.0122204
0.0113671
0.0116637
0.0109752
0.00891834
0.0132151
0.0143256
0.0130072
0.0121574
0.00935496
0.0131268
0.0138678
0.00939654
0.0136469
0.0123161
0.0121023
0.0147219
0.0179511
0.0129991
0.0110892
0.0101314
0.0103162
0.0158194
0.0110852
0.0116545
0.0121463
0.0095578
0.0122282
0.0141821
0.0170638
0.0147083
0.0132264
0.0139251
0.00726366
0.0122554
0.0136342
0.0123761
0.0120176
0.0154639
0.0121057
0.0157774
0.0124429
0.0109415
0.0132732
0.0161416
0.0104165
0.0133209
0.0120307
0.0129251
0.0126118
0.013157
0.0125154
0.0109933
0.0118774
0.00807638
0.0108343
0.00979665
0.010615
0.0135819
0.010927
0.00983538
0.0135847
0.0123298
0.011916
0.0130419
0.0134808
0.01413
0.0139673
0.0133789
0.013971
0.0139304
0.0163812
0.0129865
0.0113911
0.0155062
0.0128194
0.01484
0.00994552
0.0133492
0.0127034
0.0113982
0.0110618
0.0145812
0.0136279
0.0132871
0.0141401
0.00751124
0.0127649
0.0159592
0.0133582
0.0143971
0.0125659
0.015309
0.0130827
0.0135391
0.0122086
0.0197938
0.0130491
0.0128918
0.0147695
0.0124571
0.0155413
0.0126917
0.0146039
0.0156115
0.00984607
0.00987431
0.0108838
0.0108579
0.0146063
0.0108983
0.0133113
0.0101003
0.0119699
0.0155785
0.0131957
0.0140363
0.0101463
0.0116288
0.0145419
0.0122968
0.0129413
0.0136337
0.00997812
0.0127284
0.0138727
0.0122613
0.0123106
0.0152514
0.0133313
0.014295
0.0121935
0.0138314
0.0134984
0.0114682
0.0108955
0.0151024
0.0155554
0.0145675
0.0139743
0.0158719
0.0133938
0.00930212
0.0126873
0.014062
0.0137364
0.0139077
0.0130017
0.0132615
0.0141663
0.0129205
0.0170325
0.0128996
0.0132837
0.015818
0.0147656
0.0127999
0.0153924
0.0144833
0.0066976
0.0111114
0.0137706
0.00810604
0.010295
0.0117833
0.0131893
0.0156393
0.013707
0.0123792
0.0139805
0.0126997
0.0154555
0.0125572
0.0164145
0.0125115
0.015323
0.0100765
0.0117251
0.0124756
0.0110888
0.00965507
0.0085427
0.0122732
0.0134956
0.017891
0.00987944
0.012581
0.0076347
0.0128997
0.0149878
0.0102173
0.0130949
0.0133718
0.00971789
0.0137947
0.0143696
0.0154597
0.0205056
0.0124296
0.0132859
0.0133456
0.0135862
0.0133927
0.0162647
0.0130045
0.0118092
0.0121064
0.0124992
0.0124907
0.0129459
0.0129454
0.0153743
0.00643156
0.0139278
0.0136012
0.0147945
0.0149018
0.0135806
0.013171
0.0101736
0.00910687
0.0135846
0.0159699
0.0134175
0.0178428
0.0128335
0.0131854
0.0119472
0.0140954
0.00671736
0.00893617
0.0124334
0.0165445
0.0139204
0.0123936
0.00974485
0.015158
0.0141294
0.0167674
0.0122664
0.012905
0.0135301
0.00943448
0.0141807
0.0156203
0.0141117
0.0144515
0.0139181
0.0134901
0.0132991
0.0124299
0.0175362
0.0131917
0.0132398
0.0178047
0.0125958
0.0132215
0.0102796
0.0101992
0.0130705
0.0144326
0.012079
0.0135907
0.0140314
0.0122496
0.00998343
0.0103995
0.0123509
0.0165061
0.0157006
0.0142097
0.0124674
0.0141099
0.0138219
0.0175328
0.0140934
0.0155853
0.0140762
0.0146103
0.0125548
0.015829
0.0152222
0.0114387
0.0179178
0.0168785
0.0128257
0.0104568
0.016501
0.0113353
0.012669
0.0133517
0.0168707
0.0103437
0.0141645
0.0130521
0.0149522
0.0124237
0.0121479
0.0115392
0.0122832
0.0120921
0.0148904
0.0117592
0.0161226
0.00987069
0.011651
0.0113166
0.0112134
0.0116424
0.0118513
0.013723
0.0126231
0.0123534
0.0160298
0.0140974
0.01377
0.0109326
0.00977909
0.0140227
0.0133775
0.0151021
0.0130339
0.0189917
0.0138169
0.0147726
0.0116509
0.0128695
0.0117505
0.010497
0.0154544
0.0179149
0.0135648
0.0140837
0.0157148
0.0152406
0.0118031
0.0123949
0.0125503
0.0115893
0.0116191
0.0137146
0.0116171
0.0135692
0.00829275
0.0122345
0.0152147
0.0182785
0.013861
0.0134219
0.0100728
0.0161686
0.0103846
0.0118935
0.0113489
0.0144032
0.0149936
0.0094147
0.0118438
0.0159961
0.00945066
0.0129595
0.0134575
0.0140247
0.0158056
0.0130314
0.0149446
0.0105174
0.0159997
0.0128534
0.0142748
0.0125697
0.0123054
0.0143073
0.0155256
0.015285
0.0135888
0.0146547
0.0169179
0.0114194
0.0147591
0.012063
0.0174822
0.0121191
0.0122238
0.0121393
0.0161642
0.0118031
0.0122193
0.011191
0.0111513
0.0146669
0.0125851
0.0131027
0.0157629
0.0156398
0.0139281
0.00957884
0.00845216
0.0182524
0.0145059
0.0096977
0.0131732
0.00931963
0.0122081
