0.00482124
0.00240767
0.00348373
0.00260155
0.00566533
0.00393141
0.00369298
0.00302852
0.00673031
0.00822531
0.00524439
0.00460913
0.00553494
0.00822588
0.00493189
0.00750492
0.0100228
0.00532766
0.00662099
0.0101776
0.00729208
0.00500438
0.00689533
0.00740266
0.00792672
0.0101067
0.014568
0.00598555
0.00871391
0.0128622
0.00932901
0.00895862
0.011764
0.00765154
0.00707776
0.0129996
0.0108369
0.00738774
0.00727959
0.00852466
0.00538761
0.00645926
0.00991557
0.0140925
0.0118128
0.0106143
0.00818595
0.00817404
0.00828474
0.00713428
0.00971946
0.0129079
0.0102809
0.00974836
0.0126578
0.011054
0.0105507
0.0100204
0.0100239
0.010264
0.0100816
0.00655636
0.00663665
0.0100733
0.00833969
0.00795148
0.00785172
0.00930021
0.0102492
0.0099445
0.0103046
0.0103851
0.0110255
0.00682006
0.00655819
0.0100231
0.0100455
0.0094217
0.00818769
0.00788873
0.00802931
0.0100682
0.0104186
0.0106509
0.00828201
0.0113424
0.00858956
0.0106231
0.0127629
0.0102395
0.0103817
0.00774189
0.00752393
0.00965679
0.0116383
0.0038315
0.0124892
0.0130955
0.00927616
0.0130773
0.00878272
0.0039129
0.00742256
0.00969064
0.010007
0.00852271
0.015443
0.0153313
0.00963216
0.0118875
0.00882354
0.00812638
0.00722438
0.00684894
0.0119057
0.0135756
0.01083
0.010526
0.00819743
0.00853384
0.00749602
0.0068126
0.011009
0.011009
0.0105625
0.0105625
0.00929697
0.0101481
0.0149084
0.00912468
0.0115228
0.0110722
0.0108962
0.0110907
0.0101628
0.00960926
0.0131524
0.00803985
0.0100179
0.00913225
0.0143325
0.012726
0.00772451
0.00618598
0.00542445
0.00582595
0.00882519
0.00391818
0.013353
0.00950392
0.0155172
0.0142061
0.012932
0.00396114
0.0079999
0.00356742
0.0127886
0.00942187
0.0149919
0.0142335
0.0134993
0.00410502
0.0104446
0.00398683
0.0134006
0.00472063
0.0107294
0.00949113
0.00825832
0.0121365
0.0130165
0.013629
0.00968685
0.00938974
0.0121274
0.0112674
0.00815912
0.0103115
0.0122965
0.0100474
0.00803388
0.00815854
0.0123232
0.0136217
0.0115897
0.0100733
0.00833969
0.0103046
0.009945
0.0113894
0.0091012
0.0117326
0.00816065
0.0102624
0.0131394
0.0111992
0.0103351
0.00872252
0.0110774
0.00862925
0.00893003
0.0147003
0.014517
0.0126946
0.0109421
0.00780482
0.00685815
0.00793077
0.00727485
0.0120256
0.00461338
0.0103612
0.00397789
0.0130516
0.00396781
0.0145384
0.0151438
0.00964868
0.0135796
0.00833435
0.00365234
0.00771836
0.00842165
0.0104835
0.0127206
0.010263
0.0106356
0.0086487
0.00841095
0.0147613
0.0160486
0.00861855
0.00944357
0.016888
0.011649
0.0103018
0.0104161
0.0114207
0.011222
0.00922665
0.00951354
0.0136843
0.0126373
0.0149932
0.0127481
0.0109787
0.0102308
0.00822729
0.00802512
0.0145563
0.0146072
0.0130376
0.016042
0.00850826
0.00839347
0.010446
0.00987253
0.0125415
0.0092968
0.00785416
0.00652307
0.00990706
0.0124359
0.010977
0.0108054
0.00763375
0.00874337
0.00977913
0.00632327
0.0134851
0.00989856
0.0111267
0.0107155
0.00829149
0.00880488
0.00885676
0.00946081
0.0114507
0.0145644
0.00945378
0.00847563
0.0151484
0.0141175
0.0087278
0.00867957
0.0106355
0.0102628
0.0127204
0.0104835
0.00842144
0.00771828
0.00996097
0.0103965
0.0103478
0.0102164
0.00851514
0.00824556
0.00815475
0.0106402
0.00838423
0.0104349
0.0128577
0.0131327
0.00834558
0.0103886
0.00985046
0.0123353
0.0102791
0.0104951
0.0103807
0.0112913
0.011422
0.00841552
0.00888885
0.0102321
0.013064
0.0111985
0.0112083
0.0106474
0.0106641
0.00978076
0.00978023
0.00708004
0.0108578
0.0123174
0.0107686
0.0104201
0.0110248
0.0103816
0.0103816
0.00995843
0.0127005
0.00810368
0.0112306
0.0110266
0.0110567
0.0107393
0.0107393
0.0125637
0.0091355
0.00855548
0.0109291
0.00955336
0.0113106
0.0103691
0.0108054
0.00955201
0.00735076
0.00719992
0.00830606
0.0119535
0.0124929
0.00790317
0.00946308
0.0111234
0.0128903
0.00798465
0.00954888
0.0106679
0.00815481
0.00824561
0.00851521
0.0102413
0.0103038
0.00985633
0.00948828
0.0114881
0.0110933
0.0104344
0.0103856
0.00987252
0.0104461
0.0100786
0.0104611
0.0130567
0.0128192
0.0104714
0.0107862
0.0130842
0.0121813
0.0103656
0.0104623
0.0104571
0.00970108
0.00985885
0.0103871
0.0118526
0.0121712
0.0101918
0.010725
0.00966258
0.0118343
0.00971435
0.0103275
0.0117681
0.0117679
0.0103816
0.0103821
0.00776631
0.0108174
0.00993488
0.00883692
0.0117523
0.0117523
0.0107393
0.0107393
0.0112301
0.0112405
0.0104682
0.0101283
0.0122399
0.0116461
0.0107393
0.0107393
0.0111118
0.0136291
0.0104271
0.0104363
0.0142904
0.0138381
0.0108054
0.0108054
0.0113146
0.00991578
0.00945726
0.00899443
0.014236
0.0103353
0.009596
0.0101959
0.0110196
0.0111973
0.00996223
0.0100573
0.012234
0.0102945
0.0109197
0.00987252
0.0104455
0.01045
0.0101959
0.0102952
0.0112187
0.0114389
0.0108466
0.0107476
0.0107393
0.0108055
0.0108055
0.010196
0.0104943
0.0113616
0.0142492
0.0102318
0.0103275
0.00960989
0.0125631
0.010196
0.00991589
0.00873596
0.0100666
0.0100547
0.00997753
0.0110772
0.0118528
0.0118528
0.0108054
0.010806
0.0101085
0.011152
0.00762048
0.0108166
0.0117682
0.0117679
0.0107399
0.0107399
0.0135077
0.0144199
0.00672446
0.00535711
0.0117521
0.0117521
0.0107393
0.0107393
0.0131475
0.0102578
0.0115264
0.00843162
0.0120408
0.0121366
0.0103816
0.0103816
0.00846927
0.00961874
0.0122354
0.0121204
0.0123752
0.0123749
0.0107256
0.0101919
0.00878486
0.00762519
0.0098136
0.00936781
0.0100494
0.0120971
0.0126763
0.0104628
0.0103663
0.0122585
0.0120032
0.0104713
0.0106261
0.00966933
0.0092614
0.0116375
0.0110418
0.0110512
0.010509
0.0108055
0.0101089
0.010488
0.0118075
0.011214
0.0109079
0.010744
0.0107399
0.0107399
0.0108061
0.0110846
0.0104943
0.0113926
0.0111539
0.0130055
0.00852839
0.0109848
0.0129539
0.0103595
0.00973228
0.0076493
0.0109809
0.0131786
0.0103436
0.00830728
0.00872369
0.00852742
0.0123594
0.0123594
0.010806
0.0108278
0.0134506
0.011355
0.0083357
0.00954776
0.0123006
0.0123003
0.0107405
0.0107405
0.00875503
0.0118302
0.00807751
0.00613986
0.0122854
0.0122854
0.0107399
0.0107399
0.00964624
0.0125759
0.0137401
0.00885475
0.0123033
0.0123033
0.00980908
0.0103864
0.0147066
0.0107648
0.0137189
0.00749818
0.0125549
0.0125545
0.0084976
0.00822544
0.0118908
0.00785374
0.0072514
0.00636365
0.00670578
0.00736314
0.0126681
0.0118555
0.0116686
0.00900333
0.0137998
0.0133488
0.0122351
0.0125684
0.012273
0.00843078
0.0086306
0.00818831
0.00981404
0.0102743
0.00930001
0.0101599
0.0101346
0.0106326
0.0112485
0.0115586
0.0108477
0.0107482
0.0107393
0.0107393
0.0107393
0.0108256
0.0105685
0.011025
0.00874568
0.0112756
0.01432
0.00705086
0.00691395
0.00961024
0.0121638
0.00833622
0.00934249
0.00983558
0.0167751
0.0135379
0.0146681
0.00981273
0.00865339
0.00857973
0.0118534
0.0118529
0.0111124
0.0127322
0.00836264
0.0114301
0.00927593
0.0079557
0.0117681
0.0117679
0.010806
0.0113941
0.00872301
0.00896768
0.0125722
0.0117333
0.0117521
0.0117521
0.0108054
0.0108054
0.00942025
0.0120225
0.0137777
0.0106856
0.0117641
0.0117641
0.010292
0.01083
0.0101665
0.0113674
0.00741963
0.00765891
0.0119541
0.0119543
0.00784446
0.0101927
0.00831314
0.0119707
0.0133546
0.0117832
0.00845818
0.00811358
0.00649806
0.011855
0.0126677
0.0124172
0.00924373
0.0124772
0.0130657
0.0128808
0.00993389
0.0100948
0.00944693
0.0115033
0.0106352
0.0101005
0.0102743
0.009814
0.00784023
0.00774693
0.00779396
0.0101482
0.0118063
0.0112134
0.0109085
0.010744
0.0107393
0.0107393
0.0107393
0.0107476
0.0101818
0.010224
0.00848076
0.011154
0.0130048
0.0124417
0.00869621
0.0101386
0.00988831
0.00999719
0.0129538
0.0103596
0.0138286
0.0128068
0.00855228
0.00987642
0.0140107
0.0147272
0.00959381
0.0123598
0.0123594
0.0128123
0.0105046
0.011756
0.00940159
0.00830767
0.00996028
0.0123006
0.0123006
0.0112728
0.0114119
0.0113993
0.0110802
0.0123639
0.0102471
0.0122854
0.0122854
0.0110012
0.0110018
0.0117173
0.0112206
0.00893463
0.0111335
0.0123033
0.0123033
0.011349
0.0112777
0.0131567
0.0103749
0.00644407
0.0064131
0.0125544
0.0125546
0.01107
0.0114904
0.0123399
0.00845456
0.0113834
0.0116832
0.00997441
0.0112789
0.00886814
0.00810569
0.0126672
0.011855
0.0114739
0.0115667
0.0137997
0.0133487
0.0115546
0.0102014
0.012273
0.00843077
0.00863061
0.00818824
0.0101551
0.0106495
0.0110506
0.0110418
0.0111263
0.00886444
0.00915029
0.0112485
0.011558
0.0108472
0.0107482
0.0107393
0.0107393
0.0107393
0.0107435
0.0107931
0.0104185
0.0111678
0.0112756
0.01432
0.0143398
0.0135708
0.00975488
0.00855376
0.00820152
0.00808671
0.0104954
0.0096098
0.0121636
0.011748
0.0134615
0.00974481
0.0118671
0.01264
0.0123332
0.011853
0.0118532
0.00940674
0.00978182
0.00869213
0.0106791
0.0113808
0.0124879
0.0117684
0.0117684
0.0112395
0.0106769
0.0108235
0.0105488
0.0105975
0.0110092
0.0117527
0.0117527
0.011321
0.011321
0.0106773
0.00912701
0.00986289
0.0101312
0.0117646
0.0117646
0.0117256
0.0112165
0.010954
0.0149507
0.00812237
0.00894423
0.0119546
0.0119542
0.0137699
0.0133154
0.015426
0.0135996
0.00829412
0.00813194
0.00850638
0.00823479
0.0118551
0.0126672
0.0133935
0.0102183
0.00952378
0.00925269
0.00922422
0.0124767
0.0130663
0.0109312
0.010914
0.0100954
0.00944695
0.0115033
0.0106352
0.0101005
0.0100239
0.0100239
0.00987258
0.0109192
0.010295
0.0117549
0.0118069
0.0112134
0.0109085
0.010744
0.0107393
0.0107393
0.0107393
0.0107393
0.0107766
0.0109242
0.0108745
0.0112051
0.011154
0.0130055
0.00907228
0.0112524
0.0106382
0.0103869
0.00985699
0.0103856
0.00998956
0.010443
0.0129538
0.0103596
0.0103826
0.0085603
0.00885382
0.0109722
0.0104073
0.0107165
0.0123598
0.0123594
0.0109532
0.0110075
0.00842262
0.0104236
0.0105403
0.0105403
0.0123006
0.0123006
0.0109621
0.0108363
0.010869
0.0110893
0.0108261
0.0111525
0.0122855
0.0122855
0.0113208
0.0113201
0.00903988
0.0111673
0.00998251
0.010509
0.0123033
0.0123033
0.0108559
0.0109477
0.011954
0.0124934
0.00936752
0.00954892
0.0125545
0.0125545
0.0112989
0.00915548
0.0111229
0.0128903
0.0096745
0.00942277
0.00874042
0.0126677
0.0118551
0.0120295
0.0116558
0.0106683
0.0080758
0.00820151
0.00818674
0.00931937
0.0137999
0.0133487
0.0106197
0.0122864
0.0122737
0.00843176
0.00863117
0.00818871
0.0101557
0.0106495
0.0106495
0.0101551
0.00818829
0.00822449
0.00815361
0.0103932
0.0112479
0.0115574
0.0108466
0.0107482
0.0107399
0.0107393
0.0107393
0.0107393
0.0107476
0.0108916
0.0115163
0.0107394
0.0112762
0.0143199
0.0135977
0.0100943
0.0114881
0.0110933
0.01076
0.0107765
0.0101959
0.0104943
0.00960958
0.0121638
0.0111524
0.00869157
0.0130567
0.0128196
0.0102313
0.0103275
0.0118529
0.0120291
0.0111057
0.0109
0.012877
0.0121811
0.0101954
0.00991535
0.011892
0.0122026
0.0113254
0.0113254
0.011819
0.0118968
0.0104065
0.0104499
0.0121434
0.0122891
0.0113209
0.0113209
0.0131971
0.0133074
0.0104619
0.0101924
0.0123033
0.012802
0.0107593
0.0113279
0.0136644
0.0106042
0.00978737
0.00989028
0.0127099
0.0125813
0.00884728
0.0106981
0.0114497
0.0111966
0.0105469
0.0106917
0.0118984
0.0126675
0.0131659
0.0105834
0.0122342
0.0102948
0.0105673
0.00983648
0.00984242
0.0102091
0.0124769
0.0130666
0.0130549
0.0132751
0.0100951
0.0094464
0.0115033
0.0106352
0.0100999
0.0100233
0.0100238
0.0101005
0.0106352
0.0115032
0.00944654
0.0100671
0.0118627
0.0111374
0.010908
0.0107441
0.0107399
0.0107393
0.0107393
0.0107393
0.0107435
0.0109079
0.011214
0.0118075
0.0115846
0.0131854
0.0111538
0.0130049
0.0107235
0.0114045
0.0108921
0.0107807
0.0110846
0.0104943
0.0117338
0.0146258
0.0108435
0.012718
0.0103592
0.0102113
0.0135565
0.00870397
0.0112466
0.0134515
0.0134449
0.0118744
0.0122244
0.0086926
0.0115439
0.00956722
0.00742643
0.0127759
0.0129629
0.0117565
0.011892
0.0110927
0.0109401
0.00991853
0.0100695
0.0134269
0.0127473
0.0117521
0.0117521
0.0110719
0.00917958
0.00851523
0.00824618
0.0153337
0.0134385
0.0117646
0.0117641
0.0109184
0.0132866
0.0112653
0.0090707
0.011385
0.0145217
0.0115168
0.0119545
0.0130564
0.0120112
0.012214
0.0123114
0.0104159
0.0120516
0.0120117
0.0120167
0.00964727
0.00899483
0.0112095
0.00948126
0.0103114
0.00986715
0.0107218
0.0149938
0.0136384
0.0142583
0.0133493
0.0127096
0.00843165
0.00863116
0.00818824
0.0101551
0.0106495
0.0106495
0.0101551
0.00818826
0.0086306
0.00843078
0.0122735
0.0114866
0.0115302
0.0107807
0.0107482
0.0107399
0.0107393
0.0107393
0.0107393
0.0107476
0.0108466
0.0115579
0.011249
0.014086
0.0151309
0.0139987
0.0114929
0.0109833
0.0107798
0.0109247
0.0107771
0.0108256
0.0105684
0.011075
0.00874589
0.0116395
0.0155405
0.012476
0.00967844
0.0088533
0.0109722
0.00882356
0.00867876
0.0132001
0.0127093
0.011853
0.0120292
0.00842215
0.0104236
0.00896276
0.00802605
0.0131063
0.0131063
0.0117681
0.0117681
0.010869
0.0110893
0.0106331
0.010359
0.0137291
0.0133927
0.011377
0.0113603
0.00903988
0.0111674
0.00826421
0.0107816
0.014415
0.0150821
0.0121468
0.0113983
0.0117839
0.012198
0.0125894
0.00969828
0.0122027
0.0089667
0.0127748
0.012699
0.0109282
0.0122858
0.0125039
0.00921102
0.00941852
0.0120138
0.0134816
0.0125778
0.0103925
0.00815362
0.00801132
0.00769368
0.00735429
0.00754557
0.00715603
0.00953887
0.0162459
0.0158624
0.0125165
0.0127541
0.0119991
0.0100049
0.0117584
0.0106346
0.0100999
0.0100233
0.0100238
0.010101
0.0106352
0.0112632
0.00913648
0.00981773
0.0109135
0.0116308
0.0109243
0.0108137
0.0107399
0.0107405
0.0107405
0.0107399
0.0107399
0.010744
0.0109898
0.0112477
0.0112454
0.0102044
0.0125427
0.0107135
0.0125139
0.0114876
0.0110939
0.0107942
0.010744
0.0101823
0.00991765
0.00810765
0.0100426
0.0107911
0.0132016
0.00993723
0.0130566
0.0128196
0.0110605
0.0093702
0.0125668
0.0130394
0.0127008
0.0125403
0.0128768
0.0121811
0.0107534
0.0128439
0.0124656
0.0130314
0.0123003
0.0126425
0.0118185
0.0118968
0.0118985
0.0118948
0.0132171
0.0126835
0.0113752
0.011883
0.0131971
0.0133068
0.0131979
0.0138461
0.0123886
0.0106177
0.0101464
0.00983293
0.0136641
0.010604
0.0127785
0.00944585
0.013913
0.0144774
0.0165059
0.0125034
0.0114501
0.0111971
0.00890117
0.0079293
0.0155284
0.0154288
0.0170625
0.0127051
0.0122343
0.0102949
0.0110867
0.0100769
0.0105237
0.00819993
0.0081292
0.0124115
0.0146081
0.0116114
0.0115572
0.00940306
0.0089419
0.0093386
0.0084155
0.0085848
0.00981346
0.0102738
0.00978077
0.00978079
0.00802519
0.00861979
0.0080831
0.0115463
0.0113162
0.0111721
0.0109898
0.010744
0.0107399
0.0107393
0.0107399
0.0107399
0.0107393
0.0108137
0.0109243
0.0116305
0.0109135
0.0111518
0.0126983
0.0125431
0.0102046
0.0107326
0.0114395
0.0108471
0.0107434
0.010793
0.00985297
0.0104403
0.0149069
0.0104112
0.0100425
0.0107909
0.0107792
0.0140432
0.0124851
0.0116633
0.0138484
0.0136495
0.0130399
0.0123699
0.00896469
0.0121247
0.0124435
0.0125804
0.0127759
0.0133686
0.0124903
0.0123184
0.0114157
0.0108786
0.0117582
0.0119695
0.0124863
0.0123201
0.0120767
0.0127306
0.0108043
0.00832345
0.0139054
0.0114829
0.0127936
0.0108673
0.00945918
0.011795
0.00988296
0.0130099
0.0095753
0.0121642
0.0154397
0.0151696
0.0140681
0.0125231
0.0130855
0.0120116
0.00923579
0.0115179
0.0143296
0.0133086
0.0158043
0.0152051
0.00964727
0.00926144
0.011637
0.0110494
0.0115076
0.0106275
0.0116251
0.0126913
0.0118069
0.0146082
0.0124115
0.0119503
0.0080831
0.00861979
0.00802519
0.00978023
0.00978074
0.0102743
0.00981346
0.00858479
0.00841605
0.00933915
0.0089419
0.00940306
0.0114877
0.0115307
0.0107808
0.0107476
0.0107393
0.0107393
0.0107393
0.0107399
0.0107482
0.0107807
0.0115303
0.0114864
0.0142702
0.014766
0.0147656
0.0142713
0.011157
0.0108826
0.0112598
0.0105408
0.0104238
0.00991303
0.00981587
0.0101694
0.0117554
0.0159003
0.0159
0.0117546
0.0104206
0.0121689
0.0104094
0.0105629
0.0132002
0.0129094
0.0132008
0.0129093
0.0098826
0.0116292
0.0106718
0.0105901
0.0131063
0.0131062
0.0131063
0.0131063
0.0111495
0.0103397
0.0107513
0.0108197
0.0133248
0.0129539
0.0133253
0.0129539
0.00843521
0.00907675
0.0112699
0.0102425
0.0147043
0.0147126
0.0147038
0.0147131
0.00967928
0.0127527
0.0111922
0.0107608
0.0127189
0.0100643
0.0127185
0.0100637
0.0128484
0.0126063
0.0108586
0.0108449
0.0104322
0.0130196
0.0130202
0.0104321
0.0107822
0.0081536
0.00822445
0.00818826
0.00993156
0.0106421
0.0101086
0.0109226
0.0166685
0.0152567
0.0152565
0.0166692
0.0116444
0.00967485
0.0115203
0.0106352
0.0101011
0.0100238
0.0100227
0.0101005
0.0106352
0.0115204
0.00967482
0.0116443
0.010914
0.0116318
0.0109243
0.0108137
0.0107393
0.0107393
0.0107393
0.0107393
0.0107399
0.010744
0.0109893
0.0111718
0.0113167
0.0102041
0.0125418
0.0111516
0.0126985
0.0100904
0.0126184
0.0120531
0.0104683
0.00838377
0.00829525
0.00831479
0.00969438
0.0105958
0.010244
0.0107911
0.0149069
0.0104108
0.0102217
0.0116424
0.0102318
0.010327
0.0129234
0.0132004
0.0138485
0.0136496
0.0126731
0.0110821
0.0101952
0.00991565
0.0127762
0.0131605
0.0127766
0.0133678
0.0111931
0.0111317
0.00986942
0.0104201
0.0133894
0.0126833
0.0124863
0.0123215
0.0109682
0.0139031
0.00849864
0.00822647
0.0123889
0.010072
0.0127938
0.0108674
0.0124864
0.00996708
0.0119572
0.0092392
0.0133159
0.0143841
0.0154392
0.0151698
0.00963357
0.0123009
0.0123624
0.0124799
0.0163407
0.0157212
0.014329
0.013308
0.0118528
0.0105043
0.0109197
0.00987257
0.00943447
0.00979192
0.00958687
0.0105204
0.0124113
0.0146074
0.0126907
0.0118068
0.00940305
0.00894144
0.00933914
0.00841602
0.0085849
0.00981348
0.0102743
0.00978075
0.00978075
0.00802522
0.00862034
0.0080836
0.0119505
0.0113168
0.0111721
0.0109892
0.0107435
0.0107393
0.0107393
0.0107393
0.0107393
0.0107399
0.0108143
0.0109243
0.0116305
0.0109134
0.0113422
0.0131367
0.0125425
0.0102041
0.0116244
0.0108374
0.0132381
0.0111334
0.0136746
0.0102346
0.00970752
0.0125318
0.0105563
0.0117393
0.0153576
0.010673
0.010042
0.0107905
0.0120946
0.0102214
0.00853721
0.011066
0.0145158
0.0140472
0.0130396
0.0125677
0.0111656
0.0117072
0.00956705
0.0074263
0.0136583
0.0138713
0.0130305
0.0124664
0.0121713
0.0116981
0.0103439
0.0103676
0.0127018
0.0131661
0.0126838
0.0132168
0.0132924
0.0138162
0.00811469
0.0104451
0.0113892
0.0109881
0.0106175
0.0123881
0.0129304
0.00972816
0.0141259
0.0096598
0.0183456
0.0140247
0.0144774
0.0139125
0.00831498
0.00936191
0.0143554
0.008841
0.0196399
0.0143232
0.015529
0.0154287
0.00893526
0.00957488
0.011207
0.011202
0.0106747
0.00899375
0.00918913
0.00772099
0.00826668
0.0133966
0.0118062
0.0146078
0.0124118
0.0119503
0.00808357
0.00861932
0.00802468
0.0097802
0.00978074
0.0102743
0.00981345
0.00858479
0.00841597
0.00933915
0.00894139
0.00940257
0.011691
0.0115307
0.0107807
0.0107476
0.0107393
0.0107393
0.0107393
0.0107393
0.0107476
0.0107813
0.0115314
0.0114869
0.00808474
0.0092742
0.0128789
0.0155943
0.0153183
0.0147657
0.0142712
0.00937263
0.00975836
0.0160199
0.0159043
0.0131883
0.00929363
0.0094927
0.00909743
0.0149667
0.0173239
0.0159003
0.0117551
0.00846904
0.0103483
0.00860038
0.0100891
0.0148079
0.0152398
0.0132004
0.0129098
0.0106703
0.0111044
0.00853887
0.00802584
0.014419
0.014419
0.0131063
0.0131059
0.0115904
0.0111201
0.0110435
0.0103385
0.0140224
0.0138908
0.0133253
0.0129539
0.0110462
0.00860803
0.0114882
0.0113614
0.0148776
0.014065
0.0147039
0.0147131
0.0104975
0.0133099
0.0127111
0.010951
0.0157998
0.0156716
0.0127186
0.010064
0.0139842
0.00996246
0.00979341
0.0100324
0.0163713
0.0157453
0.0130202
0.0104318
0.00996841
0.00802671
0.00993809
0.00979824
0.0128195
0.0105386
0.00852428
0.00773429
0.0080302
0.00841152
0.0170835
0.0161133
0.0152561
0.0166691
0.011878
0.00967475
0.0115209
0.0106357
0.0101005
0.0100239
0.0100238
0.0101005
0.0106352
0.0115209
0.00967496
0.0116444
0.0119782
0.0118808
0.0108431
0.0108137
0.0107393
0.0107393
0.0107393
0.0107393
0.0107393
0.0107434
0.0109898
0.0111729
0.0113168
0.00989981
0.0105194
0.0121277
0.00959235
0.0107496
0.0139713
0.0142254
0.0111514
0.0126979
0.0083834
0.0104342
0.0142245
0.0141142
0.0107574
0.00936686
0.0108605
0.0156379
0.0153377
0.0149065
0.0104112
0.00823784
0.0104241
0.00924382
0.00916777
0.0156727
0.0157997
0.0138485
0.0136492
0.0112403
0.0116413
0.0101027
0.00985293
0.0140642
0.0148788
0.0127761
0.0133677
0.0108555
0.0104077
0.0117887
0.0112093
0.0138915
0.0140224
0.0124863
0.012321
0.00868084
0.00896084
0.0130767
0.0134431
0.0144182
0.0144182
0.0127939
0.0108674
0.0100007
0.0133488
0.010086
0.00726003
0.0152405
0.014808
0.0154397
0.0151698
0.0136478
0.0144457
0.010164
0.00725359
0.0156535
0.0160304
0.0143299
0.0133079
0.0129641
0.0109697
0.011045
0.00978556
0.0115514
0.0108383
0.0124302
0.0120591
0.00918469
0.00932012
0.01769
0.0170286
0.0126901
0.0118067
0.011687
0.0095735
0.00951015
0.00841557
0.00858479
0.00981401
0.0102743
0.00978022
0.00978022
0.00802469
0.00861931
0.00808356
0.0119509
0.0120532
0.011873
0.0108718
0.0108718
0.0107393
0.0107393
0.0107393
0.0107393
0.0107393
0.0107393
0.0108718
0.0109533
0.0116164
0.0107833
0.0112253
0.010538
0.00817727
0.00860533
0.00897172
0.0129625
0.0137581
0.0137303
0.0121956
0.0100428
0.0130566
0.0128192
0.0152611
0.0150904
0.010623
0.00764671
0.0189792
0.0139795
0.0154638
0.0100424
0.0104852
0.0128774
0.0121813
0.00879867
0.00740973
0.0133152
0.0140243
0.0183469
0.01304
0.0125673
0.0114347
0.0120689
0.00992153
0.00931981
0.0123884
0.010072
0.0109884
0.011389
0.0130307
0.0124659
0.010982
0.0110475
0.0114596
0.0109038
0.0133906
0.0126835
0.0131668
0.0127029
0.0126846
0.0132172
0.0114214
0.0107265
0.0136835
0.0117396
0.012776
0.0131603
0.0138709
0.0136575
0.010617
0.0123889
0.0116994
0.0119591
0.00934287
0.0121568
0.0129238
0.0140478
0.014517
0.0144773
0.0139119
0.0124723
0.012157
0.00950331
0.0129992
0.0161624
0.0114804
0.0178204
0.0156738
0.0155773
0.0146883
0.0137422
0.00949779
0.00900711
0.010972
0.0127313
0.0190227
0.0174783
0.0151583
0.0124485
0.0130535
0.0106862
0.0107038
0.00824252
0.011562
0.00947281
0.00947282
0.00838337
0.00838375
0.00942264
0.00942164
0.00942162
0.00942263
0.00838372
0.00838327
0.0093049
0.00886312
0.00950916
0.013274
0.0123588
0.0111152
0.0108718
0.0107405
0.0107399
0.0107399
0.0107399
0.0107399
0.0107399
0.0108718
0.0108718
0.0118727
0.0116695
0.010724
0.0110365
0.0105275
0.0100794
0.0106352
0.0120868
0.00959709
0.0101282
0.0094875
0.0115543
0.00903317
0.0148429
0.0132825
0.01265
0.0102113
0.0135568
0.0125234
0.0126367
0.0088189
0.00953551
0.0152945
0.015489
0.0139981
0.0119052
0.00856258
0.0115435
0.00765596
0.00976713
0.0126114
0.00955921
0.0143837
0.0138537
0.0131151
0.0108193
0.0107881
0.00951029
0.00973157
0.01584
0.0150017
0.0138202
0.0138195
0.0110744
0.0110019
0.0107942
0.0107446
0.0141248
0.0144216
0.0144203
0.0141248
0.0110045
0.0104432
0.0117616
0.0106895
0.0138195
0.0138195
0.0150022
0.0158394
0.010344
0.00798974
0.0134605
0.0123079
0.0138535
0.0131154
0.0132005
0.0126117
0.00955921
0.00954374
0.0128672
0.0139413
0.0139595
0.0124945
0.0109428
0.0105915
0.0130347
0.00999075
0.0132862
0.0129563
0.0108979
0.0109312
0.0116042
0.0127505
0.0158806
0.014169
0.015927
0.0166985
0.0171613
0.0100917
0.00949608
0.0120432
0.0111124
0.0106346
0.0104139
0.0100845
0.0089516
0.00936374
0.00838337
0.00838375
0.00942208
0.00942159
0.00942213
0.00942263
0.00838375
0.00838335
0.0094728
0.00947331
0.0115137
0.00839419
0.00929016
0.0120214
0.0130922
0.0113179
0.0113598
0.0107405
0.0107405
0.0107393
0.0107393
0.0107393
0.0107393
0.0108712
0.0108712
0.0118726
0.0118726
0.0105131
0.0102934
0.0109043
0.0108054
0.0106494
0.0101551
0.00818823
0.00822446
0.00815772
0.0105196
0.0133048
0.0112801
0.0139159
0.0133077
0.00833413
0.0100953
0.0126006
0.0120321
0.0112334
0.0119865
0.0148163
0.0148163
0.00791265
0.00956191
0.0113149
0.0118808
0.0162633
0.0128907
0.0148709
0.0151324
0.0104525
0.0110515
0.0100863
0.0110086
0.0138102
0.0166585
0.014201
0.0146448
0.0109417
0.0110066
0.0107399
0.0107399
0.0129776
0.0137455
0.0148996
0.0141767
0.0106376
0.010073
0.0102981
0.0103859
0.0138709
0.0134537
0.0170281
0.0149374
0.00843479
0.00907636
0.0106105
0.00851657
0.0147993
0.0141094
0.012616
0.0160429
0.00967928
0.0125765
0.015658
0.0110555
0.0151915
0.0149967
0.0147111
0.0115667
0.0123268
0.0122933
0.00948396
0.00870748
0.00952083
0.01624
0.0159893
0.0176016
0.0167382
0.0103752
0.00815363
0.00822448
0.00818826
0.00981711
0.0103639
0.00982265
0.010093
0.0113752
0.00958143
0.0125878
0.0103729
0.00832239
0.00819571
0.00799559
0.00942209
0.0094216
0.00942213
0.00942213
0.00838386
0.00838386
0.0094728
0.0094728
0.0117372
0.0117935
0.0110776
0.0108458
0.011243
0.0110074
0.0112743
0.0107393
0.0107399
0.0107399
0.0107393
0.0107393
0.0107393
0.0108712
0.0108712
0.0118726
0.0118727
0.0109386
0.0107542
0.0108095
0.0107765
0.0103816
0.0103821
0.00987255
0.0106996
0.0102676
0.0118025
0.0130545
0.0127424
0.0139159
0.0139159
0.0107765
0.011168
0.00885656
0.0118074
0.0178581
0.0139799
0.0142048
0.015282
0.0149788
0.0101934
0.0109484
0.0100554
0.00794519
0.0133159
0.0143551
0.0185006
0.0151325
0.0154003
0.0111705
0.0106956
0.0104363
0.0108013
0.0123889
0.0100724
0.0109877
0.0118357
0.0150524
0.0148204
0.0105578
0.0106575
0.0106501
0.0101545
0.0133901
0.012684
0.0129908
0.0127016
0.0151914
0.014979
0.0106351
0.0111299
0.010504
0.0110285
0.0127755
0.0131598
0.0135065
0.0135069
0.0157778
0.0152345
0.0109676
0.0138827
0.00820938
0.00998144
0.0129233
0.0138796
0.0140871
0.0155624
0.0157221
0.0123842
0.0103069
0.00982221
0.0093077
0.0158542
0.0114809
0.0173589
0.0159938
0.0151
0.00881345
0.0107718
0.00969586
0.0109312
0.0108024
0.0182413
0.016833
0.0176012
0.0176018
0.0104835
0.0100791
0.010446
0.00987255
0.0102749
0.00980844
0.00841112
0.00837967
0.00906456
0.0113585
0.00931639
0.009461
0.00841586
0.00887562
0.010158
0.0101458
0.0100081
0.00947058
0.00942213
0.00942213
0.00838384
0.00838383
0.00947279
0.0094728
0.0117372
0.0132739
0.0123593
0.0111152
0.0108712
0.0107393
0.0107393
0.0107393
0.0107393
0.0107393
0.0107399
0.0107399
0.0107393
0.0108712
0.0108712
0.0118727
0.0118726
0.0110351
0.0104182
0.010793
0.0107435
0.0107399
0.0107399
0.0108255
0.0108496
0.0113197
0.010356
0.0094847
0.011555
0.00903405
0.0148422
0.0139159
0.0139159
0.0144285
0.0135523
0.0064682
0.00794067
0.00996345
0.0151644
0.0153487
0.0152823
0.0152825
0.0117473
0.0141915
0.00771289
0.00895826
0.0127185
0.0100634
0.0143846
0.0156041
0.0156044
0.0094066
0.00978064
0.0100789
0.0118959
0.0147138
0.0147038
0.0152345
0.0152345
0.0112399
0.0106773
0.00815773
0.00860353
0.0129539
0.0133259
0.0151885
0.0151885
0.0121004
0.0115909
0.0126317
0.00958136
0.0131056
0.0131056
0.0152345
0.0152345
0.0138713
0.0139266
0.0103521
0.0133672
0.0132009
0.01291
0.0132005
0.0156039
0.0156039
0.013181
0.00963518
0.00878521
0.0086551
0.0123243
0.0112406
0.0105916
0.0159935
0.0159935
0.0104194
0.0101038
0.0132938
0.00947121
0.0129721
0.0158809
0.0141693
0.0159266
0.0176011
0.0176012
0.0114993
0.0103973
0.0113084
0.0108054
0.0110512
0.0110424
0.0115651
0.00953051
0.0108847
0.0100835
0.00895105
0.00936328
0.00838327
0.00838326
0.0097802
0.00978074
0.0100238
0.0100233
0.00978077
0.00978076
0.00838384
0.00838384
0.0094728
0.00947282
0.0117372
0.00847201
0.00929031
0.0120219
0.0130929
0.0113179
0.0113598
0.0107393
0.0107393
0.0107393
0.0107393
0.0107393
0.0107393
0.0112743
0.0110074
0.0112424
0.0108458
0.0110768
0.0116242
0.00848069
0.0102238
0.0101811
0.0107476
0.0107393
0.0107399
0.0107399
0.0102339
0.00999436
0.00950353
0.00929288
0.0132377
0.0111522
0.0129186
0.0131976
0.00869665
0.0124415
0.00752484
0.00906538
0.0138478
0.0129981
0.0125835
0.0140152
0.0144162
0.0138291
0.0128067
0.0129727
0.0095641
0.0139126
0.0151698
0.0154397
0.0157221
0.0155624
0.0105052
0.0128126
0.0127842
0.0137974
0.0123881
0.0106175
0.0108675
0.0127944
0.0152345
0.0157778
0.0114127
0.0112728
0.00864984
0.0112878
0.013218
0.0126838
0.0123211
0.0124863
0.014979
0.0151914
0.0112776
0.011349
0.013661
0.0102629
0.0124653
0.0130308
0.0133677
0.0127755
0.01482
0.0150523
0.0114904
0.0110706
0.0163155
0.0168541
0.0125671
0.0136496
0.0138491
0.0154002
0.015132
0.0114744
0.0115663
0.0133236
0.0106231
0.0156724
0.0112038
0.0163765
0.0155033
0.0156718
0.0102009
0.0115538
0.0113455
0.0109164
0.0173927
0.015935
0.016939
0.0168584
0.00914976
0.00886377
0.0111262
0.0106851
0.0106741
0.00987254
0.0109197
0.0102138
0.0122858
0.0112027
0.00958039
0.0125876
0.0103729
0.00832194
0.00819572
0.00799516
0.00942213
0.00942213
0.00947113
0.0100081
0.0101458
0.0101585
0.00887562
0.00841586
0.00946099
0.0093164
0.0115309
0.0130056
0.011532
0.0110753
0.011243
0.0110068
0.0112738
0.0107393
0.0107393
0.0107393
0.0107393
0.0107393
0.0107393
0.0113603
0.0113185
0.0130928
0.0120212
0.00928989
0.00839362
0.00874561
0.0110257
0.0105684
0.0108255
0.0107393
0.0107393
0.0107399
0.0107399
0.0096204
0.00927948
0.00880067
0.0078171
0.00948795
0.0110242
0.00903364
0.0138152
0.0112803
0.0133809
0.00705022
0.00691425
0.0112916
0.00958103
0.00953521
0.015031
0.0147143
0.0122213
0.0109897
0.00934201
0.00833532
0.0144471
0.013897
0.0126114
0.0095589
0.0144774
0.0160425
0.0126159
0.0127317
0.0111125
0.0127752
0.0129741
0.0158395
0.0150017
0.0149374
0.0170278
0.0113941
0.010806
0.0130527
0.0137441
0.0141248
0.0144211
0.0141762
0.0148996
0.01083
0.010292
0.0137585
0.0106031
0.0138196
0.0138195
0.0146448
0.0142006
0.0101927
0.00784387
0.0139646
0.00897207
0.0138535
0.0131155
0.0130398
0.015132
0.014871
0.00877713
0.0119848
0.0125287
0.0152145
0.0124945
0.010942
0.0103774
0.0146848
0.0155034
0.01273
0.0098917
0.010633
0.0113854
0.0127496
0.0153579
0.013886
0.0153968
0.0159885
0.016029
0.0102505
0.00779445
0.00774794
0.00784033
0.0100801
0.0100806
0.00818827
0.00822448
0.00789611
0.00990942
0.00989719
0.00879788
0.00935007
0.00841548
0.00887555
0.010159
0.0101458
0.0100081
0.00947112
0.00942212
0.00942213
0.00799517
0.00819573
0.0083224
0.0103729
0.0125877
0.00958096
0.0113746
0.00839334
0.00928964
0.0120213
0.0130922
0.0113179
0.0113598
0.0107393
0.0107393
0.0107393
0.0107393
0.0107393
0.0107393
0.0112744
0.0110074
0.011243
0.0110753
0.011532
0.0130057
0.0113926
0.0104932
0.011084
0.0108054
0.0107393
0.0107393
0.0107399
0.0107399
0.00947487
0.00970875
0.00790565
0.0100498
0.0133051
0.0112798
0.0138148
0.00903358
0.0110238
0.00948793
0.00852862
0.0109851
0.0175688
0.0109855
0.0105312
0.0119863
0.0150307
0.014714
0.0095355
0.00764975
0.00973261
0.015423
0.0146859
0.0153044
0.0120211
0.0144772
0.0126116
0.00955923
0.0108285
0.0108055
0.0138961
0.0133807
0.0141552
0.0161816
0.0158395
0.015002
0.0107399
0.0107399
0.0117656
0.0131356
0.0134275
0.0141303
0.0141253
0.0144211
0.0103859
0.00980912
0.0113522
0.0124155
0.0138709
0.013454
0.0138199
0.0138199
0.00822547
0.00851757
0.00925182
0.0087524
0.0147994
0.0141095
0.0130399
0.013854
0.0131155
0.00864003
0.0093885
0.0138066
0.0114531
0.0151915
0.0149975
0.010942
0.0103774
0.0124945
0.00947614
0.0117102
0.010246
0.01064
0.0110146
0.0162405
0.0159885
0.015396
0.013886
0.0153576
0.0127496
0.00956538
0.00991435
0.00979535
0.00934293
0.0107073
0.010668
0.0125099
0.00907606
0.00936766
0.0113746
0.00958091
0.0125878
0.0103729
0.00832282
0.00819626
0.00799561
0.00942209
0.0094216
0.00947111
0.0100081
0.0101453
0.0101585
0.00887551
0.00841538
0.00935008
0.00879791
0.00989715
0.0117925
0.0110766
0.0108458
0.011243
0.0110068
0.0112744
0.0107399
0.0107393
0.0107393
0.0107393
0.0107399
0.0107399
0.0113598
0.0113179
0.0130922
0.0120214
0.00929077
0.00847245
0.0104932
0.0101954
0.0108054
0.0108054
0.0107393
0.0107393
0.0107399
0.0107399
0.0100609
0.0103806
0.011279
0.0097732
0.0117029
0.0128304
0.0127431
0.0111519
0.0132373
0.0102322
0.0103274
0.0165159
0.0187285
0.0122055
0.0133206
0.012791
0.0133306
0.0125838
0.0138483
0.0129982
0.00991565
0.0101952
0.0166621
0.0163407
0.0118809
0.0125544
0.0125546
0.0141623
0.0141303
0.0151696
0.0154399
0.0139126
0.0108055
0.0108054
0.0162119
0.0152562
0.0123037
0.0123037
0.0136376
0.0141553
0.0108676
0.0127942
0.0106175
0.0123884
0.0107399
0.0107399
0.0100995
0.0108243
0.00838864
0.0124363
0.0122852
0.0134242
0.0136086
0.0123211
0.0124865
0.0126841
0.0132178
0.0103816
0.0108982
0.0107956
0.0138797
0.00852411
0.0121764
0.0125219
0.0135068
0.0135068
0.0133674
0.0127755
0.0130307
0.0124652
0.0104208
0.0123569
0.0115095
0.0135593
0.0129846
0.0123584
0.0138791
0.0140875
0.0136497
0.0138487
0.0125672
0.010041
0.0108106
0.0170756
0.0134866
0.0158536
0.0114804
0.0173589
0.0163765
0.0156724
0.0112039
0.0081529
0.00832143
0.0133515
0.016997
0.0116988
0.0182413
0.0168333
0.0159353
0.0173927
0.00726662
0.00761999
0.00977788
0.0103157
0.0116299
0.0122776
0.0141472
0.0113585
0.0093164
0.00946099
0.00841596
0.00887567
0.0101585
0.0101453
0.010007
0.00947056
0.00942212
0.00942213
0.00799566
0.00819618
0.00832194
0.0103723
0.0125878
0.00958143
0.0112033
0.0136546
0.0123588
0.0111152
0.0108712
0.0107399
0.0107399
0.0107399
0.0107405
0.0107405
0.0107399
0.0112744
0.0110074
0.0112424
0.0110748
0.0115325
0.0130056
0.0101954
0.0101959
0.010806
0.010806
0.0107399
0.0107399
0.0107405
0.0107405
0.0103942
0.010146
0.00848537
0.00839985
0.00927297
0.00897823
0.0100439
0.00966972
0.0139924
0.0111748
0.0154894
0.0138146
0.00903357
0.0110243
0.00948459
0.0101258
0.0101258
0.0155303
0.014422
0.0161879
0.013023
0.0136563
0.0123035
0.011576
0.0122055
0.0148939
0.0145799
0.00996378
0.0101952
0.0101952
0.0117999
0.0100456
0.0125266
0.0137169
0.0123384
0.0126149
0.0144767
0.0127189
0.010064
0.0108054
0.010806
0.0123378
0.0150403
0.0117568
0.0112308
0.0116238
0.0118771
0.0147132
0.0147043
0.0107405
0.0107405
0.016517
0.0123923
0.0150765
0.0115616
0.0119696
0.0113243
0.0129535
0.0133254
0.0110074
0.0114778
0.0133972
0.0140034
0.0163738
0.01493
0.0137731
0.0131023
0.0117161
0.0131056
0.0131052
0.0122582
0.00995078
0.0125403
0.00977245
0.0107941
0.0128751
0.0151774
0.012056
0.0124474
0.0125064
0.0128233
0.0130395
0.0132007
0.0129103
0.0108789
0.011948
0.0168888
0.0182908
0.0106034
0.0116767
0.0112408
0.0102756
0.0112411
0.010377
0.0123247
0.00852763
0.0105624
0.0108812
0.00856119
0.011987
0.0112413
0.0137405
0.0133116
0.0166776
0.012799
0.0158806
0.014169
0.0159266
0.015396
0.0138856
0.0153573
0.0129724
0.0100835
0.00895109
0.00936318
0.00838384
0.00838384
0.00942212
0.00942214
0.00947058
0.0100081
0.0101458
0.010158
0.00887568
0.00841596
0.00934951
0.00879785
0.00989667
0.0102024
0.0105346
0.0124919
0.0136764
0.0113179
0.0113598
0.0107399
0.0107399
0.0107393
0.0107393
0.0107393
0.0107399
0.0113598
0.0113173
0.0130922
0.0120207
0.00928978
0.00847246
0.0101959
0.0101954
0.0108054
0.0108054
0.0107393
0.0107393
0.0107399
0.0107399
0.010381
0.0103816
0.00978071
0.00977966
0.00799524
0.00862877
0.00865347
0.0115844
0.0139166
0.0125111
0.013312
0.0103461
0.0125307
0.011107
0.0112568
0.0111522
0.0132368
0.0101258
0.0101263
0.0170491
0.0145156
0.0125836
0.0138481
0.0129986
0.0101952
0.0101957
0.01517
0.0154401
0.0139125
0.010806
0.0108055
0.0108675
0.0127944
0.0106175
0.0123889
0.0107399
0.0110193
0.0123211
0.0124863
0.0126846
0.0132178
0.01104
0.0129384
0.0133678
0.0127755
0.0130306
0.0124652
0.00997261
0.011396
0.00819242
0.00646658
0.00769356
0.0123513
0.0101088
0.01753
0.0150122
0.0119977
0.0179687
0.0111014
0.0136493
0.0138492
0.0125673
0.0101627
0.0126842
0.0132257
0.0125606
0.0128608
0.0123181
0.0131584
0.0138056
0.0125967
0.0104873
0.00896582
0.0118026
0.00921565
0.0151827
0.0163765
0.015672
0.0112034
0.0114011
0.0117272
0.0168042
0.0161312
0.0159355
0.0173932
0.0112032
0.00958085
0.0125877
0.0103729
0.00832193
0.00819617
0.00799566
0.00942212
0.00942213
0.00942159
0.00942209
0.00799562
0.00819625
0.00832282
0.0103729
0.0125878
0.00958091
0.0112022
0.0102896
0.0103052
0.0122054
0.0129647
0.0112776
0.0117229
0.0110074
0.0112743
0.0107393
0.0107393
0.0107393
0.0107393
0.0107393
0.0107393
0.0108718
0.0111158
0.0123588
0.013274
0.0101954
0.0101954
0.0108054
0.0108054
0.0107393
0.0107393
0.0107399
0.0107399
0.0107393
0.0112737
0.0106311
0.0113434
0.0103077
0.0121585
0.0119858
0.0100782
0.0072414
0.00890442
0.0124592
0.0103406
0.011839
0.0148427
0.00903318
0.0115546
0.00948426
0.0101258
0.0101258
0.0151644
0.0153487
0.00996405
0.0101952
0.0101952
0.0143842
0.0127182
0.0100637
0.0108055
0.010806
0.0147138
0.0147035
0.0107521
0.01083
0.0129539
0.0133259
0.0120327
0.0113563
0.0131052
0.0131056
0.0126082
0.0117415
0.0140774
0.0092691
0.00856933
0.00924143
0.00966398
0.0118055
0.0112391
0.0111658
0.0135567
0.00994471
0.0129143
0.0132005
0.0132004
0.0129104
0.0148675
0.0147446
0.0134824
0.0112356
0.0154048
0.0162025
0.0167592
0.0132768
0.0112406
0.0105915
0.0123245
0.0131457
0.0160429
0.0137871
0.015734
0.015927
0.014169
0.0158806
0.0129721
0.00989714
0.00879789
0.00935007
0.00841538
0.00887506
0.0101585
0.0101458
0.0100081
0.00947112
0.0094216
0.00942209
0.00838375
0.00838336
0.00936374
0.00895112
0.0100841
0.00956947
0.00958709
0.0125065
0.0131019
0.0112765
0.0117218
0.011008
0.0112749
0.0107393
0.0107393
0.0107393
0.0107393
0.0107393
0.0107393
0.0112738
0.0110068
0.011243
0.0108464
0.0110768
0.0117923
0.0101954
0.0101954
0.0108054
0.0108054
0.0107393
0.0107393
0.0107399
0.0113597
0.0113172
0.0132836
0.0128369
0.0104383
0.00866017
0.0100568
0.0109475
0.0115215
0.0082901
0.012743
0.0130552
0.0101263
0.0101258
0.0142054
0.0178588
0.0139798
0.0101957
0.0102701
0.0143557
0.0185002
0.0133154
0.0108065
0.010909
0.0109884
0.0118367
0.010072
0.0123881
0.010246
0.0101585
0.0129908
0.0127023
0.0126832
0.0133902
0.00956465
0.00799896
0.0135068
0.0135068
0.0131599
0.012776
0.00779557
0.00986229
0.0112678
0.0142386
0.0104309
0.012747
0.0099012
0.0102182
0.00969844
0.0116826
0.0138796
0.0140875
0.0129238
0.0137709
0.0142918
0.0127029
0.01499
0.01528
0.0154166
0.0158296
0.0173586
0.015854
0.0114804
0.0146024
0.0158439
0.013753
0.0159486
0.0168332
0.0182408
0.0113047
0.0099584
0.0126463
0.0103729
0.0083224
0.00819572
0.00799515
0.00942158
0.0094221
0.00947166
0.0100081
0.0101458
0.010159
0.00887556
0.00841548
0.00946099
0.00931639
0.0113591
0.0100569
0.0101217
0.0125372
0.0125686
0.0112765
0.0117223
0.0110068
0.0112738
0.0107393
0.0107399
0.0107399
0.0107393
0.0107393
0.0107393
0.0107393
0.0107393
0.0113592
0.0113173
0.0130927
0.0120219
0.00929032
0.00839362
0.0108223
0.0107548
0.0108095
0.0107765
0.0107393
0.0108137
0.011087
0.0112982
0.010911
0.0125254
0.0117952
0.0119129
0.00865981
0.0112803
0.0133055
0.0109176
0.0112228
0.011986
0.0112334
0.0107967
0.0109479
0.0162627
0.0128906
0.0111705
0.0111354
0.0138109
0.0166588
0.00971496
0.0117266
0.0129779
0.0137455
0.00920613
0.0101713
0.0138709
0.013454
0.0115632
0.00810054
0.0120855
0.0147994
0.0141095
0.0132373
0.0142055
0.0139172
0.0158845
0.0164509
0.0135095
0.0147633
0.0132594
0.0128088
0.0139548
0.0149972
0.0151912
0.0133
0.0158161
0.0137091
0.0143712
0.0154676
0.013797
0.015989
0.0162409
0.00969274
0.00882247
0.00907791
0.00841589
0.00887563
0.0101585
0.0101458
0.0100076
0.00947112
0.00942263
0.00942163
0.00799524
0.00819618
0.00832194
0.0103729
0.0125876
0.00958038
0.0113746
0.00889934
0.00989263
0.0124332
0.0125687
0.0112771
0.0117223
0.0110068
0.0112738
0.0107393
0.0107393
0.0107393
0.0107393
0.0107393
0.0107399
0.0107399
0.0107393
0.0112743
0.0110074
0.011243
0.0110747
0.0115324
0.0130062
0.0110362
0.0104182
0.010793
0.01076
0.0107807
0.0109526
0.0110128
0.0108554
0.00927657
0.0138146
0.00903396
0.0110235
0.00948826
0.0144275
0.0135534
0.0150301
0.0147146
0.00953485
0.0117477
0.014191
0.0144771
0.0126117
0.00955889
0.0101365
0.00995874
0.0158395
0.0150022
0.0128042
0.0119495
0.0141248
0.0144211
0.0116297
0.0106867
0.0138195
0.0138195
0.0126424
0.0149696
0.0130395
0.0138537
0.0131155
0.016278
0.00534686
0.0150702
0.0109418
0.010377
0.0124943
0.0155873
0.0169693
0.0142012
0.0157466
0.0164244
0.0129937
0.0138272
0.012296
0.0124244
0.0120626
0.0124702
0.0134273
0.015396
0.0138866
0.0153576
0.01275
0.00980107
0.00954047
0.0119517
0.0102709
0.00803256
0.00819626
0.0079957
0.0094221
0.00942261
0.00947113
0.0100081
0.0101458
0.010158
0.00887563
0.00841586
0.00934958
0.00879782
0.00989667
0.0107429
0.0108785
0.0109632
0.0101241
0.0108988
0.0103816
0.0107393
0.0107393
0.0107393
0.0107393
0.0107393
0.0107399
0.0107399
0.0112749
0.011008
0.0117217
0.0112765
0.0123972
0.0117445
0.00898465
0.00847254
0.00848066
0.0102238
0.0101811
0.01076
0.0107931
0.0109038
0.0114596
0.0112088
0.0118979
0.0111522
0.0132376
0.00869665
0.0124415
0.012584
0.0138478
0.0129977
0.0138284
0.0128068
0.0151697
0.0154397
0.0139125
0.0109612
0.0132113
0.0108672
0.0127941
0.0106175
0.0123889
0.011061
0.00904947
0.0123211
0.012486
0.0126846
0.0132178
0.0101648
0.0119913
0.0133674
0.0127755
0.0130306
0.0124652
0.0199349
0.0155674
0.0136498
0.0138487
0.0125672
0.0178861
0.00576899
0.0163762
0.0156726
0.0112043
0.0168924
0.00470286
0.0154204
0.0171364
0.0144714
0.0159351
0.0173925
0.0104573
0.00979597
0.0129112
0.0114897
0.0115645
0.0112296
0.0110878
0.010964
0.0105253
0.0101506
0.00781338
0.00822647
0.00847998
0.00977887
0.00978784
0.00947373
0.00947373
0.00978784
0.00977887
0.00847937
0.00822545
0.00834455
0.0104225
0.0125997
0.00958144
0.0112027
0.0106968
0.00852597
0.00822451
0.00818826
0.0101551
0.0106501
0.0107399
0.0107399
0.0107399
0.0112744
0.0110074
0.0117223
0.0112771
0.0129647
0.0122054
0.0102001
0.009958
0.00874574
0.0110251
0.0105678
0.0108261
0.0107772
0.0113093
0.0114374
0.0134819
0.0137507
0.0132365
0.0107154
0.00877571
0.0100582
0.00948426
0.00705052
0.00691426
0.0146743
0.0148708
0.00996433
0.0101882
0.00833599
0.0140668
0.0127184
0.0100641
0.0128017
0.011032
0.0147138
0.0147038
0.00897709
0.00891561
0.0129535
0.0133259
0.0143154
0.0102316
0.0131056
0.0131052
0.0152514
0.0168264
0.01304
0.0132009
0.01291
0.0155098
0.0170821
0.0112406
0.0103774
0.0123243
0.0195683
0.018698
0.0150795
0.013386
0.0152272
0.0129718
0.0125537
0.0104857
0.0126841
0.0103063
0.00805566
0.008226
0.00849766
0.0101918
0.0107256
0.0108054
0.0108054
0.0108054
0.0107835
0.010378
0.00986603
0.00947373
0.00947427
0.00978783
0.00977887
0.00847937
0.00822546
0.00834455
0.0104225
0.0126047
0.00948877
0.0101522
0.0104095
0.00962848
0.0127082
0.011066
0.0110765
0.0108055
0.0108285
0.0110211
0.012534
0.0122059
0.0101996
0.0102024
0.0113927
0.0104943
0.0110845
0.0108054
0.0110506
0.0110412
0.0123507
0.00953713
0.0133721
0.0103774
0.0138189
0.0112568
0.0108721
0.0123193
0.00972569
0.00881484
0.011586
0.0129663
0.0164916
0.0123431
0.00836408
0.0131444
0.0125027
0.0165066
0.0125219
0.0112643
0.0127408
0.00983272
0.0101459
0.00945865
0.0117952
0.00965934
0.00923964
0.0118833
0.0113756
0.012077
0.0127317
0.013725
0.0116149
0.0126421
0.0123
0.0124907
0.0123185
0.0137181
0.0141568
0.0125399
0.0127005
0.0123708
0.0143585
0.0151011
0.0126944
0.0139241
0.0107458
0.0174618
0.0178169
0.0153999
0.0136839
0.0152998
0.0140454
0.0120124
0.00969958
0.00952718
0.00841641
0.00887567
0.0101579
0.0101453
0.0103853
0.0098091
0.0103821
0.0103821
0.0107399
0.0107399
0.0103821
0.0103816
0.00978024
0.00978078
0.00799559
0.00819572
0.00832194
0.0103729
0.0125912
0.00948877
0.0101522
0.0138914
0.0118891
0.0114259
0.0110355
0.0108531
0.00955444
0.0109464
0.0104943
0.0101959
0.0108054
0.0108054
0.0106495
0.0101551
0.00818822
0.00863055
0.00897173
0.0129228
0.01602
0.0163651
0.0118812
0.0108721
0.0136478
0.00966973
0.0115282
0.0113427
0.0122055
0.0122054
0.0114632
0.0121589
0.0134097
0.014571
0.0125546
0.0125544
0.0127753
0.0127
0.0144816
0.0172358
0.012304
0.012304
0.0121479
0.0113977
0.0155011
0.0110838
0.0122855
0.0122855
0.011377
0.0113607
0.0109954
0.0129256
0.0122999
0.0122999
0.0117672
0.0117675
0.0113608
0.0100264
0.0123594
0.0123598
0.0118528
0.0120294
0.0120704
0.0156351
0.0123509
0.0136522
0.0111922
0.00999823
0.0176541
0.0169277
0.0162995
0.0144488
0.0159502
0.0137214
0.0115131
0.00947281
0.00947281
0.00838375
0.00838336
0.00977969
0.00978074
0.0103816
0.0103816
0.0107399
0.0107393
0.0107399
0.0107399
0.010381
0.010381
0.00978022
0.00978074
0.0083837
0.00838331
0.00936378
0.00895161
0.0100839
0.0107513
0.0105783
0.0104454
0.00987201
0.0100233
0.0100238
0.0101004
0.0106357
0.0120077
0.00955198
0.0135026
0.00994247
0.011866
0.011533
0.0116469
0.0118149
0.0128751
0.0148232
0.0129636
0.0118939
0.0119599
0.0161772
0.0132712
0.0124968
0.0122055
0.0117283
0.0101077
0.0131106
0.0131934
0.0125546
0.0125544
0.0141464
0.0162267
0.0111935
0.0127192
0.0127192
0.0123037
0.0123037
0.0108232
0.0151469
0.0123603
0.0122635
0.0122852
0.0122852
0.00946996
0.00970853
0.012843
0.0121217
0.0123177
0.0121578
0.0122038
0.0100922
0.0139692
0.0138444
0.0123445
0.0119712
0.0136986
0.01367
0.0176214
0.0163546
0.0119178
0.0101139
0.0116476
0.0146817
0.0173603
0.0192437
0.00950917
0.00886312
0.00930489
0.00838326
0.00838327
0.00978022
0.00978073
0.0103816
0.010381
0.0107393
0.0107393
0.0107393
0.0107393
0.0107399
0.0107399
0.0106495
0.0101545
0.00858491
0.00841606
0.00951017
0.00957357
0.0115037
0.0105252
0.00840393
0.00822501
0.00818765
0.0101551
0.0106495
0.0106495
0.0106495
0.00829763
0.00893255
0.00843979
0.0104443
0.0104865
0.010358
0.0108528
0.0102699
0.0130765
0.010594
0.014942
0.0147483
0.0147426
0.0110864
0.0134218
0.0124022
0.0122115
0.0124752
0.0141639
0.0132095
0.0113507
0.0119796
0.0117829
0.0126313
0.0153966
0.0112617
0.0115612
0.0154741
0.0106242
0.00995329
0.00949313
0.01718
0.0158676
0.0155831
0.0116216
0.0164304
0.012057
0.0179021
0.0176156
0.013002
0.0114945
0.0164614
0.0175599
0.0119509
0.00808356
0.00861931
0.00802469
0.00978022
0.00978021
0.0103816
0.0103816
0.0107393
0.0107393
0.0107393
0.0107393
0.0107393
0.0107393
0.0107399
0.0107399
0.0110506
0.0110418
0.0119233
0.0098237
0.0118313
0.00970409
0.00918417
0.0124678
0.0110418
0.0117699
0.0109395
0.0131953
0.0122346
0.0135663
0.0110616
0.0117255
0.0103157
0.00833257
0.00792025
0.00743823
0.00750703
0.0127394
0.0105354
0.0108115
0.0100273
0.00953348
0.016521
0.0137062
0.0115237
0.0130133
0.0143224
0.0161475
0.0149331
0.0113561
0.0118241
0.0167186
0.0167582
0.0113032
0.0116411
0.0158368
0.0168061
0.00924031
0.0115696
0.0154523
0.0157668
0.0174807
0.011642
0.0148068
0.0147492
0.0188852
0.0116353
0.0166567
0.0157325
0.0124427
0.0108757
0.0118779
0.00967484
0.0115215
0.0106357
0.0101005
0.0103816
0.0103816
0.0107393
0.0107393
0.0107393
0.0107393
0.0107393
0.0107393
0.0107393
0.0107393
0.0107399
0.0107399
0.0108054
0.0113084
0.0103973
0.0124128
0.0138207
0.0117501
0.0113125
0.010597
0.010113
0.0119702
0.0134979
0.0105102
0.014252
0.0144493
0.0163628
0.00981408
0.00851261
0.0095413
0.00972703
0.0130939
0.0170563
0.0106665
0.00917123
0.0115602
0.0129259
0.011905
0.0122146
0.0108623
0.0108805
0.00760963
0.0139479
0.00901477
0.0128821
0.0110907
0.0117541
0.0112513
0.0169413
0.0150741
0.0158403
0.0116786
0.0110757
0.0180181
0.0133207
0.0152358
0.0138859
0.0134751
0.0143857
0.0178458
0.0172217
0.0137653
0.0119398
0.0143596
0.0108821
0.0111605
0.0166266
0.0170288
0.00942437
0.0111507
0.0116871
0.00957341
0.00951019
0.00841604
0.00858477
0.0101551
0.0106495
0.0107393
0.0107393
0.0107393
0.0107393
0.0107393
0.0107393
0.0107393
0.0107393
0.0107393
0.0107393
0.0107399
0.0107399
0.0107765
0.0108095
0.01067
0.010566
0.00795838
0.00826767
0.00957541
0.0122294
0.010217
0.0123817
0.0117332
0.00877029
0.00868971
0.00832922
0.00798227
0.0193837
0.0192081
0.012077
0.0164264
0.013854
0.0138029
0.0116794
0.0168171
0.017605
0.0109472
0.0118318
0.014147
0.0103831
0.016454
0.0135153
0.016598
0.011555
0.00687133
0.00719979
0.0067787
0.00975664
0.0141503
0.0153955
0.0111283
0.0112461
0.0131077
0.0130633
0.0113935
0.010806
0.0166095
0.0139982
0.01416
0.0114658
0.0144261
0.011134
0.0121445
0.0129926
0.010215
0.013275
0.0105113
0.0107484
0.0171605
0.0166971
0.012655
0.0131385
0.0115125
0.00947281
0.00947281
0.00838384
0.00838383
0.00978076
0.00978025
0.010381
0.0103816
0.0107393
0.0107393
0.0107393
0.0107393
0.0107393
0.0107393
0.0107393
0.0107393
0.0107393
0.0107393
0.0107399
0.0107399
0.0107435
0.010793
0.0110929
0.0113586
0.00965315
0.00840888
0.00770978
0.00747446
0.00830942
0.00820536
0.00963602
0.00933594
0.0103043
0.0108247
0.0103207
0.0128229
0.0163644
0.0153994
0.014833
0.0157887
0.0148694
0.0119708
0.00989417
0.0101707
0.0103461
0.0131485
0.0126753
0.0132755
0.0166214
0.0162422
0.0115569
0.011944
0.0144597
0.0115482
0.0150291
0.0161785
0.0105011
0.0104686
0.00855078
0.0173112
0.00857746
0.017225
0.0110622
0.0111637
0.0130202
0.0157225
0.0110018
0.0110018
0.0128766
0.0108595
0.0117867
0.0110174
0.0143356
0.0146272
0.0120465
0.0116239
0.0156737
0.0160114
0.0121974
0.00938773
0.0124485
0.0151583
0.0141095
0.0111811
0.00950912
0.00886354
0.00930443
0.00838384
0.00838384
0.00978079
0.00978079
0.0103816
0.0103821
0.0107399
0.0107399
0.0107399
0.0107399
0.0107399
0.0107399
0.0107399
0.0107399
0.0107399
0.0107399
0.0107399
0.0107399
0.0107405
0.0107405
0.0107399
0.0107482
0.0108471
0.0114386
0.011219
0.0101649
0.00899433
0.01121
0.0100401
0.0100559
0.00802515
0.00861973
0.00863599
0.012505
0.0152417
0.0135012
0.0140529
0.0144057
0.00902065
0.0125534
0.0104367
0.0140872
0.0116972
0.0105807
0.0179431
0.0176525
0.0126031
0.0120454
0.0131568
0.0119281
0.011398
0.011592
0.0164881
0.0164286
0.012395
0.0122215
0.0144043
0.0144929
0.014984
0.0159454
0.00875598
0.00876265
0.0111705
0.0179029
0.0115361
0.0167637
0.0118904
0.0117813
0.0126739
0.0139638
0.0117521
0.0117527
0.0126506
0.0109666
0.0117672
0.0117672
0.0154397
0.0151698
0.0118526
0.0120292
0.0143295
0.0133086
0.0126837
0.0105609
0.0126914
0.0118073
0.0113097
0.013005
0.0119509
0.00808323
0.0086198
0.00802519
0.00978024
0.00978075
0.0103821
0.0103816
0.0107393
0.0107393
0.0107393
0.0107393
0.0107393
0.0107393
0.0107393
0.0107393
0.0107393
0.0107393
0.0107393
0.0107393
0.0107393
0.0107393
0.0107399
0.0107399
0.0107393
0.0107393
0.0107434
0.0109084
0.0112147
0.0118077
0.0122347
0.0102943
0.0105263
0.00953207
0.00974381
0.0102586
0.0115034
0.00944706
0.0100949
0.00862722
0.00924592
0.00899011
0.0102014
0.0122881
0.0115638
0.0130655
0.0122032
0.0116131
0.00961013
0.0139579
0.016028
0.0115157
0.0182245
0.012535
0.0126032
0.0116201
0.0117706
0.0132959
0.0166948
0.012886
0.0167494
0.0181365
0.0119543
0.0118095
0.013357
0.0130773
0.014998
0.0154623
0.0105212
0.00860909
0.0092491
0.00799694
0.0152552
0.00942188
0.0150154
0.0117649
0.0117649
0.0134836
0.0131509
0.0117523
0.0117523
0.0147157
0.014832
0.0113592
0.0113776
0.0127189
0.0100643
0.011602
0.0111624
0.0104322
0.0130197
0.0123455
0.00962741
0.0166689
0.0152565
0.0145318
0.0115243
0.0116438
0.00967485
0.0115203
0.0106352
0.010101
0.0103816
0.010381
0.0107399
0.0107399
0.0107393
0.0107393
0.0107393
0.0107393
0.0107393
0.0107393
0.0107393
0.0107393
0.0107393
0.0107393
0.0107393
0.0107393
0.0107393
0.0107393
0.0107399
0.0107399
0.0107393
0.0107393
0.0107393
0.0107476
0.0108465
0.0115588
0.0113688
0.0103925
0.00815407
0.00822501
0.00818821
0.0100806
0.0100801
0.00818832
0.00863102
0.00843077
0.0117768
0.0104154
0.0103772
0.0100836
0.00813371
0.00864133
0.00879428
0.0131203
0.0120476
0.0128967
0.013671
0.0130438
0.010043
0.0117023
0.0191642
0.0174301
0.0139499
0.0136931
0.0118549
0.0116674
0.0100426
0.0104857
0.0156867
0.0181907
0.0163732
0.0129308
0.0120121
0.0119405
0.0123704
0.0130395
0.0124136
0.0141654
0.00971438
0.0075411
0.0057837
0.00610557
0.00797241
0.0122891
0.0152956
0.0147956
0.0116625
0.0117647
0.0125856
0.0122715
0.0117521
0.0117521
0.0119404
0.00945865
0.0116623
0.0110836
0.0125225
0.0140672
0.00972892
0.00995561
0.0158049
0.0152045
0.0118067
0.0114747
0.0124118
0.0146078
0.0122345
0.0137961
0.00940256
0.00894138
0.00933865
0.00841552
0.00858479
0.0101551
0.0106495
0.0107393
0.0107393
0.0107399
0.0107399
0.0107393
0.0107393
0.0107393
0.0107393
0.0107393
0.0107393
0.0107393
0.0107393
0.0107393
0.0107393
0.0107393
0.0107393
0.0107393
0.0107393
0.0107399
0.0107399
0.0107393
0.0107393
0.0107393
0.0107393
0.0107435
0.0109078
0.0105404
0.0114925
0.00964746
0.00926125
0.0116376
0.0106845
0.0106747
0.010101
0.0106357
0.0110107
0.00903791
0.00957198
0.011246
0.0112477
0.0106247
0.0103856
0.0101004
0.0106357
0.0122907
0.00973403
0.0107902
0.0137218
0.0125816
0.0125924
0.010327
0.0107136
0.0125146
0.0156544
0.0158097
0.0121631
0.0152127
0.0112031
0.0115193
0.0132007
0.00993736
0.0163212
0.01473
0.0112112
0.0103842
0.0110556
0.0106553
0.0127005
0.0125399
0.0126775
0.013638
0.00954024
0.00893937
0.0129813
0.012603
0.0105267
0.0138423
0.0104254
0.0123171
0.011017
0.0109725
0.0113853
0.0121883
0.0110019
0.0110019
0.0101464
0.00983272
0.0114124
0.011273
0.0165059
0.0125034
0.010505
0.0128128
0.0170625
0.0127047
0.0133843
0.0126297
0.0116108
0.011557
0.0125336
0.00873675
0.0115463
0.00808311
0.00861932
0.00802469
0.00978022
0.00978022
0.0103816
0.0103816
0.0103816
0.0103816
0.00980912
0.0103864
0.0102046
0.0107765
0.0107835
0.0108054
0.0108054
0.0108054
0.0108054
0.0108054
0.0111762
0.0110506
0.0116759
0.0110068
0.0112737
0.0107393
0.0107399
0.0107399
0.0107393
0.0107393
0.0107393
0.0107393
0.0107393
0.0107476
0.0101818
0.0103387
0.00849511
0.0122337
0.0102948
0.0109197
0.00987261
0.0102743
0.00981402
0.0078402
0.00774748
0.00779446
0.0101488
0.0112484
0.011558
0.0108465
0.0107476
0.0107393
0.0106495
0.0101551
0.00818821
0.0082908
0.00866389
0.0108955
0.0112733
0.0112746
0.0128377
0.00993434
0.0114927
0.0139983
0.0117763
0.0141715
0.0155136
0.0108018
0.0126677
0.0101386
0.00967878
0.0124756
0.0116972
0.00883667
0.012709
0.0158056
0.0104596
0.00857615
0.0120294
0.0118534
0.0111451
0.014861
0.016348
0.0153996
0.0129594
0.00861311
0.0085286
0.00840274
0.0110181
0.0117197
0.0133679
0.0110355
0.010519
0.011375
0.0113841
0.0110013
0.0110013
0.0113983
0.0121473
0.0115675
0.0110053
0.0126995
0.0127747
0.0127929
0.0113617
0.0125778
0.0134816
0.00833529
0.00945959
0.0127544
0.0125172
0.00705055
0.00691423
0.00981786
0.00913635
0.0112638
0.0106357
0.0101005
0.0100239
0.0100239
0.0098091
0.0103859
0.0101459
0.0101585
0.00847936
0.00822547
0.00804585
0.010007
0.01081
0.0103665
0.0106456
0.0101959
0.0101959
0.0101959
0.0105675
0.0105673
0.0127809
0.0129828
0.0133672
0.0113179
0.0113598
0.0107399
0.0107399
0.0107393
0.0107393
0.0107393
0.0107393
0.0107393
0.0108256
0.010569
0.0110255
0.00874533
0.010393
0.00815362
0.00822452
0.00818826
0.00981402
0.0102738
0.00929958
0.0101594
0.0101341
0.0106347
0.0118075
0.0112139
0.0109078
0.0107435
0.0107393
0.0107393
0.0103816
0.010389
0.00995826
0.0110919
0.0108564
0.0109223
0.0121761
0.0106868
0.0125289
0.011154
0.0130054
0.0143574
0.0122872
0.0114469
0.00850025
0.0113882
0.0119755
0.0129538
0.0103596
0.0143261
0.00955967
0.0164852
0.0079424
0.00899324
0.0112054
0.0123598
0.0123594
0.018337
0.0127259
0.0174015
0.0141062
0.0161707
0.010647
0.0106057
0.0123006
0.0123006
0.0162641
0.0126786
0.0128647
0.0103306
0.0104411
0.0129924
0.0130752
0.0164829
0.0110013
0.0110013
0.0123031
0.0123033
0.0109445
0.0110174
0.0125542
0.0125542
0.0115251
0.0113652
0.0126675
0.0118549
0.00805882
0.0105797
0.0137993
0.0133488
0.0143989
0.0130113
0.0122938
0.0104985
0.0105835
0.0101259
0.0101254
0.0108241
0.0103704
0.013087
0.0128741
0.0139031
0.00894364
0.0118513
0.012273
0.00843121
0.00863117
0.00818824
0.00981402
0.0102743
0.00978021
0.00978022
0.00799517
0.00819571
0.00832239
0.0103729
0.0124673
0.00908274
0.00933864
0.012936
0.0113008
0.0111152
0.0108716
0.0107399
0.0107393
0.0107393
0.0107393
0.0107393
0.0107765
0.0110918
0.0109771
0.0118564
0.00964727
0.00926143
0.011637
0.0110413
0.0110512
0.010509
0.0113028
0.0103036
0.0122769
0.0112479
0.011558
0.0108471
0.0107476
0.0107393
0.0107393
0.0107393
0.0107435
0.0109078
0.0112139
0.0118075
0.0123946
0.0120109
0.0114497
0.0109477
0.0112758
0.0143198
0.0118276
0.0140361
0.00771648
0.0121507
0.0136648
0.0106043
0.00960987
0.0121642
0.0180244
0.0115503
0.00734083
0.00995634
0.0132333
0.0133071
0.0118529
0.0118526
0.0172394
0.0200395
0.0175898
0.0132041
0.0118018
0.0112164
0.0117679
0.0117679
0.0115793
0.015658
0.010607
0.0147436
0.0170298
0.0152925
0.0113203
0.0113203
0.0117641
0.0117643
0.00956501
0.01043
0.00873394
0.0101555
0.0106401
0.0103034
0.0108212
0.0105673
0.0128115
0.0132221
0.0147608
0.0123755
0.0136696
0.012218
0.0113243
0.0114338
0.0119542
0.0121347
0.0117723
0.0118758
0.0108829
0.0115296
0.0111037
0.0111784
0.0111374
0.0109952
0.0117574
0.0110946
0.012049
0.0114947
0.0120375
0.0123507
0.0114349
0.0120691
0.0120605
0.012508
0.0115667
0.0101691
0.0123273
0.0126234
0.0107624
0.0105538
0.0101959
0.0101965
0.0103466
0.0106564
0.0109977
0.0116758
0.0117435
0.0129466
0.0128768
0.0125127
0.0120385
0.0126723
0.0160505
0.0141209
0.0156304
0.0126785
0.0117871
0.0128071
0.0133168
0.0131076
0.00978522
0.00944695
0.0115032
0.0102587
0.00974334
0.00942159
0.0094221
0.00838321
0.00838322
0.00939636
0.00912117
0.0102808
0.0110702
0.0111035
0.010843
0.0108142
0.0107393
0.0107393
0.0107393
0.0107434
0.010793
0.0110935
0.0116875
0.0119581
0.0103976
0.0113095
0.010806
0.0110518
0.0110413
0.011637
0.00926143
0.00964727
0.0118069
0.0112139
0.0109084
0.0107441
0.0107399
0.0107399
0.0107399
0.0107482
0.0108471
0.0115585
0.011249
0.010924
0.0103581
0.0120112
0.0130855
0.0111539
0.0130055
0.0139985
0.0118342
0.0126158
0.00984095
0.0130108
0.00988343
0.012954
0.0103596
0.0128353
0.0108471
0.010914
0.0114859
0.0107583
0.00832292
0.0123598
0.0123594
0.0153758
0.0129412
0.0121067
0.0139972
0.011267
0.0108053
0.0123006
0.0123006
0.0136269
0.0135483
0.0152054
0.012424
0.0110013
0.0110013
0.0127668
0.0123033
0.0127734
0.0132132
0.0124233
0.0119327
0.0110738
0.0110013
0.0116406
0.0127604
0.0141255
0.0144038
0.011999
0.0128576
0.0108195
0.0107887
0.0125242
0.0128944
0.0199562
0.0167166
0.0118487
0.0120202
0.0153605
0.0115436
0.00856281
0.0125283
0.0108615
0.0184377
0.0220158
0.0135592
0.0146384
0.0135566
0.0102111
0.0100132
0.00825638
0.0082475
0.00796915
0.0100579
0.0100447
0.00888882
0.00841538
0.00942647
0.00959094
0.0117072
0.0108171
0.0111689
0.0107818
0.0107482
0.0107399
0.0107399
0.0107482
0.0108928
0.0114046
0.0107235
0.0104839
0.010078
0.0104455
0.00987207
0.0102738
0.00981402
0.00818826
0.00822451
0.00815361
0.0103746
0.0114296
0.0115169
0.0108927
0.0107482
0.0107393
0.0107393
0.0112737
0.0110107
0.0113783
0.0111952
0.0104275
0.00905795
0.0107726
0.0123268
0.0122932
0.0110471
0.0141504
0.0103813
0.0120269
0.0101083
0.0121523
0.00967972
0.0125771
0.00928433
0.0119116
0.0137052
0.00993733
0.0132982
0.0109503
0.00843467
0.00907625
0.0113264
0.0108686
0.0135189
0.0128932
0.0115769
0.0111703
0.0106369
0.0100729
0.0113598
0.0118272
0.0124392
0.0128638
0.0118333
0.0113202
0.0110013
0.0110013
0.0122274
0.0139841
0.0112608
0.0106536
0.0113202
0.0113202
0.0109404
0.0110053
0.011554
0.00642018
0.0184319
0.0130217
0.0116695
0.0122341
0.010453
0.0110508
0.00619986
0.0118395
0.0208469
0.0112475
0.0129249
0.0123892
0.00791247
0.00956192
0.00902461
0.00704971
0.00940271
0.0147435
0.0163056
0.00820502
0.0131108
0.0125323
0.00833397
0.0100948
0.00829933
0.00982487
0.0103236
0.0100631
0.0109397
0.0107896
0.0125882
0.0100179
0.0117487
0.0112649
0.0107747
0.010793
0.0107435
0.0107393
0.0107393
0.010806
0.010905
0.0102934
0.0105121
0.0103742
0.00815362
0.00822452
0.00818826
0.00981402
0.0102743
0.00987262
0.0104466
0.0100785
0.0104828
0.0118991
0.0114146
0.0109043
0.0112864
0.0110068
0.0117222
0.0112764
0.01272
0.0124875
0.0101981
0.008399
0.0123263
0.0122925
0.00881389
0.010772
0.0107575
0.0132506
0.00940946
0.00947109
0.0125766
0.00967971
0.0123845
0.0103067
0.0104669
0.00997119
0.0100427
0.0100603
0.00907687
0.00843522
0.0109676
0.0138826
0.00952806
0.00961822
0.0130394
0.0125672
0.0100729
0.0106369
0.0106356
0.0111306
0.0128809
0.0114718
0.012794
0.0127359
0.0110013
0.0110013
0.0110018
0.0110018
0.0147007
0.0145143
0.0100849
0.0123875
0.0110013
0.0110013
0.0105578
0.0106581
0.0141088
0.00776929
0.0129366
0.0121568
0.0113333
0.0109304
0.0111705
0.0106961
0.00732675
0.00854449
0.0104305
0.0126796
0.0101051
0.00827209
0.0101938
0.0109488
0.00811795
0.00825602
0.00785191
0.00904989
0.0126297
0.00945529
0.0110432
0.0113727
0.0108674
0.0114523
0.0111446
0.0132676
0.0115575
0.00926939
0.00747448
0.00870289
0.0106632
0.0107764
0.0111681
0.0109389
0.0105385
0.0109248
0.0107765
0.0107393
0.0107393
0.0107765
0.0108101
0.0107547
0.0109392
0.00964727
0.00926142
0.0116377
0.0110419
0.0110512
0.010806
0.011309
0.0103966
0.0114988
0.0119304
0.0112677
0.0110081
0.0121162
0.0125372
0.0101217
0.0100941
0.0130855
0.0120112
0.0104195
0.0101043
0.0144512
0.0122722
0.00936168
0.0131205
0.0120598
0.0114326
0.0098825
0.0130102
0.0131814
0.009635
0.0124173
0.015082
0.015188
0.0114214
0.00832287
0.0107589
0.013871
0.0139268
0.0101132
0.0132137
0.0132006
0.0127069
0.0108053
0.011267
0.0121011
0.0115916
0.0123039
0.0123407
0.0134841
0.0129652
0.0110013
0.0110013
0.0113203
0.0113203
0.0124303
0.0125048
0.014482
0.01457
0.0110013
0.011074
0.0112401
0.0106775
0.0121738
0.0136924
0.0118409
0.00901311
0.0107888
0.01082
0.00940614
0.00978051
0.0129787
0.00803575
0.0126142
0.00861131
0.00856327
0.0115439
0.0117472
0.014191
0.008066
0.00805883
0.00969775
0.011527
0.0124062
0.0126718
0.0103289
0.0104818
0.00862172
0.00920822
0.00987533
0.010531
0.0111189
0.0102108
0.013556
0.0144276
0.0135526
0.0107235
0.0114046
0.0108922
0.0107476
0.0107393
0.0107434
0.010793
0.0104184
0.0110356
0.011958
0.010397
0.0113089
0.0108055
0.0110512
0.0110419
0.0111258
0.00886432
0.00914934
0.010746
0.008698
0.00952193
0.0109236
0.0103581
0.011554
0.0102009
0.0109699
0.0138728
0.0127603
0.00816049
0.0118362
0.0117478
0.00933936
0.0115489
0.0111752
0.0134619
0.0100242
0.0114749
0.0115668
0.0110052
0.0129557
0.0163452
0.016087
0.0133456
0.0139227
0.0114898
0.01107
0.0110842
0.0134026
0.0139322
0.0145421
0.0121771
0.0115916
0.0112782
0.0113496
0.0114957
0.0120175
0.0123289
0.0130621
0.0113203
0.0113203
0.0110013
0.0110013
0.0114727
0.0119963
0.0122764
0.0103468
0.0113243
0.0114336
0.0114126
0.0112723
0.0120117
0.0120472
0.0127933
0.0131455
0.0114346
0.0120686
0.0105047
0.0128131
0.0142221
0.0130455
0.017795
0.0132589
0.0128763
0.0128202
0.0138292
0.0128067
0.0123411
0.00958778
0.010629
0.0103191
0.0109021
0.0110916
0.00874289
0.00887138
0.00982731
0.00988126
0.0116104
0.0131397
0.0128252
0.0124425
0.00869716
0.0113592
0.0110935
0.010793
0.0107434
0.0107393
0.0107476
0.0101818
0.010224
0.00848056
0.0105086
0.0101089
0.0108055
0.010509
0.0106495
0.0101551
0.00784076
0.00774748
0.00779391
0.0101488
0.00905795
0.0105978
0.0128805
0.00993434
0.0110847
0.011135
0.0127549
0.0103153
0.00998351
0.012738
0.00818186
0.00997303
0.0102866
0.013951
0.0138076
0.0104371
0.0125422
0.0124177
0.0092436
0.00927682
0.0101412
0.015545
0.0163051
0.0138742
0.0109676
0.0101923
0.00784388
0.00813394
0.00896304
0.0164763
0.0134367
0.0111304
0.0106351
0.0108306
0.010292
0.0101782
0.0105487
0.0128368
0.0137685
0.0110013
0.0110013
0.0108054
0.0108054
0.0106599
0.00883221
0.0104084
0.0125743
0.0110174
0.0109445
0.0113934
0.0108054
0.0105838
0.0131659
0.0157366
0.0122396
0.0113652
0.0113788
0.0127322
0.0111124
0.0132753
0.0128207
0.0154806
0.0174539
0.0109698
0.0103673
0.00833529
0.00934189
0.0100189
0.00948488
0.0115567
0.0106584
0.0103878
0.010101
0.0106352
0.0115203
0.00967481
0.0119775
0.0107574
0.0111458
0.00705055
0.00691424
0.0109007
0.0106706
0.0108095
0.0107765
0.0107393
0.0107393
0.0108262
0.0105691
0.0110251
0.00874534
0.0106321
0.0101346
0.0101599
0.0093001
0.0100238
0.0100233
0.00929959
0.0101599
0.0101341
0.010632
0.0122156
0.0125674
0.0122151
0.0125673
0.00981618
0.00841966
0.00883817
0.0105401
0.0123591
0.0128663
0.0128
0.0117796
0.0125548
0.0116353
0.0123343
0.00939686
0.00939745
0.0123346
0.00941383
0.0118253
0.0107678
0.013277
0.00901257
0.0083425
0.00834193
0.00901261
0.00787067
0.0105326
0.0141714
0.0102901
0.00991044
0.0104528
0.0104533
0.00991042
0.0108695
0.0110901
0.0138338
0.0131898
0.0108054
0.010806
0.0108054
0.0108054
0.0090405
0.0111676
0.0151732
0.015052
0.0108095
0.0107765
0.0107765
0.0108095
0.011784
0.0121983
0.0156256
0.0118731
0.0109083
0.0108447
0.0108446
0.0109083
0.0109282
0.0122858
0.0127214
0.0114945
0.00982433
0.00764972
0.00764988
0.00982436
0.0103925
0.00815406
0.0078863
0.00785118
0.00922242
0.00965667
0.00802477
0.00861979
0.0080831
0.0119503
0.00852893
0.0109844
0.00852891
0.0109843
0.0113927
0.0104945
0.0110846
0.0108054
0.0107393
0.0107393
0.010806
0.0110846
0.0104934
0.0113921
0.0101486
0.00779396
0.00774697
0.00784021
0.0101551
0.0106495
0.0105096
0.0108061
0.0101088
0.0105081
0.0128805
0.00993434
0.00905795
0.0105975
0.0107956
0.0106869
0.0106253
0.0110307
0.0116394
0.0111208
0.0115722
0.011631
0.0109139
0.00924374
0.0124178
0.0125432
0.0104374
0.0130362
0.0126235
0.012379
0.00969499
0.00784483
0.0101918
0.0109671
0.0138748
0.0130841
0.0125124
0.0097984
0.0104565
0.0102909
0.0108305
0.0106352
0.01113
0.0122014
0.0119978
0.0122323
0.011995
0.0108065
0.0108065
0.0110014
0.0110014
0.0142011
0.0137092
0.0125594
0.0103469
0.010806
0.0113941
0.0109446
0.0110175
0.014237
0.0103357
0.0134273
0.0134001
0.0111131
0.0127321
0.0113788
0.0113654
0.0110193
0.0111971
0.0141777
0.0116136
0.00934165
0.00833561
0.0103679
0.0109698
0.0122348
0.0102949
0.010709
0.00929972
0.00822464
0.0080799
0.00933907
0.00894138
0.00940256
0.00705084
0.00691423
0.010758
0.0111452
0.00874546
0.011025
0.0105685
0.0108256
0.0107393
0.0107393
0.0107771
0.0108101
0.01067
0.0108996
0.00915029
0.00886438
0.0111257
0.0110412
0.0110512
0.0108066
0.0113096
0.0103971
0.0119581
0.0102014
0.0115546
0.010924
0.0103581
0.0112187
0.0114384
0.0108471
0.0107482
0.0107487
0.0107818
0.0115302
0.0114864
0.0114744
0.011567
0.0134613
0.0100243
0.0113616
0.0142503
0.0147656
0.0139688
0.0110695
0.0114905
0.0133442
0.0139231
0.00961052
0.0125633
0.0149231
0.0110107
0.0113496
0.0112783
0.0121775
0.0115915
0.0120512
0.0121763
0.0118537
0.0120847
0.011002
0.0110014
0.0113202
0.0113202
0.0122841
0.012284
0.0105212
0.0123645
0.0112724
0.0114119
0.0113241
0.0114336
0.0120972
0.0126766
0.0156318
0.0125628
0.0128122
0.0105047
0.0114348
0.0120692
0.012258
0.012003
0.0154915
0.0171818
0.0138292
0.0128061
0.0128769
0.0128196
0.00966982
0.00899434
0.0112094
0.0103266
0.0108734
0.0115209
0.00967491
0.0116442
0.00869677
0.0124419
0.0131391
0.0128253
0.00848055
0.010224
0.0101824
0.0107482
0.0107399
0.0107446
0.0107936
0.0110929
0.0113586
0.0114989
0.0103976
0.011309
0.0108055
0.0110512
0.0110413
0.0116371
0.00926143
0.00964727
0.0104195
0.0101033
0.0120116
0.0130855
0.0118075
0.0112145
0.0109084
0.0107435
0.010744
0.0109897
0.0111716
0.0113167
0.0131809
0.00963518
0.0130105
0.00988344
0.0111537
0.0130054
0.0111508
0.0126985
0.013871
0.0139269
0.0107577
0.00832293
0.0129543
0.0103596
0.0133324
0.0101718
0.0121012
0.0115915
0.011267
0.0108047
0.0122607
0.0122611
0.0107731
0.0105794
0.0113202
0.0113202
0.0110013
0.0110013
0.0124454
0.0124452
0.0162081
0.0129503
0.0112399
0.0106775
0.0110738
0.0110013
0.0126677
0.0118555
0.0177929
0.0138277
0.00940614
0.00978075
0.0108195
0.0107887
0.0137999
0.0133483
0.0131066
0.0118073
0.0117474
0.0141907
0.0115436
0.00856281
0.0117861
0.00816586
0.00762494
0.00725067
0.00749621
0.00835395
0.00808368
0.0119515
0.0144275
0.0135534
0.0135566
0.0102111
0.0110361
0.0104184
0.010793
0.0107435
0.0107399
0.0107487
0.0108922
0.0114046
0.010724
0.0104839
0.010078
0.0104455
0.00987262
0.0102738
0.00981345
0.00818826
0.00822452
0.00815362
0.0103751
0.00881346
0.0107726
0.0123263
0.0122932
0.011249
0.0115585
0.0108465
0.0107476
0.0108136
0.0109247
0.011631
0.0109134
0.0103069
0.0123845
0.00967972
0.0125771
0.0112759
0.0143202
0.0125426
0.0102037
0.0138825
0.0109676
0.00843468
0.00907625
0.00961006
0.0121642
0.00986237
0.0107889
0.0111304
0.0106351
0.0106375
0.0100729
0.0117643
0.0117651
0.0125542
0.00957695
0.0110013
0.0110013
0.0110018
0.0110018
0.0118601
0.0120222
0.0140462
0.0122827
0.0106576
0.0105578
0.010941
0.0110059
0.0120599
0.0125079
0.0156772
0.0151057
0.0106962
0.0111706
0.010453
0.0110513
0.0120378
0.012672
0.0146075
0.0124113
0.0109486
0.0101942
0.00791248
0.00956191
0.00978569
0.00943699
0.0108696
0.00830176
0.0077363
0.00898893
0.00862416
0.00940345
0.010777
0.0111675
0.00833398
0.0100953
0.0109391
0.0107548
0.0108095
0.0107765
0.0107399
0.0107399
0.0108054
0.0109039
0.0102928
0.0105126
0.0103742
0.00815408
0.00822553
0.00818835
0.00981351
0.0102743
0.0098726
0.0104466
0.010079
0.0104839
0.0123267
0.0122922
0.00881342
0.0107721
0.0118075
0.011214
0.0109078
0.0107434
0.0107807
0.0115307
0.0114869
0.012577
0.00967979
0.0123847
0.0103069
0.0111539
0.0130058
0.0147656
0.0142713
0.00907687
0.00843528
0.0109676
0.0138826
0.012954
0.0103597
0.0155273
0.0118853
0.0100729
0.0106369
0.0106352
0.0111306
0.0126486
0.012261
0.0150616
0.0142089
0.0110012
0.0110012
0.0110014
0.0110014
0.0115093
0.0126231
0.0126895
0.00991347
0.0110053
0.0109404
0.0105573
0.0106577
0.0134466
0.0135232
0.0128636
0.0101489
0.0110508
0.0104536
0.0111705
0.0106955
0.0135706
0.0110353
0.0151336
0.0166694
0.00956221
0.0079118
0.0101938
0.0109488
0.00954451
0.00787346
0.0078666
0.00814456
0.0114189
0.00970331
0.0116878
0.00833347
0.0100953
0.0107764
0.0111675
0.0105132
0.0102934
0.0109039
0.0108054
0.0107393
0.0107399
0.0107771
0.0108095
0.0107542
0.0109386
0.00964745
0.00926125
0.0116381
0.0110418
0.0110506
0.010806
0.011309
0.0103971
0.0114983
0.0130847
0.0120116
0.0104195
0.0101033
0.0114298
0.0115163
0.0108915
0.0107434
0.0109891
0.0111721
0.0113173
0.00988227
0.0130095
0.0131814
0.0096352
0.0110467
0.0141507
0.0111513
0.0126985
0.0083229
0.0107584
0.0138708
0.0139266
0.00957856
0.0119115
0.0142026
0.0101723
0.0108048
0.0112672
0.0121011
0.0115915
0.0115238
0.0125779
0.0132212
0.0113561
0.0110014
0.0110014
0.0113202
0.0113202
0.011004
0.00613217
0.0152705
0.0150896
0.0110014
0.011074
0.0112399
0.0106775
0.0065293
0.0124736
0.0142498
0.012812
0.0107889
0.0108193
0.00940614
0.00978052
0.00909644
0.00846216
0.0115522
0.012698
0.0122231
0.00856264
0.0115438
0.0117473
0.0141916
0.0080226
0.00786428
0.0076503
0.00956658
0.0102926
0.0122256
0.0102108
0.0135565
0.0144282
0.0135534
0.010724
0.0114041
0.0108916
0.0107476
0.0107393
0.010744
0.0107936
0.0104178
0.0110356
0.0119587
0.0103971
0.0113084
0.0108055
0.0110512
0.0110419
0.0111258
0.0088649
0.00915042
0.0109234
0.0103581
0.0115548
0.010201
0.0120267
0.0115756
0.0108988
0.0103562
0.0106693
0.0104993
0.010416
0.0134618
0.0100241
0.0114746
0.0115668
0.0108931
0.0136597
0.0117025
0.0100428
0.0133456
0.0139224
0.0114898
0.01107
0.0112565
0.0103216
0.00986255
0.0104845
0.012177
0.0115915
0.0112783
0.0113496
0.0111841
0.0113654
0.0125546
0.0102646
0.0113202
0.0113202
0.0110013
0.0110013
0.0129026
0.00752752
0.0140479
0.0127971
0.0113241
0.0114336
0.0114126
0.0112723
0.00792095
0.00906388
0.0150828
0.0142008
0.0114346
0.0120691
0.0105047
0.0128131
0.00807723
0.00776548
0.00636089
0.00647298
0.0121599
0.0131854
0.0116552
0.0124281
0.012877
0.0128202
0.0138291
0.0128061
0.00850741
0.00868499
0.00894721
0.0131397
0.0128262
0.0124419
0.00869676
0.0113597
0.0110929
0.010793
0.0107435
0.0107399
0.0107482
0.0101813
0.0102234
0.00848055
0.0102044
0.0101952
0.0108054
0.0108054
0.0106495
0.0101551
0.00784078
0.00774697
0.00779385
0.0101487
0.00870169
0.0100814
0.0128809
0.00993388
0.011857
0.011119
0.0102908
0.0087865
0.00887715
0.0100425
0.0122182
0.012418
0.00924421
0.0163706
0.0134317
0.00979224
0.0120069
0.0139782
0.0115867
0.0101923
0.00784446
0.012788
0.0158954
0.0137394
0.0124641
0.0114964
0.0110018
0.0108306
0.010292
0.0105101
0.0104688
0.0153716
0.0149081
0.0110012
0.0110012
0.0108054
0.0108054
0.0109667
0.0143839
0.0121799
0.00856675
0.0110174
0.0109445
0.0113934
0.0108054
0.0152946
0.00873862
0.0114656
0.00894753
0.0113651
0.0113784
0.0127328
0.0111124
0.00843963
0.00781445
0.00849636
0.00994273
0.0123892
0.0104248
0.0115276
0.00926153
0.012357
0.0109693
0.0106397
0.00833528
0.00934224
0.0106292
0.0109244
0.00705031
0.00691417
0.010582
0.0106706
0.0108095
0.0107765
0.0107399
0.0107399
0.0108256
0.0105679
0.0110251
0.00874553
0.0101952
0.0101952
0.0108055
0.0108055
0.0103816
0.0103816
0.00929958
0.0101594
0.0101347
0.0106326
0.0100714
0.0101262
0.0122345
0.012568
0.0107056
0.0105489
0.00900377
0.0116689
0.00750661
0.0127243
0.00932702
0.0119357
0.0117406
0.0114807
0.0139048
0.0115833
0.0113763
0.0108865
0.00822542
0.0084976
0.00892561
0.0118182
0.0153368
0.0141851
0.010806
0.010806
0.0103859
0.00980911
0.00936446
0.00748376
0.0163586
0.0140712
0.0108054
0.0108054
0.0107393
0.0107393
0.00984981
0.0119675
0.0114896
0.0145108
0.0108095
0.0107765
0.0107393
0.0107393
0.0149996
0.0146267
0.0140348
0.0104438
0.0109084
0.0108065
0.0108278
0.0108055
0.0114184
0.00950369
0.00851079
0.00986215
0.0122059
0.0127523
0.0107582
0.0102712
0.0101957
0.00764988
0.00973262
0.0101258
0.0101263
0.00852861
0.0109847
0.0101959
0.0101954
0.0108054
0.0108054
0.0107399
0.0107399
0.0108054
0.011084
0.0104934
0.0113926
0.0101952
0.0101957
0.010806
0.010806
0.0107405
0.0107405
0.0105096
0.0108061
0.0101094
0.0104873
0.0101262
0.0101262
0.0104718
0.0106259
0.0101952
0.0101952
0.0103663
0.0104623
0.00690798
0.00819501
0.0079102
0.0103038
0.0110482
0.0134226
0.0155516
0.0108055
0.010806
0.0101918
0.0107256
0.0085519
0.00853884
0.0171717
0.0149598
0.0107405
0.0107405
0.0103821
0.0103821
0.00851803
0.00816958
0.0114542
0.0107394
0.0107399
0.0107399
0.0107399
0.0107399
0.0114964
0.0108055
0.0149755
0.0119911
0.0107399
0.0107399
0.0107399
0.0107399
0.0119964
0.0122106
0.0188668
0.017315
0.010806
0.0108055
0.0108055
0.010806
0.00924722
0.0071279
0.00893326
0.00969917
0.0100555
0.0128813
0.0101957
0.0101957
0.00991625
0.0101959
0.0101258
0.0101258
0.0102316
0.0103268
0.0101954
0.0101959
0.010806
0.010806
0.0107405
0.0107405
0.010806
0.010806
0.0101959
0.0104934
0.0101957
0.0101952
0.0108055
0.0108055
0.0107399
0.0107399
0.0108055
0.0108055
0.0101952
0.0101952
0.0101262
0.0101267
0.0101258
0.0101258
0.0101952
0.0101957
0.0101954
0.0101954
0.0114385
0.0107261
0.0104552
0.0106198
0.0118324
0.00919221
0.010806
0.0108055
0.0108055
0.0108055
0.0105632
0.0129343
0.0138078
0.00964145
0.0107399
0.0107399
0.0107399
0.0107399
0.00946286
0.0113183
0.0128212
0.0098518
0.0107393
0.0107393
0.0107393
0.0107393
0.0107919
0.0107919
0.015448
0.0111647
0.0107393
0.0107393
0.0107393
0.0107393
0.0125908
0.0122614
0.0148708
0.0182645
0.0108055
0.0108055
0.010806
0.0108055
0.0105556
0.00793614
0.00879054
0.00712288
0.0113539
0.0101957
0.0101957
0.0101959
0.0101965
0.0101258
0.0101258
0.0101254
0.0101259
0.0101954
0.0101954
0.0108054
0.0108054
0.0107399
0.0107399
0.0108054
0.0108054
0.0101954
0.0101959
0.0101952
0.0101952
0.0108055
0.0108055
0.0107399
0.0107399
0.0108055
0.0108055
0.0101952
0.0101952
0.0101262
0.0101262
0.0101258
0.0101258
0.0101952
0.0101952
0.0101954
0.0101954
0.0106802
0.0115174
0.010773
0.0101489
0.00983769
0.00802228
0.0108054
0.0108055
0.0108055
0.0108054
0.0106672
0.013495
0.00986793
0.00873904
0.0107399
0.0107399
0.0107399
0.0107399
0.00946069
0.0111082
0.0143848
0.0134206
0.0107393
0.0107393
0.0107393
0.0107393
0.0113821
0.0113822
0.0147531
0.0107154
0.0107393
0.0107393
0.0107393
0.0107393
0.0115199
0.0119211
0.0113185
0.0101004
0.0108055
0.0108054
0.0108054
0.0108055
0.00896418
0.00633934
0.00862816
0.00776227
0.0104764
0.0101957
0.0101957
0.0101959
0.0101959
0.0101258
0.0101258
0.0101254
0.0101254
0.0101954
0.0101954
0.0108054
0.0108054
0.0107399
0.0107399
0.0108054
0.0108054
0.0101954
0.0101954
0.0101952
0.0101952
0.0108054
0.0108054
0.0107399
0.0107399
0.0108054
0.0108054
0.0101952
0.0101952
0.0101262
0.0101262
0.0101258
0.0101258
0.0101952
0.0101952
0.0101954
0.0101954
0.0110399
0.0108632
0.0107936
0.0112177
0.00988748
0.0108055
0.0108054
0.0108054
0.0108054
0.0104467
0.0120722
0.0132712
0.0130574
0.0107399
0.0107399
0.0107399
0.0107399
0.00996163
0.0112238
0.0144288
0.0142346
0.0107393
0.0107393
0.0107393
0.0107393
0.0107919
0.010792
0.010389
0.0138567
0.0107393
0.0107393
0.0107393
0.0107393
0.0125915
0.012262
0.0114335
0.0088823
0.0108054
0.0108054
0.0108055
0.0108054
0.010556
0.00793616
0.00862757
0.00633885
0.00866145
0.0101957
0.0101957
0.0101959
0.0101959
0.0101258
0.0101258
0.0101254
0.0101254
0.0101954
0.0101954
0.0108054
0.0108054
0.0107399
0.0107399
0.0108054
0.0108054
0.0101954
0.0101954
0.0101952
0.0101952
0.0108054
0.0108054
0.0107399
0.0107399
0.0108054
0.0108054
0.0101952
0.0101952
0.0101267
0.0101262
0.0101263
0.0101258
0.0101957
0.0101952
0.0101954
0.0101959
0.010207
0.0111976
0.010806
0.0108179
0.011065
0.0108054
0.0108054
0.0108054
0.0108055
0.00979521
0.0127161
0.00963075
0.0118512
0.0107399
0.0107399
0.0107399
0.0107399
0.00915894
0.0102519
0.0123544
0.00913722
0.0107393
0.0107393
0.0107393
0.0107393
0.0105207
0.010801
0.0118707
0.011835
0.0107393
0.0107393
0.0107393
0.0107393
0.00973141
0.0112051
0.013053
0.0131408
0.0108054
0.0108055
0.0108054
0.0108054
0.00777129
0.00610788
0.00849457
0.00793222
0.0107755
0.0101957
0.0101963
0.0101965
0.0101959
0.0101263
0.0101258
0.0101259
0.0101254
0.0101954
0.0101954
0.0108054
0.0108054
0.0107399
0.0107399
0.0108054
0.0108054
0.0101954
0.0101954
0.0101952
0.0101952
0.0108055
0.0108055
0.0107399
0.0107399
0.0108055
0.0108055
0.0101952
0.0101952
0.0101262
0.0101262
0.0101258
0.0101258
0.0101952
0.0101952
0.0101954
0.0101954
0.0104401
0.0105888
0.0107565
0.0114996
0.0107734
0.0108054
0.0108055
0.0108055
0.0108054
0.00872279
0.010507
0.0112707
0.00842352
0.0107399
0.0107399
0.0107399
0.0107399
0.00841361
0.0115444
0.00684857
0.00702962
0.0107393
0.0107393
0.0107393
0.0107393
0.0108844
0.00793647
0.0136456
0.00995388
0.0107393
0.0107393
0.0107393
0.0107393
0.00695169
0.00834712
0.0151083
0.0146986
0.0108055
0.0108054
0.0108054
0.0108055
0.00654873
0.00569612
0.00673106
0.00640957
0.00929082
0.0101957
0.0101957
0.0101959
0.0101959
0.0101258
0.0101258
0.0101254
0.0101254
0.0101954
0.0101954
0.0108054
0.0108054
0.0107399
0.0107399
0.0108054
0.0108054
0.0101954
0.0101954
0.0101952
0.0101952
0.0108054
0.0108054
0.0107399
0.0107399
0.0108054
0.0108054
0.0101952
0.0101952
0.0101262
0.0101262
0.0101258
0.0101258
0.0101952
0.0101952
0.0101954
0.0101954
0.0110727
0.0105304
0.0109893
0.0108055
0.0108054
0.0108054
0.0108054
0.0126798
0.0118013
0.0129932
0.013432
0.0107399
0.0107399
0.0107399
0.0107399
0.01068
0.0131541
0.0137013
0.00851672
0.0107393
0.0107393
0.0107393
0.0107393
0.00839571
0.00766326
0.0163863
0.010637
0.0107393
0.0107393
0.0107393
0.0107393
0.0056395
0.00557828
0.015959
0.0192654
0.0108054
0.0108054
0.0108055
0.0108054
0.00735703
0.00787048
0.00990695
0.0101957
0.0101957
0.0101959
0.0101959
0.0101258
0.0101258
0.0101254
0.0101254
0.0101954
0.0101954
0.0108054
0.0108054
0.0107399
0.0107399
0.0108054
0.0108054
0.0101954
0.0101954
0.0101952
0.0101952
0.0108054
0.0108054
0.0107399
0.0107399
0.0108054
0.0108054
0.0101952
0.0101957
0.0101262
0.0101262
0.0101258
0.0101263
0.0101952
0.0101952
0.0101959
0.0101954
0.00805902
0.0108054
0.0108054
0.0108054
0.010806
0.0115028
0.00773632
0.00780324
0.0106565
0.00789151
0.0107399
0.0107399
0.0107399
0.0107399
0.00754189
0.00820779
0.0145503
0.00918189
0.0107393
0.0107393
0.0107393
0.0107393
0.00590083
0.00738135
0.014361
0.00659801
0.0107393
0.0107393
0.0107393
0.0107393
0.00881773
0.00692148
0.0111147
0.012538
0.00606301
0.0108054
0.010806
0.0108054
0.0108054
0.00816103
0.0101963
0.0101957
0.0101959
0.0101959
0.0101258
0.0101263
0.0101254
0.0101254
0.0101959
0.0101954
0.0108054
0.0108054
0.0107399
0.0107399
0.0108054
0.0108054
0.0101954
0.0101954
0.0101952
0.0101957
0.010806
0.010806
0.0107405
0.0107405
0.010806
0.010806
0.0101957
0.0104932
0.0101262
0.0101262
0.0102321
0.0103273
0.0101952
0.0101952
0.0101954
0.00991572
0.0108054
0.010806
0.010806
0.0108055
0.00633286
0.003207
0.0069659
0.00606384
0.00522181
0.0107405
0.0107405
0.0107405
0.0107405
0.00553526
0.00257762
0.00713729
0.00547254
0.0107399
0.0107399
0.0107399
0.0107399
0.00601672
0.00448893
0.00423409
0.00593988
0.0107399
0.0107399
0.0103816
0.0103821
0.00943079
0.00553337
0.00944484
0.005894
0.00348573
0.010806
0.0108055
0.0107257
0.0101919
0.0101957
0.0101957
0.0104628
0.0103664
0.0101258
0.0101258
0.0104714
0.0106258
0.0101954
0.0101959
0.010806
0.010806
0.0107405
0.0107405
0.0105095
0.010806
0.0101094
0.0104875
0.0101957
0.0101952
0.0108055
0.0108055
0.0107399
0.0107399
0.0108055
0.011084
0.0104932
0.0113925
0.0101262
0.0101267
0.00852809
0.0109851
0.0101952
0.0102707
0.0097321
0.00764926
0.0108065
0.0109084
0.0108055
0.0108278
0.0107771
0.0108101
0.0107399
0.0107399
0.00258458
0.00513715
0.00515075
0.00538805
0.0108054
0.0108054
0.0107393
0.0107393
0.00398417
0.00466939
0.00622276
0.00547042
0.0108054
0.0108054
0.0098091
0.0103859
0.0108865
0.0113768
0.0084976
0.0082254
0.0105493
0.0107052
0.0116687
0.00900333
0.0100712
0.0101258
0.0122347
0.0125684
0.0101954
0.0101954
0.0108054
0.0108054
0.0103816
0.0103816
0.00929952
0.0101593
0.0101347
0.0106325
0.0105823
0.0106699
0.0108096
0.0107766
0.0107399
0.0107399
0.0108256
0.0105679
0.0110251
0.00874575
0.0106296
0.0109257
0.00705062
0.0069139
0.0106391
0.0109688
0.00833622
0.00934247
0.0113783
0.0113647
0.0111124
0.0127323
0.0109451
0.011018
0.010806
0.011394
0.0110012
0.0110012
0.0108054
0.0108054
0.0110012
0.0114958
0.010292
0.01083
0.0115873
0.0139783
0.0078444
0.0101927
0.0122178
0.0100425
0.0124176
0.00924372
0.00870166
0.0100819
0.0128814
0.00993398
0.0102051
0.0101954
0.0108054
0.0108054
0.0106495
0.0101551
0.00784081
0.00774693
0.00779385
0.0101488
0.0113584
0.0110928
0.0107931
0.0107435
0.0107399
0.0107482
0.0101812
0.0102234
0.00848075
0.0131406
0.0128257
0.0124417
0.00869623
0.0128773
0.0128201
0.0138291
0.0128067
0.0114346
0.0120688
0.0128126
0.0105052
0.0113247
0.0114342
0.0112728
0.0114121
0.0113202
0.0113202
0.0110012
0.0110018
0.0121763
0.0115908
0.011349
0.0112777
0.0133456
0.0139224
0.0110706
0.0114904
0.0134619
0.0100242
0.0114744
0.0115663
0.0109237
0.0103577
0.011555
0.0102011
0.011958
0.0103973
0.0113084
0.0108054
0.0110512
0.0110419
0.0111257
0.00886487
0.00915039
0.010724
0.0114039
0.0108916
0.0107476
0.0107393
0.0107441
0.0107937
0.0104179
0.0110354
0.0102111
0.0135565
0.0144286
0.0135534
0.00856242
0.011543
0.0117473
0.0141918
0.0108192
0.0107883
0.00940673
0.0097806
0.0110746
0.011002
0.0112393
0.0106769
0.0110014
0.0110014
0.0113208
0.0113208
0.0112666
0.0108048
0.0121004
0.0115909
0.0107582
0.00832239
0.0138713
0.0139266
0.00988226
0.0130095
0.0131809
0.00963516
0.0130847
0.0120118
0.0104197
0.0101034
0.00964744
0.00926122
0.011638
0.0110418
0.0110507
0.010806
0.011309
0.0103973
0.0114982
0.0105132
0.0102933
0.0109038
0.0108054
0.0107393
0.0107399
0.0107771
0.0108096
0.010754
0.0108221
0.00833433
0.010095
0.0109176
0.0112231
0.00791244
0.00956243
0.0109481
0.0107969
0.0104532
0.0110508
0.0106955
0.0111699
0.010941
0.0110059
0.010657
0.0105578
0.0110012
0.0110012
0.0110018
0.0110012
0.0106369
0.0100729
0.0114959
0.0110012
0.00843474
0.00907681
0.0139915
0.0115875
0.00967984
0.0125764
0.00992324
0.0120688
0.0123272
0.0122924
0.00847167
0.0100819
0.0103742
0.00815409
0.0082255
0.00818837
0.0101545
0.0106495
0.010806
0.010806
0.0101954
0.0102051
0.0107023
0.0106699
0.0108096
0.0107766
0.0107399
0.0107399
0.0108054
0.0108054
0.0101952
0.0104938
0.010497
0.0108745
0.0102313
0.0103278
0.0100475
0.0109696
0.0102709
0.00991533
0.0113789
0.0113646
0.0109082
0.0108065
0.0109451
0.011018
0.0108101
0.0107771
0.0110012
0.0110012
0.0108054
0.0108054
0.0106351
0.0111299
0.0104499
0.0104455
0.0109676
0.0138749
0.0113092
0.0102759
0.0125423
0.0104372
0.0110145
0.0107611
0.00905796
0.0107728
0.0104256
0.0106257
0.010484
0.010078
0.0104454
0.00987254
0.0103815
0.010381
0.010509
0.010806
0.0101088
0.0104874
0.0113585
0.0110934
0.0107931
0.0107435
0.0107399
0.0107399
0.0108055
0.0110846
0.0104938
0.0113921
0.01314
0.0128254
0.00852894
0.0109848
0.0128771
0.0128198
0.00973231
0.00764978
0.0114347
0.0120686
0.010806
0.0108278
0.0113247
0.0114342
0.0107405
0.0107405
0.0113202
0.0113202
0.0107399
0.0107399
0.0121765
0.0115909
0.00980908
0.0103864
0.0133451
0.0139227
0.00849754
0.00822537
0.0134612
0.010024
0.0116687
0.00900332
0.0109239
0.0103582
0.0122347
0.0125679
0.0119586
0.0103978
0.011309
0.0108054
0.0103816
0.0103822
0.00930005
0.0101599
0.0101352
0.0106321
0.0107245
0.0114051
0.0108922
0.0107482
0.0107399
0.0107405
0.0107405
0.0108262
0.0105679
0.0110245
0.00874567
0.0102116
0.0135566
0.00705083
0.00691396
0.00869171
0.0115434
0.0083362
0.00934249
0.0108998
0.0111047
0.0111124
0.0127323
0.0113249
0.0113249
0.0108061
0.011394
0.0113203
0.0113203
0.0108054
0.0108055
0.0115956
0.0111199
0.010292
0.01083
0.0111085
0.00919309
0.00784444
0.0101927
0.010918
0.0132866
0.0124169
0.00924373
0.0130564
0.0120114
0.012881
0.00993444
0.00964725
0.00926139
0.0116374
0.0110412
0.0110512
0.01065
0.0101551
0.00784081
0.00774693
0.00779385
0.0101492
0.0109833
0.0107802
0.0109242
0.0107766
0.0107393
0.0107393
0.0107399
0.0107482
0.0101812
0.0102234
0.00848075
0.00885335
0.010972
0.0124417
0.00869624
0.00842199
0.0104236
0.0138285
0.0128068
0.0112401
0.011641
0.0128126
0.0105046
0.011234
0.0113365
0.0112728
0.0114121
0.0113202
0.0113202
0.0110012
0.0110018
0.0109477
0.0108559
0.011349
0.0112777
0.00915548
0.0113108
0.0110701
0.0114904
0.0117834
0.0121977
0.0114736
0.0115668
0.0109277
0.0122859
0.0115547
0.0102014
0.0103928
0.00815363
0.00822448
0.00818829
0.0101551
0.0106495
0.0110512
0.0110419
0.0111258
0.00886496
0.00915042
0.0114885
0.0110933
0.0107931
0.0107435
0.0107393
0.0107393
0.010744
0.0107937
0.0104179
0.0111672
0.0130571
0.0128198
0.0143398
0.0135708
0.012877
0.0121813
0.0117479
0.0134618
0.0114352
0.0120686
0.00940674
0.00978162
0.0113254
0.0114347
0.0112395
0.0106769
0.0113209
0.0113209
0.0113208
0.0113209
0.0118018
0.011217
0.0117254
0.0112163
0.0132345
0.0133078
0.0137699
0.0133153
0.0136648
0.0106044
0.0133935
0.0102183
0.0114505
0.0111967
0.0109312
0.0109141
0.0122348
0.0102951
0.0109192
0.00987254
0.0100238
0.0100233
0.00987202
0.0109191
0.0102945
0.0117542
0.0107239
0.0114045
0.0108917
0.0107476
0.0107393
0.0107393
0.0107393
0.0107772
0.0109248
0.010874
0.0112045
0.0102116
0.0135565
0.00907177
0.0112524
0.00869197
0.0115434
0.0103829
0.00855985
0.0108999
0.0111046
0.0109531
0.0110076
0.0113249
0.0113247
0.0109622
0.0108363
0.0113202
0.0113202
0.011321
0.0113202
0.0115955
0.0111194
0.0108561
0.0109479
0.011108
0.00919321
0.011299
0.00915566
0.0109178
0.013286
0.0120295
0.0116558
0.013056
0.0120118
0.0106197
0.0122858
0.00964744
0.00926122
0.011638
0.0110418
0.0110507
0.0106495
0.0101551
0.00818827
0.008225
0.00815406
0.0103927
0.0109839
0.0107802
0.0109242
0.0107766
0.0107393
0.0107393
0.0107393
0.0107476
0.0108922
0.0114046
0.0107235
0.00885382
0.0109726
0.013556
0.0102113
0.00842262
0.0104241
0.0115436
0.00869164
0.0112404
0.011641
0.011105
0.0109001
0.011234
0.0113365
0.0113247
0.0113247
0.0113202
0.0113202
0.0113202
0.0113202
0.0109477
0.0108559
0.0111194
0.0115955
0.00915549
0.0113106
0.00919324
0.011108
0.0117835
0.0121982
0.0132862
0.010918
0.0109282
0.0122859
0.0120122
0.0130564
0.0103926
0.00815355
0.00822457
0.00818827
0.0101551
0.0106495
0.0110512
0.0110419
0.0116375
0.00926123
0.00964744
0.0114879
0.0110933
0.0107931
0.0107435
0.0107393
0.0107393
0.0107434
0.0107931
0.0110935
0.0114885
0.0130571
0.0128192
0.013057
0.0128199
0.0130842
0.0121813
0.0128771
0.0121813
0.0118526
0.0121712
0.0114354
0.0120686
0.0117681
0.0117679
0.0113254
0.0114349
0.0117523
0.0117523
0.0113209
0.0113209
0.0122399
0.0116461
0.0118016
0.011217
0.0142906
0.0138381
0.0132345
0.0133077
0.0142364
0.0103353
0.0136646
0.0106037
0.0110196
0.0111967
0.0114502
0.0111972
0.0122341
0.010295
0.0109197
0.00987201
0.0100233
0.0100239
0.00987257
0.0109197
0.0102951
0.0122342
0.0114078
0.0114045
0.0108922
0.0107476
0.0107393
0.0107393
0.0107393
0.0107766
0.0109248
0.0107801
0.0109828
0.0111497
0.0141092
0.00885382
0.0109721
0.00928435
0.0123098
0.0104234
0.00842212
0.0113264
0.0108689
0.011641
0.0112403
0.0113601
0.0113774
0.0113365
0.011234
0.0117521
0.0117521
0.0113202
0.0113202
0.0120408
0.0121366
0.010856
0.0109477
0.0123751
0.0121776
0.0113109
0.00915565
0.0118237
0.0121819
0.012198
0.0117834
0.0114141
0.0116313
0.0109287
0.0122858
0.00935593
0.00926139
0.0116376
0.0110419
0.0110512
0.0106495
0.0101551
0.00818826
0.00822445
0.0081536
0.0103927
0.0118701
0.0115185
0.010905
0.0108066
0.0107399
0.0107399
0.0107399
0.0107482
0.0108928
0.0115169
0.0107395
0.0104772
0.0133166
0.0132889
0.0102878
0.00986535
0.00959447
0.0114301
0.00873804
0.00899025
0.00917389
0.0111052
0.0110326
0.0113789
0.0107324
0.0113247
0.0113249
0.011753
0.0117523
0.0109427
0.0109425
0.0116614
0.0117643
0.0111037
0.0109577
0.0118727
0.0120105
0.0095068
0.0113524
0.0118537
0.0115149
0.0140215
0.011367
0.0118375
0.0109431
0.0125057
0.0134643
0.0100368
0.00801764
0.00822448
0.00818829
0.00981399
0.0102743
0.0101005
0.0106352
0.0112632
0.00913649
0.0097949
0.0120302
0.0113753
0.0108306
0.0102909
0.0103853
0.0102986
0.0106528
0.0109899
0.0111952
0.0104275
0.0140317
0.012596
0.0103813
0.0120269
0.00968561
0.012978
0.0129582
0.00993731
0.00795289
0.0108105
0.0121743
0.0123985
0.0105457
0.0111797
0.0117568
0.0122016
0.0108018
0.0104179
0.0108362
0.0113649
0.0106303
0.0105761
0.00959622
0.00935578
0.01122
0.0107979
0.0151921
0.0118889
0.0110423
0.0114446
0.016287
0.0130237
0.0111843
0.0115782
0.0120152
0.0114611
0.0110969
0.0101352
0.0100087
0.00953268
0.00978781
0.0097794
0.00850615
0.00864139
0.00809234
0.0116014
0.0116659
0.0107388
0.00968922
0.00753116
0.00804203
0.00959793
0.011016
0.00905843
0.00767677
0.0135301
0.0129096
0.00821479
0.00819708
0.0122603
0.0132578
0.00934128
0.00865825
0.0117244
0.0137297
0.0128108
0.0124282
0.0124481
0.00972188
0.0124902
0.0127213
0.00814622
0.00818386
0.0118621
0.0127338
0.0098768
0.0100976
0.00926961
0.0115885
0.0102919
0.00835247
0.0134716
0.012243
0.00867357
0.0109131
0.0148971
0.0139534
0.00896975
0.008929
0.0142718
0.0116251
0.0101727
0.0116219
0.010187
0.00806016
0.00796302
0.00990198
0.0118105
0.00945261
0.0096639
0.00812241
0.00937154
0.0111755
0.00394471
0.013074
0.014049
0.0124507
0.0130776
0.00985486
0.0118877
0.00807379
0.0116829
0.004304
0.00895834
0.00766948
0.0147937
0.014486
0.0139928
0.010095
0.0102815
0.0130348
0.0133565
0.0157531
0.0083401
0.0100735
0.013231
0.013621
0.0100234
0.0110721
0.0140634
0.0145261
0.00913214
0.00969786
0.0117191
0.00816972
0.00825197
0.00381496
0.00926378
0.00839906
0.00824836
0.00326981
0.0135478
0.0108345
0.0127057
0.0146147
0.0135348
0.016774
0.012802
0.0101892
0.00900176
0.00993275
0.00894242
0.00879358
0.00390745
0.0138517
0.00940523
0.0108236
0.0133318
0.01124
0.0111139
0.0128927
0.0105855
0.0090901
0.00969825
0.00913274
0.0131282
0.0139986
0.0107197
0.0115218
0.0110716
0.0140402
0.013582
0.0110085
0.0110085
0.012804
0.0124722
0.0115223
0.0130347
0.0138625
0.0121508
0.0144859
0.0148847
0.00970151
0.0127351
0.00925792
0.0112925
0.00399441
0.0113273
0.0122872
0.00902085
0.00954462
0.0111094
0.0114817
0.0111974
0.0104942
0.00707548
0.00879517
0.0110746
0.00867353
0.0107733
0.0116418
0.011192
0.0123179
0.00945844
0.00988181
0.0100228
0.0102171
0.0100227
0.010381
0.00981127
0.00851531
0.0082461
0.00816981
0.0107668
0.0100735
0.00834029
0.00829034
0.00818826
0.00981345
0.0102743
0.00987317
0.0104461
0.0108588
0.0116914
0.0102818
0.00974847
0.0126574
0.0110661
0.0110771
0.0108574
0.0104086
0.0111106
0.0107856
0.0139951
0.0116595
0.0110966
0.0103138
0.0103292
0.00846957
0.00912931
