0.00290471
0.00269195
0.00305283
0.00321053
0.00391068
0.0024183
0.00282791
0.00193629
0.004738
0.00507808
0.0076107
0.00327855
0.00312184
0.00735632
0.00557787
0.00485491
0.00668842
0.00667154
0.00337223
0.00872736
0.00799961
0.00449381
0.0097607
0.00610881
0.0110724
0.00972671
0.00963169
0.00422981
0.00593934
0.00784837
0.00582954
0.00583291
0.0106251
0.00640813
0.00457237
0.00938627
0.00990345
0.00767576
0.00834745
0.00714379
0.00662678
0.0115391
0.0109391
0.0101684
0.0081673
0.00815588
0.0103934
0.00838493
0.00912892
0.0123114
0.0105628
0.0113162
0.0111881
0.0107524
0.0102978
0.00999677
0.0100008
0.00915892
0.0136407
0.00572108
0.0107285
0.0109571
0.0109195
0.0097831
0.0103586
0.00992237
0.0102812
0.0130622
0.011015
0.00470482
0.00563461
0.0105956
0.0107044
0.00849512
0.00815498
0.0080109
0.0100452
0.0100262
0.00916627
0.00734566
0.00838439
0.00589267
0.00809972
0.0105526
0.0121327
0.0102093
0.0103593
0.00772034
0.0118993
0.0118387
0.0122918
0.00925528
0.0128396
0.00876328
0.00390372
0.00528609
0.00600246
0.00862081
0.0122783
0.0124825
0.00961092
0.0118607
0.00917157
0.00751607
0.0126325
0.011206
0.0119208
0.0120172
0.0108047
0.010502
0.012334
0.0130354
0.0110187
0.0121518
0.0119065
0.0119065
0.0105396
0.0105396
0.0124819
0.00968386
0.00745816
0.00902494
0.011074
0.011514
0.0108722
0.0110661
0.00798826
0.00857554
0.00850629
0.00949907
0.00945144
0.00882538
0.0143016
0.0126978
0.00792987
0.00777798
0.00901498
0.00933304
0.0123603
0.00920437
0.0151164
0.0137224
0.0129031
0.00395186
0.00869778
0.0116496
0.00922699
0.0145927
0.0138768
0.0134691
0.00409588
0.0111024
0.0112891
0.0133705
0.00470959
0.00739539
0.0100254
0.00915998
0.00999004
0.0119851
0.0121988
0.0135989
0.00966463
0.00850443
0.00815152
0.0103832
0.0106922
0.0119088
0.012298
0.0100241
0.00801541
0.00587195
0.00811562
0.0101497
0.0101497
0.0119065
0.0119065
0.0102812
0.0099224
0.00843358
0.0119265
0.00943851
0.0101124
0.0117835
0.0115164
0.0111736
0.0103111
0.0122847
0.00886023
0.00972663
0.00949638
0.0116601
0.0112152
0.0126654
0.0109172
0.00915123
0.00683537
0.00681886
0.00711615
0.0120642
0.0120123
0.0103375
0.0039691
0.0144561
0.0143886
0.0146845
0.00962699
0.0133368
0.00831551
0.00364461
0.00747196
0.00806184
0.0103969
0.0123652
0.0102398
0.0106121
0.00797193
0.00814756
0.014729
0.0160121
0.00858239
0.00899153
0.0168492
0.0116223
0.0115668
0.0101134
0.0100346
0.0101736
0.0109817
0.011474
0.00920564
0.00949199
0.00810873
0.0114665
0.0096928
0.0103033
0.0117292
0.0117292
0.00820899
0.00800698
0.00563965
0.00710107
0.0095207
0.00881745
0.011726
0.011726
0.0104229
0.00985063
0.00854216
0.0115437
0.0100408
0.00992565
0.0117373
0.011162
0.0109525
0.0107812
0.0120801
0.0121711
0.0101954
0.0101887
0.0110988
0.00914219
0.0111022
0.0106919
0.00987052
0.00947265
0.00900941
0.00858269
0.0108942
0.013559
0.00943266
0.00845683
0.0139449
0.0137493
0.00870844
0.00866006
0.010541
0.0100625
0.0124314
0.01046
0.00840259
0.00770141
0.00972793
0.0103728
0.0103251
0.0101935
0.00849599
0.00822723
0.00813643
0.0106166
0.00811946
0.0101614
0.012829
0.0131033
0.00795971
0.0103999
0.00982812
0.0123077
0.0103765
0.00979505
0.0102026
0.0118005
0.0112149
0.0116154
0.00839684
0.00886875
0.0118943
0.0115028
0.00777801
0.0111484
0.0112082
0.0113105
0.00975802
0.00975802
0.0109791
0.011439
0.00670915
0.00534494
0.0112955
0.0112955
0.0103581
0.0103581
0.0110713
0.0108857
0.0115002
0.00841253
0.0109229
0.0108312
0.0107147
0.0107147
0.0115236
0.0108205
0.0122081
0.0120938
0.00913538
0.0112854
0.0103452
0.0107812
0.0095449
0.00905776
0.0089727
0.00977423
0.0118825
0.012238
0.00788527
0.00944092
0.0109033
0.0125742
0.0079665
0.00952697
0.0103981
0.00809164
0.00822721
0.00849544
0.0102184
0.0102812
0.00983383
0.00946662
0.0114623
0.011068
0.0104113
0.0103626
0.00985067
0.0104229
0.0100561
0.0104367
0.013027
0.0127911
0.0104484
0.0107617
0.0130554
0.0121539
0.010342
0.0104388
0.00773938
0.00967033
0.0100145
0.0112412
0.0106479
0.0118264
0.0121449
0.010169
0.0107011
0.00909254
0.0106986
0.00839066
0.00997083
0.0117405
0.0117405
0.0103581
0.0103581
0.0125498
0.0103437
0.00805916
0.00612602
0.011726
0.011726
0.0107159
0.0107159
0.0108975
0.0104712
0.0134025
0.00883465
0.0122125
0.0116194
0.0107153
0.0107153
0.0122295
0.0121681
0.013782
0.00793685
0.0142583
0.0138069
0.0107818
0.0107818
0.0101206
0.00864692
0.00755271
0.00774545
0.0142047
0.0103121
0.00957392
0.0101727
0.0109944
0.0111721
0.00994004
0.0100353
0.0122071
0.0102711
0.0108944
0.00985064
0.0104225
0.0104269
0.0101728
0.0102721
0.0111933
0.0114125
0.0108217
0.0107236
0.0107153
0.0107812
0.0107812
0.0101722
0.0104703
0.0113367
0.0142182
0.0102087
0.0103047
0.00958785
0.0125349
0.0101727
0.00989324
0.00880161
0.0110324
0.0100529
0.00967322
0.00848221
0.00786559
0.0118264
0.0118268
0.0107812
0.0107818
0.0110232
0.0090725
0.009345
0.00826882
0.011741
0.011741
0.0107147
0.0107147
0.0102019
0.0108284
0.0117447
0.0116869
0.0117265
0.0117265
0.0107153
0.0107153
0.010959
0.0109266
0.0125664
0.00775557
0.0120142
0.0121094
0.0103575
0.0103581
0.01064
0.0115202
0.00829803
0.00668765
0.0123475
0.0123475
0.0107016
0.0101679
0.00894291
0.00646099
0.00824864
0.00766044
0.00769221
0.0120705
0.0126482
0.0104389
0.0103431
0.0122304
0.0119759
0.0104482
0.010602
0.0096475
0.00924056
0.0116119
0.0110168
0.0110256
0.0104854
0.0107813
0.0100858
0.010464
0.0117805
0.0111884
0.0108829
0.01072
0.0107159
0.0107153
0.0107818
0.0110595
0.0104697
0.0113665
0.0111286
0.012976
0.00850944
0.0109601
0.0126892
0.0103357
0.00971066
0.00763218
0.0102514
0.0134306
0.012707
0.00956696
0.00733645
0.00589755
0.00605614
0.0118478
0.0121974
0.0107818
0.0108041
0.00791629
0.0100808
0.00845454
0.00760633
0.0117292
0.0118641
0.0107153
0.0107153
0.00970538
0.0102669
0.0117058
0.00998588
0.0117258
0.011726
0.0107159
0.0107159
0.0105946
0.0102714
0.00610323
0.010362
0.0117371
0.0117371
0.00978734
0.0103629
0.0117951
0.0118189
0.0104201
0.00532728
0.0114905
0.0119272
0.00847854
0.00820713
0.0116273
0.0085019
0.00881807
0.00636815
0.00838318
0.0119845
0.01199
0.0116426
0.00898368
0.0142258
0.0133181
0.0122066
0.0125389
0.0122455
0.00841202
0.00861144
0.00817005
0.00979171
0.010251
0.00927933
0.0101374
0.010112
0.0106079
0.0107347
0.011532
0.0108228
0.0107241
0.0107153
0.0107147
0.0107147
0.0108014
0.0105451
0.0110006
0.00872574
0.0106458
0.0140724
0.00703479
0.00689846
0.00907943
0.0116881
0.00831708
0.00932083
0.0104038
0.00898519
0.0152163
0.0122879
0.0145448
0.00885547
0.00766291
0.00793792
0.0112538
0.0113501
0.0110878
0.0127035
0.00809202
0.00961746
0.00788384
0.00728439
0.011299
0.0112988
0.0107807
0.011368
0.0102597
0.0105864
0.0103433
0.00946977
0.0112955
0.0112956
0.0107813
0.0107813
0.00978799
0.00972979
0.0101247
0.0106921
0.011302
0.0107351
0.0102683
0.0108052
0.00798125
0.00909914
0.0110081
0.0127731
0.0106744
0.00882804
0.00782644
0.0101695
0.00742837
0.00999071
0.0133457
0.0128005
0.011882
0.0105185
0.0135024
0.0123897
0.00922295
0.0137829
0.0134218
0.0128518
0.00991218
0.0103509
0.00942522
0.0114778
0.0106119
0.0100772
0.0102505
0.00979178
0.00782264
0.00772965
0.00777634
0.010126
0.0108443
0.00994303
0.0108835
0.01072
0.0107158
0.0107158
0.0107153
0.0107235
0.0101589
0.0102003
0.00846121
0.0105489
0.0118085
0.0124141
0.00867712
0.00965603
0.00888486
0.00969957
0.0100358
0.0120554
0.0137976
0.012778
0.0110922
0.0104525
0.0138932
0.0146941
0.00957218
0.0118633
0.0116758
0.0127833
0.010481
0.0112134
0.0121978
0.00767613
0.00993787
0.0112982
0.0116686
0.0112473
0.0113863
0.00932662
0.00932571
0.0102119
0.00990029
0.0116083
0.0117298
0.0109772
0.0109772
0.0116375
0.0102269
0.0127026
0.0120882
0.0113424
0.0117521
0.0113235
0.0112527
0.0127413
0.00962218
0.013423
0.0129282
0.00967678
0.0119829
0.0110455
0.0114646
0.0106644
0.00782911
0.00985272
0.00966179
0.0101082
0.0125223
0.0119448
0.011472
0.011448
0.0115405
0.0116208
0.0140461
0.0115283
0.0101785
0.0117403
0.00854581
0.00861135
0.00816916
0.0101318
0.0106262
0.0110262
0.0110163
0.0111006
0.00884431
0.00912937
0.00807468
0.0100312
0.0101173
0.0107241
0.0107153
0.0107153
0.0107153
0.0107189
0.0107684
0.0103945
0.0111425
0.00963708
0.0111663
0.0143075
0.0135405
0.007596
0.00747926
0.00747773
0.00806875
0.0104716
0.0123423
0.0129213
0.0117208
0.0134309
0.00868924
0.010932
0.0126122
0.0123049
0.0124336
0.0126752
0.00938526
0.00975913
0.013054
0.0123762
0.0113549
0.01246
0.0121487
0.0123148
0.0112143
0.0106529
0.0107051
0.0126024
0.0105132
0.0109838
0.0127754
0.0121202
0.0112949
0.0112949
0.0115024
0.0112548
0.0124957
0.0103351
0.0151643
0.0126552
0.0116993
0.0111907
0.0121047
0.013953
0.0106398
0.00973366
0.0126245
0.0159047
0.0137381
0.0132853
0.0160092
0.0139696
0.00819821
0.00810369
0.00742588
0.0110368
0.0100269
0.0133629
0.010195
0.0122221
0.00847557
0.00873489
0.010016
0.010906
0.0108899
0.00880471
0.00859302
0.0107522
0.0106108
0.0100777
0.0100014
0.0100009
0.00985015
0.0108944
0.0102711
0.0117283
0.00949081
0.011562
0.0105372
0.0107274
0.0107153
0.0107147
0.0107153
0.0107153
0.0107519
0.0108992
0.0108496
0.0111792
0.0124477
0.00957272
0.00905206
0.0112273
0.00848578
0.0105783
0.00945109
0.0103367
0.00996665
0.0104191
0.0108359
0.0126995
0.0103592
0.00854136
0.00703479
0.00689887
0.010384
0.010693
0.0131713
0.0118567
0.0109291
0.0109827
0.00932083
0.00831664
0.0105167
0.0105163
0.0130755
0.0130759
0.0109381
0.0108118
0.0124221
0.010532
0.0108013
0.0111274
0.0136987
0.013363
0.0112955
0.0112956
0.010664
0.00786571
0.0101997
0.0104854
0.0147094
0.0153077
0.0108313
0.0109229
0.0093852
0.0130916
0.0080084
0.00937247
0.0123193
0.00921215
0.0112737
0.00913548
0.0136942
0.0133167
0.00964847
0.00921028
0.00711258
0.00961571
0.0115406
0.0120032
0.0116296
0.0104908
0.00980521
0.0118447
0.00992319
0.01523
0.0110745
0.0105967
0.0122584
0.0117542
0.00756427
0.00815956
0.00782311
0.0101324
0.0106251
0.0106251
0.0101323
0.00817007
0.00820617
0.00813531
0.0103684
0.0121569
0.012928
0.0111178
0.0109943
0.0107159
0.0107153
0.0107153
0.0107159
0.0107241
0.0108672
0.0114909
0.0107154
0.00990367
0.0133695
0.0135673
0.0100717
0.0113665
0.0104697
0.0109733
0.0107159
0.0101727
0.0101727
0.0100197
0.0102114
0.0111272
0.00867264
0.00850944
0.0109601
0.0101033
0.0101033
0.0125393
0.0130106
0.0110799
0.0108764
0.00763218
0.00980143
0.0101729
0.0101729
0.0124368
0.0130011
0.0112982
0.0112982
0.0104188
0.00996639
0.0107818
0.0107818
0.0131881
0.012656
0.0112951
0.0112949
0.00828341
0.00895048
0.0105183
0.0107818
0.0123607
0.010593
0.0107349
0.0113015
0.00953862
0.0124169
0.0092689
0.00970993
0.0138804
0.0144438
0.00882803
0.0106742
0.0123678
0.0124233
0.00997028
0.0101813
0.0152344
0.0151299
0.0131364
0.0105597
0.0103575
0.00835937
0.00814533
0.00819515
0.00974259
0.00998481
0.0120908
0.0141948
0.0130259
0.0132455
0.00967407
0.00918057
0.0112943
0.0103399
0.00954635
0.0100009
0.0100014
0.0100783
0.0106108
0.0114772
0.00942601
0.010045
0.0115066
0.0113974
0.0111911
0.0107189
0.0107153
0.0107153
0.0107147
0.0107147
0.0107194
0.0108835
0.0111884
0.0117805
0.0111775
0.0129277
0.0111283
0.0129755
0.0111157
0.0107299
0.0107194
0.0107194
0.0101722
0.0101722
0.0148731
0.0103875
0.0126887
0.0103362
0.0110154
0.0114161
0.0101028
0.0101027
0.0138175
0.0136192
0.0118486
0.0121966
0.0104877
0.0109237
0.0101724
0.0101724
0.0127466
0.0133376
0.0117297
0.0118649
0.0107608
0.010705
0.0107812
0.0107812
0.0124584
0.0122935
0.0117265
0.0117265
0.0104166
0.0132025
0.0107818
0.0107812
0.0127658
0.0108429
0.0117373
0.0117378
0.0123565
0.0102836
0.00980377
0.0101729
0.0154053
0.0151361
0.0114907
0.0119274
0.00879375
0.0107483
0.0101809
0.010035
0.0142971
0.0132781
0.0119847
0.0119899
0.0104604
0.0100556
0.0103581
0.00978254
0.00979685
0.00993763
0.0126627
0.0115426
0.0142257
0.0133181
0.0119539
0.00798988
0.00860561
0.00807756
0.0101238
0.0103706
0.0106251
0.0101318
0.0081696
0.00861182
0.00841255
0.0122455
0.0114616
0.0115053
0.0107571
0.0107236
0.0107153
0.0107159
0.0107159
0.0107153
0.0107236
0.0108228
0.0115325
0.0112235
0.0142386
0.0147328
0.0139669
0.0114667
0.0110105
0.010395
0.0107365
0.010753
0.0101727
0.0101727
0.0117286
0.0158649
0.0124479
0.00965728
0.0143956
0.0135221
0.0101033
0.0101033
0.0131708
0.0128802
0.0118262
0.0120029
0.0117208
0.0141595
0.0101729
0.0101729
0.0130755
0.0130755
0.0117405
0.0117405
0.0100134
0.00993585
0.0107818
0.0107818
0.0132961
0.0129248
0.0113518
0.0113352
0.0137132
0.0130696
0.0107812
0.0107818
0.0146704
0.0146805
0.0121199
0.0113724
0.0131512
0.00961334
0.0101729
0.0101724
0.0126896
0.010041
0.0127463
0.0126713
0.0103963
0.0100807
0.0101029
0.0101023
0.0104084
0.01299
0.0134513
0.0125496
0.0114726
0.0103744
0.0112266
0.0107159
0.010173
0.0101724
0.0166319
0.0152227
0.0124891
0.0127254
0.0116177
0.00965273
0.0114944
0.0106108
0.0100777
0.0100014
0.0100014
0.0100777
0.0106108
0.0112378
0.00911598
0.00979649
0.0108896
0.0116048
0.0108992
0.0107895
0.0107153
0.0107147
0.0107147
0.0107153
0.0107153
0.0107189
0.0109641
0.0112221
0.01122
0.0101801
0.0125135
0.0106894
0.0124857
0.0084611
0.0102008
0.0101584
0.0107566
0.0107812
0.0101722
0.0101722
0.0100197
0.0107662
0.0131711
0.00991472
0.00867714
0.0124138
0.0101028
0.0101028
0.0125397
0.0130106
0.0126727
0.0125121
0.0137977
0.0127783
0.0101724
0.0101724
0.0124373
0.0130012
0.0122721
0.0126138
0.0108761
0.0130626
0.0107812
0.0107813
0.0131883
0.0126557
0.0113498
0.0118567
0.011874
0.011285
0.0107818
0.0107812
0.0123603
0.0105934
0.0101228
0.00981035
0.0114492
0.0115411
0.0101724
0.0101729
0.013881
0.0144448
0.0164691
0.0124742
0.0101785
0.0115292
0.0101023
0.0101029
0.0154937
0.0153938
0.0170242
0.0126763
0.00912978
0.00884516
0.0111005
0.0110244
0.0109704
0.0101724
0.010173
0.012384
0.0145753
0.0115851
0.0115313
0.00938167
0.00892118
0.00931802
0.00839687
0.00856533
0.0097912
0.0102505
0.00975801
0.00975852
0.00800684
0.00860007
0.0080655
0.0115208
0.0112921
0.0111472
0.0109646
0.0107194
0.0107159
0.0107159
0.0107153
0.0107153
0.0107159
0.01079
0.0108998
0.0116054
0.0108893
0.0111262
0.0126703
0.012514
0.0101813
0.00896639
0.0109839
0.0105586
0.0107679
0.0107818
0.0107818
0.0101727
0.0101727
0.0148728
0.0103879
0.0100197
0.0107665
0.00750957
0.00721577
0.0101033
0.0101033
0.0138171
0.0136188
0.0130106
0.0123428
0.00972531
0.00871885
0.0101729
0.0101729
0.0127464
0.0133371
0.0124617
0.0122899
0.012882
0.0107845
0.0107818
0.0107818
0.0124587
0.0122934
0.0120502
0.0127025
0.010633
0.00782651
0.0107812
0.0107818
0.0127654
0.0108431
0.00943747
0.0117687
0.00922268
0.0123895
0.0101729
0.0101724
0.0154048
0.0151355
0.0140355
0.012494
0.0128516
0.00991162
0.0101029
0.0101023
0.0142966
0.0132778
0.0157685
0.0151706
0.0101256
0.00777614
0.00772961
0.00782311
0.0101983
0.0106352
0.010173
0.0101724
0.0126622
0.0117803
0.014574
0.0123835
0.0119238
0.0080654
0.0086002
0.00800687
0.00975854
0.00975854
0.010251
0.0097912
0.00856532
0.00839693
0.00931844
0.00892132
0.00938147
0.0114611
0.0115048
0.0107566
0.010723
0.0107147
0.0107153
0.0107153
0.0107147
0.010723
0.0107565
0.0115047
0.0114611
0.014238
0.0147322
0.0147322
0.014238
0.0119041
0.0103494
0.0109468
0.0101204
0.0104219
0.0104257
0.0101722
0.0101722
0.0117292
0.0158643
0.0158633
0.0117286
0.0106327
0.0127244
0.0101027
0.0101028
0.0131713
0.0128812
0.0131713
0.0128813
0.00953629
0.0115797
0.0101724
0.0101724
0.013076
0.013076
0.013076
0.013076
0.0113012
0.0101399
0.0103824
0.0104263
0.0132956
0.0129253
0.0132956
0.0129253
0.00828341
0.00895049
0.0107017
0.0101684
0.0146704
0.0146799
0.0146709
0.0146799
0.00937558
0.0124438
0.010439
0.0103428
0.0126896
0.0100409
0.0126897
0.0100409
0.0126804
0.0128149
0.0104479
0.0106023
0.0104084
0.01299
0.0129902
0.0104085
0.0110348
0.0101115
0.0101363
0.00927879
0.0101359
0.0104165
0.0100858
0.0104642
0.0166319
0.0152224
0.0152232
0.0166322
0.0116178
0.00965272
0.0114951
0.0106113
0.0100772
0.0100008
0.0100008
0.0100772
0.0106114
0.0114951
0.00965272
0.0116186
0.0108896
0.0116054
0.0108998
0.01079
0.0107159
0.0107153
0.0107153
0.0107159
0.0107159
0.0107194
0.0109646
0.0111472
0.0112916
0.0101809
0.0125139
0.0111261
0.0126702
0.00932346
0.0115203
0.00900082
0.00856993
0.00837585
0.009828
0.00988395
0.00979719
0.0101277
0.0102205
0.0107665
0.0148729
0.0103875
0.00946721
0.0105978
0.0102087
0.0103041
0.0128946
0.0131707
0.0138178
0.0136194
0.0121897
0.0107515
0.0101723
0.00989324
0.0127464
0.0131295
0.0127464
0.0133371
0.0111272
0.0110601
0.00984684
0.0103965
0.0133597
0.0126551
0.0124587
0.0122934
0.0108338
0.0137627
0.00847888
0.00820711
0.0123603
0.0100491
0.0127654
0.0108431
0.012458
0.00994422
0.0116421
0.00898354
0.0132854
0.0143522
0.0154053
0.0151355
0.00961226
0.0120638
0.0122072
0.0125393
0.0163037
0.0156861
0.014297
0.0132778
0.0118805
0.0105121
0.0108951
0.010136
0.00927931
0.0101374
0.010112
0.010608
0.012384
0.0145753
0.0126622
0.0117803
0.00938207
0.00892169
0.00931802
0.00839695
0.00856532
0.00979118
0.010251
0.00975856
0.00975856
0.00800685
0.00859964
0.008065
0.0119238
0.0112911
0.0111466
0.010964
0.0107188
0.0107153
0.0107153
0.0107147
0.0107147
0.0107153
0.0107895
0.0108992
0.0116048
0.0108893
0.0113161
0.0131069
0.0125137
0.0101808
0.0129449
0.00918889
0.0150131
0.0110744
0.009661
0.0095567
0.00849807
0.00877225
0.00951147
0.0111002
0.0153233
0.0106487
0.0100194
0.0107665
0.00847431
0.00986146
0.00851748
0.0110411
0.0144831
0.0140165
0.0130102
0.0125397
0.0118073
0.0110826
0.00954558
0.0074094
0.0136263
0.0138388
0.0130012
0.0124373
0.0122693
0.0115866
0.010321
0.0103442
0.0126741
0.0131371
0.0126557
0.0131883
0.0131675
0.0138138
0.0078264
0.0101695
0.0113636
0.0109634
0.0105934
0.0123603
0.0123695
0.00914711
0.0123901
0.0092228
0.0183041
0.0139928
0.0144443
0.013881
0.00772929
0.00888751
0.0128522
0.00991216
0.0195954
0.0142911
0.0154937
0.0153938
0.00860854
0.00903259
0.0109208
0.0109186
0.0104421
0.00782315
0.00772961
0.00777615
0.010126
0.0133665
0.0117803
0.0145747
0.012384
0.0119238
0.00806501
0.00859964
0.00800683
0.00975854
0.00975803
0.0102505
0.0097912
0.00856533
0.00839689
0.00931849
0.00892177
0.00938197
0.0116642
0.0115048
0.0107571
0.0107236
0.0107153
0.0107159
0.0107159
0.0107153
0.0107236
0.0107571
0.0115048
0.0114611
0.0106697
0.015559
0.0152841
0.0147327
0.0142386
0.0127022
0.0106446
0.0155527
0.0180521
0.0115077
0.00990698
0.0101823
0.00925528
0.00947061
0.0149331
0.0172846
0.0158642
0.0117288
0.0125925
0.0115613
0.00858098
0.0100665
0.0147755
0.0152059
0.0131709
0.0128813
0.0112584
0.0122683
0.00852004
0.00800816
0.0143859
0.0143859
0.0130755
0.0130755
0.0114191
0.0108783
0.0110184
0.0103159
0.0139919
0.0138607
0.0132961
0.0129248
0.0107572
0.00824573
0.0110449
0.0114966
0.0148442
0.0140336
0.0146704
0.0146805
0.00973501
0.0122916
0.0114486
0.011541
0.0157648
0.0156368
0.0126894
0.0100413
0.0105809
0.00772539
0.0115288
0.0101785
0.0163346
0.0157097
0.01299
0.0104088
0.00952847
0.00883262
0.0102594
0.00831762
0.0111097
0.010918
0.0111005
0.00884479
0.00912928
0.0170447
0.0160769
0.0152226
0.0166315
0.0118518
0.00965272
0.0114951
0.0106114
0.0100778
0.0100014
0.0100014
0.0100777
0.0106108
0.0114945
0.00965281
0.0116184
0.0119516
0.0118535
0.0108182
0.01079
0.0107153
0.0107147
0.0107147
0.0107153
0.0107153
0.0107188
0.010964
0.0111467
0.0112917
0.00773146
0.00949515
0.00914133
0.0103961
0.01394
0.0141932
0.0111262
0.0126701
0.0095122
0.0100759
0.0163898
0.0167853
0.0125251
0.00977268
0.0110571
0.0156022
0.0153028
0.0148728
0.0103875
0.0086777
0.0105335
0.00922288
0.00914715
0.0156371
0.0157644
0.0138181
0.0136193
0.0108243
0.0106913
0.0100796
0.00983055
0.0140321
0.0148438
0.0127466
0.0133376
0.0105764
0.00985065
0.0117631
0.0111838
0.0138599
0.0139911
0.0124584
0.0122935
0.00822723
0.00848639
0.0137945
0.0138736
0.0143854
0.014385
0.0127653
0.0108429
0.00928421
0.0122869
0.0131517
0.00961291
0.0152064
0.014775
0.0154048
0.0151355
0.0148626
0.0132252
0.0103959
0.0100812
0.0156189
0.0159944
0.0142967
0.0132778
0.0147956
0.0123287
0.0132446
0.0119636
0.0117176
0.0113211
0.0107955
0.0114731
0.01765
0.0169898
0.0126623
0.0117798
0.0116607
0.0095521
0.00948931
0.00839695
0.00856532
0.00979175
0.0102505
0.00975804
0.00975857
0.00800693
0.00860008
0.00806533
0.0119238
0.0120264
0.0118467
0.0108468
0.0108462
0.0107153
0.0107159
0.0107159
0.0107153
0.0107153
0.0107159
0.0108474
0.0109282
0.0115904
0.0107592
0.00930236
0.00926884
0.008038
0.00854069
0.00894241
0.0131663
0.0137269
0.0136996
0.0121684
0.0100202
0.0081874
0.00962273
0.015516
0.0160897
0.0109016
0.00762985
0.0189352
0.0139471
0.0154287
0.0100197
0.0104615
0.00805918
0.00953761
0.00877923
0.00739307
0.0132857
0.0139926
0.018305
0.0130106
0.0125393
0.0103656
0.0108834
0.0099
0.00929901
0.0123604
0.0100495
0.0109638
0.011363
0.0130011
0.0124368
0.010394
0.0104291
0.0114341
0.0108799
0.0133598
0.0126546
0.0131371
0.0126745
0.012656
0.0131881
0.0102156
0.0102766
0.0138228
0.0114574
0.0127472
0.0131304
0.0138392
0.0136263
0.0105935
0.0123607
0.0106245
0.00911352
0.00990089
0.0120421
0.0128945
0.0140161
0.0144841
0.0144443
0.013881
0.0110998
0.015003
0.00845295
0.010459
0.0161259
0.0114553
0.0177807
0.0156379
0.0155418
0.0155771
0.0125065
0.0109196
0.0120335
0.011467
0.0110912
0.010571
0.0189803
0.0174394
0.0151245
0.0124201
0.00830288
0.00837035
0.0115353
0.00945147
0.00945158
0.00836465
0.00836465
0.009401
0.009401
0.00940097
0.00940097
0.00836468
0.00836473
0.00928377
0.00884307
0.00948756
0.0132447
0.0123315
0.0110906
0.0108474
0.0107159
0.0107153
0.0107147
0.0107153
0.0107153
0.0107147
0.0108462
0.0108468
0.0118462
0.0116429
0.0105748
0.0103517
0.0100257
0.0106004
0.0120592
0.00957497
0.0101052
0.00946657
0.0115285
0.00901331
0.0148098
0.0132522
0.0126217
0.0107526
0.0111423
0.0124949
0.0126081
0.00879916
0.00951424
0.015261
0.0154537
0.0139664
0.0118784
0.0101714
0.0109237
0.00763884
0.00974493
0.012583
0.00953818
0.014352
0.0138227
0.0130861
0.0111448
0.0106718
0.0094884
0.00971041
0.0158047
0.0149683
0.0137884
0.0137884
0.0105344
0.010634
0.0107689
0.0107194
0.0140918
0.0143886
0.0143886
0.0140934
0.0106235
0.0105811
0.0116853
0.0110708
0.0137879
0.0137882
0.0149679
0.0158031
0.00897252
0.0111808
0.0111559
0.0111923
0.0138217
0.0130861
0.0131705
0.0125833
0.0095382
0.0116717
0.0121852
0.0108748
0.0118515
0.0124667
0.0109183
0.0105684
0.0130051
0.00996818
0.0107923
0.0124355
0.011789
0.0122585
0.0114744
0.0127207
0.0158448
0.014137
0.015891
0.0166603
0.0171228
0.0103353
0.00775995
0.00785402
0.00805331
0.0105762
0.0100611
0.00893086
0.00934201
0.00836478
0.00836478
0.009401
0.009401
0.00940102
0.00940103
0.00836474
0.00836468
0.00945156
0.00945155
0.011487
0.00837481
0.00926884
0.0119947
0.0130633
0.011292
0.0113337
0.0107153
0.0107153
0.0107147
0.0107147
0.0107147
0.0107153
0.0108474
0.0108468
0.0118466
0.0118466
0.0110107
0.0103945
0.0106355
0.0101364
0.00816966
0.0082062
0.00813938
0.0102394
0.0132755
0.0112548
0.0138852
0.0132777
0.0143949
0.0135221
0.0124428
0.0117441
0.0112072
0.0119585
0.014782
0.0147824
0.0117206
0.0141592
0.0112889
0.0122271
0.0162253
0.0128619
0.0148375
0.0150985
0.00938591
0.00975843
0.0100637
0.0109832
0.013779
0.0166208
0.0141682
0.0146111
0.0112142
0.0106536
0.0107153
0.0107153
0.012949
0.0137138
0.0148659
0.0141439
0.0116994
0.0111906
0.0116501
0.0109819
0.0138397
0.0134237
0.0169895
0.0149036
0.0137383
0.0132856
0.0131401
0.0131701
0.0147659
0.0140785
0.0125884
0.0160073
0.013363
0.0101951
0.0138804
0.0129687
0.015157
0.0149639
0.0146781
0.011541
0.0109065
0.0108895
0.0123845
0.011703
0.0162041
0.0159523
0.0175618
0.0167001
0.0117284
0.0102716
0.010868
0.00989697
0.0107681
0.0111707
0.011349
0.00955925
0.0125594
0.0103496
0.00830336
0.008177
0.00797742
0.009401
0.00940099
0.00940093
0.00940095
0.00836467
0.00836473
0.0094515
0.0094515
0.0117108
0.0117664
0.0110519
0.0108215
0.0112181
0.0109825
0.0112485
0.0107153
0.0107159
0.0107159
0.0107153
0.0107153
0.0107153
0.0108474
0.0108474
0.0118456
0.0118462
0.00846132
0.0102008
0.010159
0.0103666
0.0103586
0.00985066
0.0104229
0.00996736
0.0104193
0.0130257
0.0127147
0.0138848
0.0138848
0.00867694
0.0124137
0.0103844
0.0106927
0.0178186
0.0139477
0.0141735
0.0152472
0.0149441
0.0137978
0.0127777
0.0105172
0.0105169
0.0132854
0.0143239
0.0184584
0.0150989
0.0153657
0.0104819
0.0127836
0.0108014
0.0111268
0.0123608
0.0100491
0.0109634
0.0118099
0.0150182
0.0147868
0.0113861
0.0112475
0.0107159
0.0107159
0.0133595
0.0126551
0.0129617
0.0126735
0.015157
0.0149451
0.0112528
0.0113229
0.0112485
0.0107153
0.0127475
0.01313
0.0134759
0.0134763
0.0157418
0.0152
0.011464
0.0110455
0.0135571
0.0109966
0.012895
0.0138491
0.0140556
0.0155276
0.0156866
0.011448
0.0115405
0.0115084
0.0100782
0.0158191
0.0114548
0.0173199
0.0159571
0.0150661
0.0101785
0.0115288
0.0115377
0.0088298
0.0181995
0.0167951
0.0175619
0.0175616
0.00912949
0.00884483
0.0111006
0.0110162
0.0110051
0.0108677
0.0111096
0.0103224
0.0113336
0.00929515
0.0094397
0.00839685
0.00885551
0.0101358
0.0101231
0.00998569
0.00944928
0.00940103
0.00940103
0.00836474
0.00836467
0.00945156
0.00945156
0.0117108
0.0132435
0.0123316
0.0110906
0.0108462
0.0107147
0.0107153
0.0107153
0.0107147
0.0107147
0.0107153
0.0107159
0.0107153
0.0108468
0.0108474
0.0118467
0.0118461
0.00872543
0.0110007
0.0105451
0.0108008
0.0107153
0.0107153
0.0107812
0.0107812
0.0101724
0.0101724
0.00946613
0.0115288
0.00901333
0.0148087
0.0138852
0.0138852
0.00703483
0.00689845
0.00960196
0.0101027
0.00951432
0.015261
0.0154537
0.0152471
0.0152477
0.00932109
0.008317
0.0099247
0.00959259
0.0125833
0.00953821
0.0143518
0.0155694
0.0155698
0.0127038
0.0110873
0.0110162
0.0109902
0.0158043
0.0149686
0.0152
0.0152
0.011368
0.0107812
0.0107153
0.0112312
0.0140922
0.0143883
0.0151541
0.0151541
0.0108052
0.0102688
0.0107147
0.0107147
0.0137879
0.0137886
0.0152
0.0152
0.0101699
0.00782641
0.0108047
0.0107812
0.0138217
0.0130856
0.0131705
0.0155693
0.0155693
0.00922283
0.0123891
0.00826056
0.00959491
0.0124662
0.0109181
0.0105682
0.0159576
0.0159573
0.0128514
0.00991214
0.00830074
0.00988583
0.0127207
0.0158442
0.0141367
0.0158907
0.0175618
0.0175621
0.0101255
0.00777632
0.0077296
0.00782309
0.0101323
0.0106251
0.0107812
0.0108793
0.0102694
0.010097
0.0100611
0.00893081
0.0093426
0.00836464
0.00836421
0.00975857
0.00975806
0.0100003
0.0100014
0.00975854
0.00975852
0.00836467
0.00836474
0.0094515
0.0094515
0.0117108
0.0083756
0.00926996
0.0119942
0.0130627
0.0112925
0.0113349
0.0107159
0.0107153
0.0107153
0.0107159
0.0107159
0.0107153
0.0112491
0.010983
0.0112169
0.0108209
0.011052
0.011598
0.0113668
0.0104699
0.011059
0.0107813
0.0107159
0.0107159
0.0107818
0.0107818
0.010173
0.010603
0.0132751
0.0112544
0.0128886
0.0131683
0.00850938
0.0109597
0.0103797
0.0100529
0.0112077
0.0119587
0.0139836
0.0143829
0.00763249
0.00971135
0.00758672
0.00808091
0.0162253
0.0128621
0.015687
0.0155275
0.0108036
0.0107812
0.012255
0.009664
0.0137791
0.0166209
0.0152
0.0157422
0.0107159
0.0107159
0.011324
0.0134706
0.012949
0.0137138
0.0149451
0.015157
0.0103629
0.00978734
0.0107194
0.0113763
0.0138397
0.0134237
0.0147864
0.0150182
0.00820714
0.00847852
0.0111268
0.0108439
0.0147663
0.0140784
0.0153659
0.0150984
0.00898377
0.0116434
0.0098949
0.0105162
0.0151575
0.0149637
0.0154682
0.0156363
0.0122072
0.0125389
0.0102238
0.0106162
0.0162034
0.0159523
0.0169014
0.0168211
0.0106079
0.0101115
0.0101374
0.00927931
0.0100009
0.0100014
0.00985066
0.0104229
0.00996716
0.0105156
0.0113494
0.00955976
0.0125594
0.0103497
0.00830389
0.00817799
0.00797752
0.00940045
0.00940096
0.00944982
0.0099857
0.0101231
0.0101347
0.00885513
0.00839677
0.00943968
0.00929525
0.0115047
0.0117664
0.0110524
0.0108209
0.0112169
0.0109825
0.0112485
0.0107147
0.0107153
0.0107153
0.0107147
0.0107147
0.0107153
0.0113337
0.011292
0.0130627
0.0119936
0.00926941
0.00837518
0.0104705
0.0101724
0.0107807
0.0107807
0.0107153
0.0107153
0.0107812
0.0112831
0.010603
0.0130121
0.0130252
0.0127143
0.0112545
0.0133496
0.0102084
0.0103046
0.0135215
0.0125369
0.0178181
0.0139477
0.014173
0.0121932
0.0109644
0.00989381
0.0101729
0.00840791
0.0103989
0.0132857
0.0143235
0.018458
0.0160068
0.0125881
0.0107812
0.0107807
0.0135797
0.00979611
0.0123609
0.0100494
0.0109634
0.0118097
0.0149036
0.0169899
0.0107153
0.0107153
0.0142137
0.013696
0.0133595
0.0126551
0.0129614
0.0126735
0.0141444
0.0148651
0.0103581
0.0103575
0.0112495
0.0117918
0.0127472
0.0131301
0.0134759
0.0134759
0.014612
0.0141686
0.0101679
0.0107017
0.0113379
0.010746
0.0128945
0.0138486
0.0140556
0.0150984
0.0148384
0.0103433
0.0104392
0.0122791
0.0126037
0.0158185
0.0114548
0.0173202
0.014651
0.0154678
0.0104482
0.010602
0.0123665
0.0113738
0.0181997
0.0167946
0.0159523
0.0159925
0.010464
0.0100858
0.0107813
0.0104854
0.0106251
0.0101318
0.00816961
0.00820616
0.00787818
0.00988208
0.0113337
0.00929572
0.00943976
0.00839678
0.00885556
0.0101352
0.0101226
0.00998514
0.00944926
0.00940046
0.00940046
0.00797748
0.00817745
0.00830337
0.0103496
0.0125594
0.00955926
0.011349
0.0132446
0.0123321
0.0110906
0.0108468
0.0107153
0.0107159
0.0107159
0.0107153
0.0107153
0.0107159
0.0107159
0.0107153
0.0108468
0.0110906
0.0123316
0.0132447
0.0101724
0.0101729
0.0107813
0.0107813
0.0107159
0.0107159
0.0110262
0.0110163
0.0121095
0.00931173
0.0113542
0.00946616
0.0115291
0.00901378
0.0148092
0.0148092
0.00901337
0.0115287
0.00946596
0.0101033
0.0101028
0.0153426
0.0156933
0.00951423
0.0152611
0.0154531
0.0152611
0.0154538
0.00951451
0.0101729
0.0101724
0.0133523
0.0122793
0.0138035
0.012583
0.00953787
0.014352
0.014352
0.012583
0.00953817
0.0107807
0.0107813
0.012782
0.0133354
0.0134597
0.0158038
0.0149683
0.0158043
0.0149683
0.0107159
0.0107159
0.0124584
0.0120663
0.0140922
0.0143878
0.0140922
0.0143883
0.0107153
0.0107153
0.0119887
0.0120449
0.0137879
0.0137886
0.0137879
0.0137886
0.0107818
0.0107818
0.0122469
0.0112338
0.0138218
0.0130861
0.0131701
0.0131705
0.0138217
0.0130861
0.010173
0.00957412
0.0133453
0.0118241
0.0124668
0.0109185
0.0105681
0.0109183
0.0105684
0.0124667
0.00994005
0.0100353
0.0102234
0.0106363
0.0109153
0.0127209
0.0158445
0.0141364
0.0158907
0.0158914
0.014137
0.0158448
0.0127207
0.00993761
0.00979718
0.00982116
0.0104242
0.0104801
0.011003
0.0124851
0.00905524
0.00934632
0.0100615
0.00893131
0.00934261
0.00836474
0.00836468
0.00975856
0.00975855
0.0100008
0.0100008
0.00975855
0.00975856
0.00836468
0.00836475
0.00934259
0.00893129
0.0100616
0.00837507
0.00926941
0.0119936
0.0130627
0.011292
0.0113337
0.0107153
0.0107147
0.0107147
0.0107153
0.0107153
0.0107147
0.0112485
0.0109825
0.011217
0.0108209
0.0110524
0.0117659
0.0101724
0.0101724
0.0107807
0.0107807
0.0107153
0.0107153
0.0106251
0.0101323
0.0085658
0.00839691
0.00942032
0.00893128
0.0107404
0.0132747
0.011254
0.0127141
0.0130253
0.0101027
0.0101027
0.0159425
0.0178946
0.0105072
0.0119591
0.0141726
0.0178185
0.0139483
0.0101724
0.0101724
0.0166485
0.0160455
0.0118118
0.0152694
0.0119944
0.0143235
0.0184588
0.0132857
0.0107807
0.0107807
0.0157633
0.0156757
0.0141229
0.0161454
0.0109634
0.0118096
0.0100494
0.0123609
0.0107153
0.0107153
0.0100812
0.0110833
0.0085026
0.0133975
0.014098
0.0129614
0.0126735
0.0126551
0.0133595
0.0107147
0.0107147
0.0103209
0.0138388
0.00823161
0.0138392
0.0134232
0.0134759
0.0134759
0.0131301
0.0127472
0.0107812
0.0108042
0.012307
0.0149126
0.0136771
0.0145242
0.0140779
0.0138486
0.0140556
0.0128945
0.00959459
0.00804446
0.0176237
0.0136652
0.0150076
0.0149634
0.0173196
0.0158185
0.0114553
0.00782583
0.00932742
0.0132439
0.0170653
0.0116587
0.0162032
0.0159523
0.016795
0.0181995
0.00899832
0.0092943
0.00817051
0.00820928
0.00782704
0.0105853
0.0115372
0.0137214
0.011349
0.00955926
0.01256
0.0103501
0.00830346
0.00817744
0.00797748
0.00940045
0.00940045
0.00944927
0.00998514
0.0101226
0.0101352
0.00885557
0.00839678
0.00943976
0.0092957
0.0113336
0.0117659
0.0110524
0.0108214
0.0112175
0.010983
0.0112491
0.0107153
0.0107159
0.0107159
0.0107153
0.0107153
0.0107159
0.0113349
0.0112925
0.0130627
0.0119942
0.0092695
0.00837507
0.0101729
0.0101729
0.0107813
0.0107813
0.0107159
0.0107159
0.0103586
0.0103581
0.00975861
0.00975806
0.00836432
0.00836471
0.00930414
0.00873339
0.00983248
0.0128015
0.0127137
0.0112543
0.0132751
0.0101033
0.0101033
0.0152207
0.0142249
0.0153497
0.0139572
0.011839
0.01321
0.0124909
0.0133018
0.0119587
0.0112074
0.0101729
0.0101729
0.0128788
0.0103138
0.0132273
0.0139641
0.0117063
0.0115966
0.0119274
0.0120506
0.0137104
0.0138979
0.0162261
0.0128621
0.0107813
0.0107813
0.0127462
0.0149978
0.0123728
0.0118187
0.0115244
0.0111399
0.0113677
0.0115216
0.0129237
0.01358
0.0137791
0.0166209
0.0107159
0.0107159
0.0142908
0.0109071
0.0140141
0.0138294
0.0134137
0.0112668
0.012103
0.0112949
0.0127159
0.0128816
0.012949
0.0137138
0.0107153
0.0112486
0.0130956
0.0112094
0.0123034
0.0121426
0.011865
0.0126145
0.0128021
0.0138397
0.0134237
0.0109967
0.0119561
0.0154615
0.0123652
0.0139939
0.0135588
0.0150201
0.0111361
0.0119084
0.0136306
0.013163
0.0147663
0.0140784
0.009536
0.00958587
0.0164415
0.0182239
0.0117778
0.00948209
0.0153796
0.011825
0.0169053
0.0149639
0.0151573
0.00755212
0.00864346
0.0135494
0.0134761
0.0133325
0.0165103
0.0179458
0.016795
0.015952
0.0162041
0.00777575
0.00936096
0.00920596
0.00965456
0.0113331
0.00929525
0.00943968
0.00839678
0.00885512
0.0101347
0.0101231
0.0099857
0.00944981
0.00940096
0.00940046
0.00797752
0.00817799
0.00830389
0.0103497
0.0125593
0.00955931
0.0113489
0.0136245
0.0123315
0.0110906
0.0108468
0.0107147
0.0107153
0.0107153
0.0107147
0.0107147
0.0107153
0.0112491
0.0109819
0.011217
0.0110501
0.0115055
0.0129753
0.0101724
0.0101724
0.0107807
0.0107807
0.0107153
0.0107153
0.0107147
0.0107147
0.0103581
0.0103586
0.00975858
0.00975806
0.00797751
0.0081775
0.00830352
0.0108222
0.0129828
0.0103872
0.0111231
0.00982127
0.0139355
0.0113696
0.0154543
0.0137839
0.00901331
0.0109992
0.00946637
0.0101027
0.0101028
0.018704
0.0152722
0.0165577
0.0120585
0.0126711
0.0118397
0.0149973
0.0146815
0.00951396
0.0101724
0.0101724
0.0144447
0.0125834
0.00953788
0.0107807
0.0107807
0.0158043
0.0149686
0.0107153
0.0107153
0.0140922
0.0143883
0.0109819
0.0116958
0.0136493
0.0106544
0.0133965
0.010848
0.0137879
0.0137886
0.0119333
0.00942058
0.0082413
0.009174
0.00834139
0.00909217
0.0119712
0.0120793
0.0142937
0.0164642
0.0165821
0.0135528
0.00871305
0.00867361
0.00863553
0.0130099
0.0138217
0.0130856
0.00858023
0.00933841
0.0133936
0.014049
0.0111494
0.00983975
0.011133
0.0125209
0.0112061
0.0121783
0.0109178
0.0103543
0.0124662
0.0105591
0.00979171
0.017053
0.0124967
0.0154687
0.0126608
0.0130671
0.014085
0.0163628
0.0145071
0.0162629
0.0153619
0.0138546
0.0153234
0.0127204
0.010061
0.00893034
0.00934252
0.00836474
0.00836467
0.00940096
0.00940096
0.00944981
0.00998467
0.0101226
0.0101358
0.00885502
0.00839675
0.00932887
0.00877769
0.00987436
0.0104412
0.0107917
0.0124637
0.013646
0.0112926
0.0113337
0.0107153
0.0107153
0.0107153
0.0107159
0.0107159
0.0107153
0.0113337
0.0112925
0.0130632
0.0119942
0.00926893
0.00845309
0.0101729
0.0101729
0.0107813
0.0107813
0.0107159
0.0107159
0.0107153
0.0107153
0.0107159
0.0107159
0.0103581
0.0108735
0.0100404
0.0113627
0.0106352
0.0119983
0.0101976
0.00803265
0.00756567
0.00755251
0.0143403
0.0100594
0.0137061
0.0147408
0.0115833
0.0111272
0.0132082
0.0101033
0.0101033
0.0125552
0.0138167
0.0129691
0.0101729
0.0101729
0.0151355
0.0154053
0.013881
0.0107812
0.0107813
0.0108432
0.012766
0.0105934
0.0123608
0.0107159
0.0112492
0.0122931
0.0124581
0.0126556
0.0131879
0.0112513
0.0129071
0.0133372
0.0127461
0.0130016
0.0124379
0.00958592
0.0119223
0.00843054
0.00783749
0.00739309
0.00875607
0.00770024
0.0115948
0.00849769
0.0138236
0.0124451
0.0163396
0.0136193
0.0138176
0.0125396
0.00886917
0.0162199
0.0119273
0.0127442
0.0155768
0.0114782
0.0126458
0.0121315
0.0108196
0.0103593
0.0157261
0.013544
0.0163391
0.0156365
0.0111788
0.0106376
0.0157719
0.0116149
0.0180067
0.0159003
0.0173544
0.0115982
0.0100482
0.0128974
0.0103496
0.00830346
0.00817745
0.00797695
0.00940103
0.00940103
0.00940099
0.00940099
0.00797697
0.00817799
0.00830398
0.0103497
0.0125592
0.00955873
0.0111773
0.00963562
0.00847013
0.0110942
0.0134218
0.0134277
0.0142442
0.0112518
0.0116958
0.0109819
0.0112491
0.0107159
0.0107153
0.0107147
0.0107147
0.0107153
0.0107153
0.0108462
0.01109
0.0123315
0.0132447
0.0101724
0.0101724
0.0107807
0.0107807
0.0107153
0.0107153
0.0107147
0.0107147
0.0107153
0.0113343
0.011292
0.0132537
0.0128081
0.0104146
0.00835192
0.00972709
0.0105738
0.0112532
0.00806028
0.0148087
0.00901294
0.0115284
0.00946284
0.0101028
0.0101028
0.0151307
0.0153137
0.00994144
0.0101724
0.0101724
0.0143521
0.0126898
0.0100406
0.0107807
0.0107807
0.0146806
0.0146718
0.0109825
0.0116508
0.0129246
0.0132949
0.0124951
0.0127886
0.013076
0.0130767
0.0106963
0.0119061
0.0107369
0.0137283
0.0102416
0.0118058
0.0131701
0.0131708
0.0128813
0.0102395
0.0132458
0.0115234
0.01167
0.0107689
0.0109064
0.0110697
0.0113274
0.0127132
0.0136568
0.0145784
0.0131047
0.0147487
0.0148124
0.0143788
0.0112152
0.0105681
0.0122964
0.0156049
0.013807
0.0149921
0.0136884
0.0158905
0.0141365
0.0158445
0.0129427
0.00967335
0.00887146
0.00927441
0.00839684
0.00885505
0.0101358
0.0101231
0.00998516
0.0094498
0.00940099
0.00940099
0.00836465
0.00836465
0.0093426
0.00893029
0.010061
0.0100343
0.0100985
0.012509
0.0121232
0.0109961
0.0111795
0.0110262
0.0116495
0.0109824
0.0112497
0.0107159
0.0107153
0.0107153
0.0107159
0.0107159
0.0107153
0.0112485
0.0109825
0.0112169
0.0108209
0.0110519
0.011766
0.0101729
0.0101729
0.0107813
0.0107813
0.0107159
0.0107159
0.0107153
0.0107889
0.0110619
0.0112726
0.0108864
0.0124963
0.0117688
0.0118861
0.0086412
0.0127143
0.0130255
0.0101033
0.0101033
0.0141732
0.0178185
0.0139483
0.0101729
0.0101729
0.0143229
0.0184588
0.0132853
0.0107813
0.0107813
0.0109634
0.0118092
0.0100492
0.0123609
0.0110268
0.0111511
0.0129614
0.0126735
0.0126551
0.013359
0.0108993
0.0109934
0.0134759
0.0134759
0.0131295
0.0127471
0.0113273
0.0108163
0.0138488
0.0140557
0.0128945
0.0137478
0.0103149
0.0122652
0.0123314
0.0125955
0.0118453
0.0132064
0.0126602
0.0154378
0.0153173
0.014202
0.0156222
0.0143043
0.0173202
0.0158185
0.0114548
0.0134087
0.0161049
0.0135559
0.0147869
0.0157454
0.0143828
0.0167946
0.0181997
0.0102874
0.00961541
0.0120191
0.0102478
0.00801411
0.00817745
0.00797748
0.00940049
0.009401
0.00944981
0.0099857
0.0101231
0.0101352
0.00885562
0.00839687
0.00943968
0.00929575
0.0113336
0.00887917
0.00986995
0.0124051
0.0125402
0.0112512
0.0116957
0.0109825
0.0112485
0.0107153
0.0107159
0.0107159
0.0107153
0.0107147
0.0107153
0.0107153
0.0107147
0.0112485
0.0109825
0.0116959
0.0112513
0.0123696
0.0117181
0.008965
0.00837517
0.0101724
0.0101724
0.0107807
0.0107807
0.0107153
0.0107236
0.010756
0.0109281
0.0109888
0.0108317
0.00925597
0.0112542
0.0132756
0.0101028
0.0101027
0.0119592
0.0112076
0.0101724
0.0101724
0.0162265
0.012862
0.0107807
0.0107807
0.0137795
0.0166214
0.0107813
0.0107528
0.012949
0.0137143
0.0106413
0.0105383
0.0138396
0.0134236
0.00927239
0.0103369
0.0147664
0.0140785
0.011387
0.016366
0.0149637
0.0151575
0.0148317
0.0166774
0.0133664
0.0152411
0.0150594
0.0132401
0.0134184
0.012726
0.0134265
0.0122674
0.0128094
0.0121623
0.0124495
0.0134842
0.0159523
0.0162034
0.00986827
0.00961535
0.0120291
0.0103319
0.00807244
0.00820766
0.00846078
0.00975669
0.00976615
0.00945296
0.00945296
0.00976622
0.00975673
0.00846073
0.00820712
0.00832542
0.010399
0.0125713
0.00955925
0.011349
0.0104725
0.0110248
0.0113046
0.0110487
0.0112485
0.0107147
0.0107153
0.0107153
0.0107147
0.0107147
0.0107153
0.0107159
0.0107153
0.0112485
0.0109825
0.0116958
0.0112512
0.0129356
0.0121784
0.0101762
0.00993456
0.0101729
0.0101724
0.0107807
0.0107807
0.0107194
0.0107689
0.0108788
0.0109518
0.010943
0.0110758
0.0106907
0.00875624
0.0100351
0.00946596
0.0101033
0.0101033
0.0147719
0.0149766
0.00951452
0.0101729
0.0101729
0.0140357
0.0125828
0.009538
0.0107813
0.0109333
0.0158038
0.0149682
0.0107748
0.0104791
0.0140922
0.0143878
0.01016
0.0090713
0.0137875
0.0137886
0.0109398
0.0121943
0.0130099
0.0138215
0.0130862
0.0105267
0.0129537
0.0109179
0.0103541
0.0124665
0.00853226
0.0158189
0.0139727
0.0168888
0.0150459
0.0133558
0.0151927
0.0127207
0.0123123
0.0103575
0.013207
0.0114638
0.0115936
0.0112955
0.0112384
0.0112044
0.011063
0.0109394
0.0105013
0.010128
0.00779543
0.00820712
0.00846073
0.00975673
0.00976621
0.00945295
0.00945295
0.00976614
0.00975669
0.00846073
0.00820712
0.00832552
0.0103992
0.012576
0.00946756
0.010129
0.0113082
0.0107808
0.0104229
0.00985066
0.0103581
0.0103581
0.0107159
0.0107159
0.0107153
0.0112491
0.010983
0.0116957
0.0112512
0.0129358
0.0121784
0.0101767
0.0101799
0.0101724
0.0101729
0.0107813
0.0107813
0.010753
0.0107858
0.01092
0.0114765
0.011672
0.012144
0.0112316
0.0108472
0.0122919
0.00970343
0.0101027
0.0101027
0.012937
0.0164547
0.0123148
0.0101724
0.010888
0.0124748
0.0164699
0.0124941
0.0111748
0.011385
0.00981059
0.010123
0.00943739
0.0117692
0.0111184
0.0103898
0.011857
0.0113501
0.0120501
0.0127023
0.0117509
0.00939373
0.0126136
0.0122723
0.0124622
0.012291
0.01493
0.0135569
0.0125121
0.0126726
0.012343
0.0149153
0.0104057
0.0126663
0.013893
0.0107218
0.0160667
0.00852726
0.0157414
0.0153654
0.0136517
0.0152649
0.0140134
0.0114323
0.00929976
0.00929206
0.00839685
0.00886831
0.0101685
0.0107017
0.0107818
0.0107818
0.0107812
0.0107812
0.0107818
0.0107593
0.0103544
0.00984463
0.00945296
0.00945296
0.00976622
0.00975674
0.00846073
0.00820712
0.00832542
0.010399
0.012576
0.00946755
0.010129
0.0109556
0.00851102
0.00822723
0.008496
0.0101684
0.0107017
0.0107818
0.0108036
0.0109961
0.0122038
0.0127022
0.0111802
0.0112025
0.0101729
0.0101724
0.0107807
0.0107807
0.0107812
0.0112836
0.0114702
0.0139858
0.0138858
0.0141652
0.0120973
0.0108468
0.0132278
0.00964724
0.0105253
0.0106456
0.012178
0.012178
0.0114382
0.0121312
0.0109445
0.0135743
0.0125262
0.0125262
0.0127463
0.0126718
0.0116358
0.0129824
0.0122749
0.0122749
0.0121199
0.0113718
0.00994181
0.00961616
0.0122578
0.0122578
0.0113518
0.0113352
0.0151687
0.0126898
0.0122716
0.0122716
0.0117405
0.011741
0.0124461
0.0102523
0.0123327
0.0123318
0.0118268
0.0120026
0.0105158
0.0146807
0.0123235
0.013622
0.0111665
0.00997595
0.0198546
0.0178703
0.0153655
0.0136522
0.0152655
0.0136911
0.0115898
0.00952788
0.00938195
0.00836465
0.00836464
0.00975854
0.00975802
0.0103575
0.0103575
0.0107153
0.0107153
0.0107147
0.0107147
0.0103581
0.0103581
0.00975803
0.00975802
0.00797748
0.00817745
0.00830336
0.0103492
0.0125621
0.00946765
0.0101289
0.0105053
0.00998654
0.0128452
0.0112056
0.0109378
0.0104512
0.00843316
0.00954744
0.0101724
0.0101729
0.0107813
0.0107813
0.0110267
0.0110168
0.0126167
0.0101042
0.0157871
0.0118292
0.0156084
0.00840746
0.014492
0.0127898
0.0135739
0.0113772
0.0110809
0.0156429
0.0127082
0.0118732
0.0114382
0.0135646
0.0145379
0.0125265
0.0125129
0.011928
0.011928
0.0144494
0.0171974
0.0122752
0.0122752
0.0117378
0.0117378
0.0151821
0.0113957
0.012258
0.012258
0.0117265
0.0117265
0.00873925
0.0123947
0.0122718
0.0122718
0.011741
0.011741
0.0117002
0.0141076
0.0123323
0.0123322
0.0118267
0.0118263
0.0164154
0.0155499
0.0123231
0.0136215
0.0111665
0.0099055
0.0126199
0.0153955
0.0162635
0.0144153
0.0159137
0.0136901
0.00967457
0.00901223
0.00931477
0.00836474
0.00836423
0.00975857
0.00975859
0.0103581
0.0103586
0.0107153
0.0107153
0.0107159
0.0107159
0.0103586
0.0103581
0.00975858
0.00975857
0.00836423
0.00836474
0.00934261
0.0089313
0.0100616
0.0105677
0.0108193
0.0107807
0.0107807
0.0106256
0.0101323
0.00856533
0.00839689
0.00946683
0.00907631
0.0151401
0.00946168
0.0138795
0.0136534
0.0118652
0.0120381
0.0102387
0.0124334
0.00852192
0.0100802
0.0116545
0.0116601
0.0113387
0.0113403
0.0143908
0.0114476
0.0113483
0.00974233
0.0100059
0.0096789
0.00937609
0.01173
0.0141141
0.0161906
0.0107006
0.01225
0.0118078
0.0117426
0.0122754
0.00985366
0.0140993
0.0126561
0.0126561
0.0122583
0.0122583
0.00760216
0.00775349
0.0127174
0.0127217
0.0122908
0.0121305
0.0168953
0.0123106
0.0135501
0.0133946
0.0123168
0.0119439
0.0179327
0.0141366
0.0165789
0.015598
0.011891
0.0100909
0.0133665
0.0117803
0.0170379
0.0183678
0.011924
0.0080655
0.00860007
0.00800685
0.00975855
0.00975802
0.0103581
0.0103581
0.0107147
0.0107147
0.0107147
0.0107147
0.0107153
0.0107153
0.0106251
0.0101323
0.00856578
0.00839688
0.0096963
0.00958862
0.0114564
0.0113783
0.0107968
0.0104224
0.00985011
0.0100014
0.0100014
0.00975855
0.00975855
0.0079774
0.00857065
0.00829382
0.011184
0.0115104
0.0114633
0.0117376
0.0108677
0.0122339
0.0130325
0.0131718
0.0132207
0.0145757
0.0112623
0.0124731
0.0117509
0.0107212
0.0108093
0.0114588
0.0137409
0.0131789
0.0109973
0.0115107
0.0115975
0.0115726
0.0149393
0.0119057
0.0119057
0.0143696
0.00974593
0.0125545
0.0122563
0.0142894
0.0141124
0.0136419
0.0131308
0.0146783
0.0147281
0.0147562
0.0143378
0.0166207
0.0160767
0.0165212
0.0169187
0.0118517
0.00965328
0.0114945
0.0106114
0.0100777
0.0103581
0.0103586
0.0107159
0.0107159
0.0107153
0.0107153
0.0107153
0.0107153
0.0107159
0.0107159
0.0110262
0.0110163
0.0127682
0.0102139
0.0123558
0.0108204
0.00845157
0.00820573
0.00817011
0.0101323
0.0106251
0.0103581
0.0109559
0.0103414
0.0130128
0.0126413
0.0139132
0.011458
0.0116839
0.0104384
0.00809421
0.00854608
0.00766486
0.015396
0.0128658
0.0101295
0.0094961
0.0155058
0.0163275
0.0101708
0.0109328
0.0140296
0.0159563
0.015056
0.0109761
0.0115054
0.0159161
0.0165922
0.011045
0.0109807
0.0128421
0.0162309
0.0120232
0.0113679
0.0129034
0.0104931
0.014335
0.0133574
0.0123183
0.0153492
0.0160161
0.0141021
0.0175253
0.0163373
0.0155411
0.0138844
0.0114334
0.00955196
0.0094889
0.00839689
0.00856533
0.0101323
0.0106256
0.0107147
0.0107147
0.0107153
0.0107153
0.0107147
0.0107147
0.0107147
0.0107147
0.0107153
0.0107153
0.0107524
0.0112834
0.0114691
0.0141037
0.0102699
0.00950266
0.0119709
0.0106108
0.0102325
0.0106841
0.0109064
0.0104016
0.0123845
0.0134679
0.0104866
0.0142196
0.0144174
0.0157909
0.0094606
0.00750483
0.00774316
0.0136845
0.0146023
0.00629956
0.00561901
0.0150341
0.0148879
0.0110764
0.00845875
0.0103255
0.0108076
0.00750748
0.0146679
0.00899492
0.0138275
0.011283
0.0133108
0.0157826
0.0152122
0.0107571
0.011292
0.013844
0.0138045
0.0113668
0.0107689
0.0134304
0.0115947
0.0134865
0.0108781
0.0141196
0.0140567
0.0125716
0.0109054
0.0116216
0.0146484
0.012276
0.0112913
0.00871081
0.0094879
0.00884358
0.00928384
0.00836468
0.00836429
0.00975751
0.00975855
0.0103586
0.0103586
0.0107153
0.0107153
0.0107159
0.0107159
0.0107153
0.0107153
0.0107153
0.0107153
0.0107159
0.0107159
0.01072
0.0107694
0.0108793
0.0115142
0.00812662
0.00845201
0.01049
0.0126404
0.0105383
0.0121919
0.0127078
0.0086887
0.00870243
0.00831818
0.0101502
0.00978576
0.00846377
0.0174403
0.0180449
0.00965867
0.0160864
0.0153268
0.00614999
0.0096557
0.0154777
0.0155691
0.0124022
0.00868572
0.00939354
0.0150467
0.0107883
0.016325
0.0111541
0.00715909
0.00754741
0.00676385
0.00973439
0.0145117
0.0155381
0.0132066
0.013634
0.0164108
0.0113447
0.0159915
0.0121434
0.0116709
0.0182032
0.0167043
0.0114075
0.0114075
0.0174169
0.0174871
0.011386
0.0112872
0.0161409
0.0122837
0.0108094
0.011548
0.0129729
0.0114685
0.0118581
0.01252
0.00990291
0.0119238
0.00806501
0.00859964
0.00800685
0.00975854
0.00975855
0.0103581
0.0103575
0.0107153
0.0107153
0.0107147
0.0107147
0.0107153
0.0107153
0.0107147
0.0107147
0.0107147
0.0107147
0.0107153
0.0107153
0.0107147
0.0107236
0.0107565
0.0109275
0.0109296
0.00944965
0.010466
0.0102801
0.0102178
0.00886883
0.00839678
0.00937209
0.00894796
0.00980906
0.0100428
0.0092267
0.00974075
0.00862453
0.00889791
0.0152192
0.0143695
0.0149136
0.0155205
0.0172841
0.0149992
0.00815536
0.0103879
0.00971588
0.0104059
0.00982502
0.0126122
0.0164145
0.0162223
0.0135529
0.0108474
0.0111673
0.00961309
0.0091363
0.0165766
0.0178585
0.0105019
0.0103081
0.00850363
0.016814
0.00855877
0.0169708
0.010929
0.00883473
0.0186968
0.0135315
0.0116638
0.0110948
0.0180413
0.0186518
0.01131
0.0114269
0.0126286
0.0166435
0.0116357
0.0113602
0.0114424
0.0140178
0.00906022
0.0110238
0.0157916
0.0156979
0.0137529
0.0103886
0.0118518
0.00965271
0.0114951
0.0106114
0.0100777
0.0103586
0.0103586
0.0107153
0.0107153
0.0107159
0.0107159
0.0107153
0.0107153
0.0107159
0.0107159
0.0107153
0.0107153
0.0107153
0.0107153
0.0107159
0.0107159
0.0107153
0.0107153
0.0107159
0.0107894
0.0108996
0.0113242
0.0103288
0.0111584
0.0104416
0.0100477
0.0095112
0.00940096
0.00940096
0.00800691
0.00859967
0.00818452
0.0110542
0.0124502
0.010944
0.0138853
0.0103412
0.0125046
0.00778495
0.0120553
0.0094339
0.0161957
0.0109331
0.0171513
0.0188564
0.0158108
0.0104981
0.00765184
0.00852055
0.0143328
0.0136727
0.0106015
0.0160093
0.0156431
0.0113463
0.017525
0.0141853
0.00976145
0.013607
0.0121425
0.00820665
0.00823587
0.0111552
0.0178632
0.0115106
0.0167261
0.00902174
0.00992435
0.0151505
0.0168192
0.0112288
0.0108126
0.0149819
0.0168271
0.0115316
0.0116691
0.0125833
0.00953822
0.0119955
0.0119238
0.00996819
0.0127518
0.00982303
0.0122501
0.0170153
0.016105
0.0103527
0.0115585
0.0114334
0.0095521
0.00948931
0.00839693
0.00856532
0.0101318
0.0106251
0.0107153
0.0107153
0.0107147
0.0107147
0.0107153
0.0107153
0.0107147
0.0107147
0.0107153
0.0107153
0.0107147
0.0107147
0.0107147
0.0107147
0.0107153
0.0107153
0.0107147
0.0107147
0.0107153
0.0107159
0.0107194
0.010965
0.00997067
0.010563
0.0104877
0.00800002
0.00820616
0.00816961
0.00979175
0.010251
0.0100772
0.0106114
0.0105761
0.00832633
0.00856091
0.00743161
0.00869294
0.00895757
0.00975019
0.0155068
0.0120801
0.0095325
0.00767842
0.00817864
0.00791733
0.0152885
0.0155601
0.0188606
0.0160833
0.0107094
0.00929583
0.00932075
0.00863896
0.0135062
0.0134625
0.0102333
0.0161414
0.0163912
0.0134588
0.0174196
0.0125952
0.0127825
0.0165034
0.0130309
0.0106678
0.00871749
0.00922888
0.00797859
0.0152202
0.00940019
0.014591
0.0162438
0.0124838
0.0130924
0.0127654
0.0124371
0.0117126
0.0123595
0.0105975
0.0121737
0.0121737
0.0138813
0.0144445
0.0123477
0.0125833
0.0156382
0.0155421
0.0121188
0.0130967
0.0124207
0.0151245
0.0108942
0.00948459
0.00948799
0.00884352
0.00928387
0.00836464
0.00836464
0.00975855
0.00975802
0.0103575
0.0103575
0.0107153
0.0107153
0.0107147
0.0107147
0.0107153
0.0107153
0.0107147
0.0107147
0.0107153
0.0107159
0.0107153
0.0107153
0.0107153
0.0107147
0.0107153
0.0107153
0.0107147
0.0107147
0.0107153
0.0107153
0.0107147
0.010723
0.0101173
0.0100323
0.00807511
0.00976333
0.00942538
0.0114772
0.0106114
0.0100783
0.010251
0.00979172
0.00782315
0.00815915
0.00756376
0.0108494
0.0100003
0.010255
0.00818306
0.00819804
0.00843217
0.011739
0.0129908
0.0134659
0.0121631
0.0102239
0.010773
0.0121933
0.0168292
0.0137563
0.0144778
0.01436
0.00967833
0.00974203
0.0148732
0.0103878
0.0191668
0.019372
0.016155
0.0152088
0.014681
0.0112853
0.013817
0.0136186
0.0126125
0.0159051
0.0100844
0.00752418
0.00577048
0.00609196
0.00795468
0.0126708
0.0153975
0.0166668
0.0143567
0.0150014
0.0123007
0.0128349
0.0130866
0.0127081
0.0126221
0.010672
0.0124617
0.0124617
0.015405
0.0151352
0.0129093
0.0120874
0.0142968
0.0132775
0.0124247
0.0112318
0.0126617
0.0117803
0.0118492
0.00913496
0.0119238
0.00806501
0.0086001
0.00800692
0.00975803
0.00975854
0.0103586
0.0103586
0.0107153
0.0107153
0.0107159
0.0107159
0.0107153
0.0107153
0.0107159
0.0107159
0.0103581
0.0103581
0.00978733
0.0103624
0.0105269
0.0109997
0.0116138
0.0109825
0.0112491
0.0107159
0.0107153
0.0107153
0.0107159
0.0107159
0.0107153
0.0107153
0.010728
0.0105372
0.01067
0.00906773
0.0122455
0.00841255
0.00861181
0.00816962
0.00979176
0.0102505
0.00954583
0.0103404
0.0105105
0.00885688
0.00884144
0.0114611
0.0111253
0.0103969
0.00982547
0.010895
0.0114116
0.0138183
0.0140569
0.0131647
0.0117525
0.0103482
0.0142387
0.0147328
0.0128186
0.0173918
0.0113227
0.014635
0.0123357
0.0148182
0.0109331
0.0117287
0.0158636
0.015221
0.0124922
0.0159795
0.0150836
0.0142222
0.010863
0.0131709
0.0128805
0.0125459
0.0124532
0.00928163
0.00883037
0.0120245
0.012504
0.011115
0.0186545
0.0135796
0.0173232
0.0113837
0.00874768
0.013453
0.0129357
0.0121325
0.0114833
0.0146831
0.0147996
0.0119096
0.0119093
0.0126897
0.0100409
0.0124643
0.0116904
0.0104084
0.0129904
0.0113935
0.0107479
0.0166323
0.0152219
0.0107474
0.00848294
0.0116178
0.00965271
0.0114951
0.0106119
0.0100777
0.0103575
0.0103575
0.0107153
0.0107153
0.0107147
0.0107147
0.0103581
0.0103586
0.00978733
0.0103624
0.0101811
0.010753
0.010685
0.0101685
0.00847837
0.00820713
0.00840505
0.0108259
0.0137936
0.0134245
0.0140611
0.0112919
0.0113337
0.0107147
0.0107153
0.0107153
0.0107147
0.0107147
0.0107153
0.0109943
0.0104428
0.0115855
0.00912795
0.0100726
0.00942539
0.0114772
0.0106108
0.0100777
0.0100051
0.00977475
0.00773069
0.00773089
0.00720127
0.00990783
0.0108896
0.0116055
0.0109004
0.0107895
0.0107159
0.0110268
0.0110163
0.0124952
0.00919924
0.00909028
0.0118275
0.0128279
0.0128263
0.0102359
0.0101812
0.0125146
0.0100532
0.00966433
0.00939414
0.0100027
0.0104527
0.0148545
0.0137544
0.0100204
0.0107671
0.0103598
0.00941353
0.016767
0.0116647
0.0101375
0.0132711
0.0123417
0.0130099
0.0104743
0.0137693
0.0129547
0.0123795
0.0100455
0.00846957
0.00943403
0.0112366
0.012096
0.016293
0.0116261
0.0170734
0.00865991
0.00894032
0.0125562
0.0122434
0.0109237
0.0103746
0.0119132
0.00943749
0.0115584
0.0113107
0.012494
0.0140357
0.0110547
0.0116725
0.0157685
0.0151706
0.00964265
0.00907044
0.0123829
0.014575
0.0144133
0.0120186
0.0152777
0.0114019
0.00979742
0.0092115
0.00938207
0.0089217
0.00931802
0.00839694
0.00856532
0.0101323
0.0106262
0.0103581
0.0103581
0.0101238
0.0103712
0.0107211
0.0101801
0.0100562
0.00899382
0.00713293
0.00746588
0.00716569
0.00963668
0.0106562
0.0108712
0.0126884
0.00935049
0.0097622
0.0128624
0.0119215
0.0110906
0.0108474
0.0107159
0.0107153
0.0107153
0.0107159
0.0107159
0.0107685
0.0108681
0.0117005
0.00905809
0.0122456
0.00841245
0.00861135
0.00816962
0.00979175
0.010251
0.00927879
0.0105947
0.0100914
0.012471
0.0112203
0.0112215
0.0109646
0.0107194
0.0107153
0.0107147
0.0106251
0.0101267
0.00825715
0.00843873
0.00796482
0.0132953
0.013318
0.0143654
0.0134565
0.0106887
0.0124859
0.0118424
0.0119285
0.0104482
0.0116088
0.0124452
0.0120695
0.0131709
0.00991501
0.0167283
0.0128499
0.0123315
0.0152406
0.0116734
0.0119322
0.0126724
0.012511
0.0194843
0.0136436
0.0135631
0.010137
0.00827025
0.00765097
0.00927204
0.0166602
0.0171573
0.011396
0.0107031
0.0113602
0.0121616
0.00833681
0.0101986
0.0086952
0.0117411
0.0110127
0.016961
0.0109571
0.010919
0.010523
0.00981102
0.0112982
0.0114075
0.0158167
0.0127665
0.0114092
0.011886
0.0161345
0.012995
0.0124182
0.0118478
0.0124886
0.0098558
0.0119884
0.0115308
0.0128817
0.0151206
0.0141231
0.0115408
0.013423
0.0119505
0.00811654
0.0113742
0.00858217
0.0148984
0.0117109
0.0143734
0.0115202
0.00806552
0.00860055
0.00800692
0.00975802
0.00975802
0.0100009
0.0100014
0.00975856
0.00975803
0.00838082
0.00846576
0.00956208
0.0113127
0.0117454
0.00973627
0.00945006
0.00698305
0.00724444
0.011814
0.0120887
0.0108182
0.0107889
0.0107147
0.0107153
0.0107153
0.0107189
0.0110492
0.0113793
0.0130436
0.00964795
0.00924022
0.0116113
0.0110168
0.0110268
0.01073
0.011
0.0115301
0.00946373
0.00999669
0.0112236
0.0115319
0.0108223
0.0107241
0.0107159
0.0107153
0.0107159
0.0103629
0.0105196
0.0101729
0.011599
0.012231
0.0119762
0.0127921
0.013245
0.0114677
0.0139674
0.0139682
0.0125491
0.0120656
0.0125503
0.0131361
0.0105593
0.00965708
0.0124482
0.0154457
0.0177138
0.0124755
0.0102926
0.0106737
0.00882702
0.0120024
0.0118258
0.0256379
0.016091
0.0157443
0.0119912
0.0113018
0.0107344
0.0113487
0.0118078
0.0203066
0.0186244
0.0114857
0.00877079
0.00838516
0.00588796
0.014879
0.0170014
0.0149628
0.0112955
0.0112955
0.0118416
0.0143572
0.0152392
0.00928848
0.0122787
0.00871583
0.00713897
0.00859827
0.0113138
0.0126816
0.0135561
0.0152282
0.0131504
0.0138798
0.0126642
0.0112988
0.0112988
0.0128368
0.00779913
0.0106272
0.0104256
0.0129362
0.0117181
0.012249
0.0128472
0.0137527
0.012899
0.0119953
0.0134214
0.0108762
0.0110805
0.00787818
0.0129529
0.0107818
0.0129071
0.0106865
0.0122265
0.014338
0.0122369
0.0140831
0.0110987
0.00968913
0.0103008
0.01107
0.0144967
0.011424
0.0183374
0.0113209
0.00867238
0.0128084
0.0124781
0.0145452
0.0107328
0.00915583
0.00835686
0.00966093
0.0128221
0.0168351
0.0158146
0.0138032
0.0102479
0.00977277
0.00911648
0.0112373
0.0106108
0.0100783
0.0100014
0.0100009
0.00975859
0.00975805
0.00836375
0.00836465
0.00937312
0.00874757
0.0109033
0.0118706
0.0113866
0.0107566
0.0107241
0.0107159
0.0107153
0.0107236
0.0108677
0.0116948
0.0109553
0.0122071
0.0102716
0.0108949
0.00985011
0.0102505
0.00979119
0.00816968
0.00820618
0.00813531
0.0103692
0.0117804
0.0111884
0.0108829
0.0107188
0.0107153
0.0107153
0.0107153
0.0107236
0.0108217
0.0115314
0.0119123
0.0109947
0.0111717
0.0109033
0.012258
0.0111291
0.0129759
0.0153943
0.015852
0.0134297
0.0101072
0.0117576
0.0121712
0.0126892
0.0103358
0.0157858
0.0119764
0.0113352
0.0106521
0.00913499
0.0112855
0.0118479
0.0121963
0.0135028
0.0116469
0.011267
0.0132766
0.0109224
0.0108313
0.0125658
0.0121392
0.0112904
0.0145192
0.0129759
0.0147006
0.0123951
0.0112949
0.0112949
0.0137337
0.0140406
0.00947066
0.00967204
0.0104531
0.0105211
0.0106888
0.0124112
0.0117562
0.0112077
0.01131
0.0152513
0.00890272
0.0121
0.010777
0.00938803
0.0111394
0.0106862
0.0136218
0.0116773
0.00951142
0.0123549
0.0130149
0.0112152
0.0116153
0.00890026
0.0106075
0.0130907
0.0126093
0.0121169
0.0146181
0.0128959
0.00840308
0.0103999
0.00935408
0.0112375
0.0162143
0.0150561
0.0137302
0.0135574
0.00883371
0.0109478
0.009402
0.00833595
0.00822907
0.00795157
0.0101015
0.0106136
0.0107011
0.010169
0.00886872
0.00839676
0.00942561
0.00897004
0.0111328
0.0114967
0.010999
0.0107689
0.0107194
0.0107147
0.0107147
0.0107524
0.0108996
0.0107553
0.010959
0.0103695
0.00813539
0.00820617
0.00816963
0.0097912
0.010251
0.00985066
0.010895
0.0102718
0.0122072
0.0107157
0.011491
0.0108678
0.0107236
0.0107153
0.0107159
0.0107159
0.01072
0.0109652
0.0112221
0.0112208
0.0109032
0.012259
0.0114242
0.0111714
0.0100714
0.0135679
0.01123
0.0133705
0.0117837
0.0114694
0.0136332
0.0105802
0.00867293
0.0111278
0.0143818
0.0104104
0.0108169
0.00907794
0.013204
0.0132777
0.0108756
0.0110794
0.0133463
0.0132435
0.0113105
0.0115474
0.0117753
0.0111906
0.0115643
0.0110956
0.0128479
0.0132096
0.0122391
0.011726
0.0112949
0.0112949
0.0112762
0.00936477
0.0112121
0.0123332
0.0117593
0.0115003
0.0112982
0.0114075
0.0105949
0.0154869
0.00975494
0.00956717
0.0120029
0.0113017
0.0114091
0.0120423
0.0168919
0.011097
0.0151844
0.0107718
0.0105599
0.00840331
0.0128483
0.0121535
0.00829048
0.00703822
0.0183603
0.0182167
0.00883388
0.0109478
0.0130275
0.0127901
0.00772682
0.00912837
0.0103008
0.0100406
0.0106288
0.0105336
0.010953
0.0108192
0.0120686
0.0100244
0.0121277
0.0109585
0.0107559
0.0109002
0.010753
0.0107153
0.0107153
0.01072
0.0107695
0.0110686
0.0114615
0.00962576
0.00924065
0.0116119
0.0110168
0.0110256
0.0110262
0.0110174
0.0116119
0.00924
0.00962522
0.0109103
0.0108324
0.0108794
0.0112612
0.0109819
0.0116496
0.0110262
0.0107093
0.0106452
0.0104759
0.0103922
0.0130277
0.0119847
0.0119847
0.0130277
0.00883356
0.0107971
0.0116761
0.0100198
0.0108936
0.0132564
0.0132564
0.0108936
0.00833535
0.0102962
0.0102213
0.0104619
0.00917257
0.0110833
0.0110831
0.00917253
0.0111773
0.0113518
0.0131711
0.0128944
0.0110943
0.0115693
0.01157
0.0110941
0.0108313
0.0108276
0.0131311
0.0127476
0.0112949
0.0112949
0.0112956
0.0112956
0.00910103
0.010785
0.0123625
0.0130565
0.0112982
0.0112982
0.011299
0.011299
0.0107123
0.00807094
0.0096626
0.0119052
0.0110799
0.0108758
0.0108756
0.0110807
0.00719623
0.0146104
0.0148437
0.01114
0.00867226
0.0115172
0.0115179
0.008672
0.0102353
0.0109261
0.0106203
0.0128962
0.0093609
0.0110183
0.0113476
0.0103056
0.0109571
0.00937774
0.0109478
0.0112811
0.0115719
0.0179461
0.0101884
0.0135262
0.0135257
0.0101888
0.0106998
0.0113788
0.0108671
0.010723
0.0107147
0.0107153
0.0107236
0.0108671
0.0113788
0.0106998
0.0122066
0.010271
0.0108944
0.00985066
0.0102516
0.00979121
0.00816922
0.00820619
0.00813515
0.010369
0.011668
0.0112676
0.0109831
0.0124303
0.0129428
0.0127943
0.0107913
0.009153
0.00885785
0.0114241
0.0111717
0.0109033
0.0122588
0.0129731
0.0130574
0.00994108
0.0118619
0.0136332
0.0105799
0.0117569
0.0121703
0.0126327
0.0121203
0.0136236
0.0114851
0.013204
0.0132771
0.00913491
0.0112849
0.0109089
0.0117171
0.0131708
0.0126615
0.0117748
0.0111912
0.0109224
0.0108314
0.0120836
0.011391
0.012697
0.0126339
0.0112954
0.0112954
0.0112949
0.0112949
0.0142481
0.0133575
0.0130805
0.012373
0.0112988
0.011408
0.0112077
0.01131
0.0142707
0.00848777
0.0132298
0.0129187
0.0114097
0.0120419
0.0112156
0.0116154
0.00744957
0.00867375
0.0150456
0.0137767
0.0128475
0.0121538
0.00840306
0.0104001
0.00789777
0.00836326
0.00817454
0.0100592
0.0120237
0.0126184
0.0103058
0.0104578
0.00860204
0.00882301
0.0101488
0.0101582
0.0109325
0.013028
0.0127904
0.00883369
0.0109481
0.0114615
0.0110686
0.0107695
0.0107194
0.0107159
0.0107159
0.0107524
0.0109002
0.0107558
0.0109589
0.0103689
0.0081353
0.00820616
0.00816961
0.00979173
0.0102516
0.00985066
0.010895
0.0102717
0.0122067
0.0109437
0.00867868
0.00936691
0.0109036
0.012259
0.0114246
0.0111714
0.0103535
0.015274
0.012469
0.00777017
0.0132763
0.0103125
0.0118121
0.01448
0.0115449
0.0121703
0.0117569
0.0136334
0.0105805
0.00852583
0.0112877
0.0162274
0.0145881
0.0112849
0.00913528
0.013204
0.0132771
0.0104375
0.010469
0.0137885
0.0150455
0.0108317
0.0109224
0.0117748
0.0111912
0.0118941
0.0119967
0.0118335
0.013033
0.0112949
0.0112949
0.0112955
0.0112955
0.0124023
0.0124778
0.0102288
0.00984902
0.01131
0.0112077
0.0112988
0.011408
0.0121469
0.0136601
0.0149036
0.0113523
0.0116154
0.0112156
0.0114097
0.0120419
0.0129488
0.00801796
0.0193156
0.0174624
0.0104001
0.00840259
0.0128475
0.0121532
0.00804795
0.00742754
0.00916901
0.00948964
0.0105041
0.0106835
0.00872268
0.00885141
0.0098058
0.00985881
0.0120918
0.00883321
0.0109478
0.0130279
0.0127906
0.010959
0.0107553
0.0108996
0.0107524
0.0107153
0.0107153
0.0107189
0.0107683
0.011068
0.0114615
0.00962543
0.00924021
0.0116113
0.0110169
0.0110268
0.0110262
0.0110163
0.0116113
0.00924062
0.00962575
0.0130277
0.0119847
0.011985
0.0130273
0.00885586
0.00900103
0.0125873
0.00969338
0.00996093
0.0127103
0.00779312
0.00955903
0.00889539
0.0119414
0.0141231
0.0108936
0.0132564
0.013256
0.0108936
0.00822549
0.00909635
0.0182689
0.0185652
0.00917267
0.0110828
0.0110833
0.00917257
0.0105786
0.00993203
0.0168855
0.013174
0.0110937
0.0115699
0.0115693
0.0110943
0.0118956
0.0114319
0.0122471
0.0125225
0.0112955
0.0112955
0.0112949
0.0112949
0.0124173
0.0124179
0.00996808
0.0123362
0.0112988
0.0112988
0.0112982
0.0112982
0.0126386
0.0118576
0.0160568
0.011888
0.0110805
0.0108757
0.0108756
0.0110799
0.0137181
0.0130156
0.0158354
0.0187904
0.008672
0.0115179
0.0115172
0.008672
0.0123129
0.00956612
0.0102202
0.00941351
0.0100777
0.0106108
0.0114945
0.00965282
0.0119511
0.0101888
0.0135257
0.0135262
0.0101884
0.0106998
0.0113788
0.0108677
0.0107241
0.0107159
0.0107153
0.0107236
0.0108677
0.0113788
0.0106998
0.0122071
0.0102716
0.0108949
0.00985011
0.0102505
0.00979119
0.00816967
0.00820618
0.00813514
0.0103691
0.0114242
0.0111716
0.0109033
0.0122582
0.00889612
0.00909368
0.00847509
0.0104878
0.012331
0.0128369
0.0123467
0.0114911
0.0118739
0.0116811
0.0136332
0.0105802
0.0117569
0.0121708
0.00959694
0.0102794
0.0112854
0.0138554
0.013204
0.0132777
0.00913499
0.011285
0.00895274
0.00932716
0.0139981
0.0104699
0.0117753
0.0111908
0.0109229
0.0108313
0.0110078
0.0117381
0.0107496
0.0105558
0.0112951
0.0112951
0.0112955
0.0112955
0.011833
0.0118335
0.0161716
0.0129216
0.0112984
0.0114077
0.0112082
0.0113105
0.0118282
0.0126387
0.0177526
0.0137969
0.0114094
0.0120423
0.0112157
0.0116159
0.012449
0.0127927
0.0130771
0.0117803
0.0128483
0.0121532
0.00840305
0.0104004
0.0100242
0.00917366
0.0111156
0.00998305
0.00975379
0.00800689
0.00860009
0.00806525
0.0119237
0.0130277
0.0127907
0.00883371
0.0109473
0.0114621
0.011068
0.0107689
0.0107194
0.0107147
0.0107147
0.0107524
0.0109002
0.0107559
0.0109585
0.010369
0.0081348
0.00820617
0.00817018
0.0097912
0.0102505
0.00985012
0.0108949
0.0102718
0.0122067
0.0109037
0.0122584
0.0114241
0.0111714
0.0123084
0.0109455
0.0108658
0.0110057
0.0116132
0.0110956
0.0115457
0.0116045
0.0108887
0.0121712
0.0117576
0.0136338
0.01058
0.0113206
0.0141519
0.0125139
0.0101809
0.0112855
0.00913497
0.0132046
0.0132778
0.0129783
0.00967322
0.00983999
0.0107642
0.0108313
0.0109229
0.0117753
0.0111906
0.0122341
0.0122333
0.0125265
0.00955556
0.0112955
0.0112955
0.0112949
0.0112949
0.0124174
0.0124182
0.0140142
0.0122552
0.0113105
0.0112082
0.0112982
0.0114075
0.0126383
0.0118282
0.0156427
0.0150717
0.0116159
0.0112149
0.0114091
0.0120423
0.0137684
0.0133185
0.0145751
0.012384
0.0103996
0.00840333
0.0128483
0.0121535
0.0122459
0.00841229
0.00838357
0.00767617
0.0080687
0.00822764
0.00931804
0.00892127
0.00938152
0.00883387
0.0109478
0.0130274
0.0127907
0.0109585
0.0107559
0.0109002
0.0107525
0.0107147
0.0107147
0.0107195
0.0107689
0.0110681
0.0114621
0.00962548
0.00924115
0.0116113
0.0110162
0.0110262
0.0110267
0.0110168
0.0116107
0.00924009
0.00962532
0.0130273
0.011985
0.0119848
0.0130273
0.0114664
0.0117306
0.0108228
0.0107236
0.0107236
0.0107571
0.0115048
0.0114609
0.0108936
0.013256
0.0132559
0.0108928
0.011426
0.0145135
0.0147329
0.0142392
0.00917255
0.0110833
0.0110827
0.00917211
0.00958823
0.0123274
0.0154919
0.011858
0.0110943
0.0115693
0.0115698
0.0110935
0.0117387
0.0117382
0.0150279
0.0141763
0.0112949
0.0112949
0.0112954
0.0112954
0.011833
0.011833
0.0126611
0.00989123
0.0112982
0.0112982
0.0112988
0.0112988
0.0118278
0.0126383
0.012834
0.010126
0.0110799
0.0108764
0.0108756
0.0110804
0.0124489
0.0130364
0.0152225
0.0166314
0.00867265
0.0115172
0.0115171
0.0086721
0.0100718
0.00912768
0.011064
0.00988137
0.00988087
0.0110604
0.00935187
0.0116181
0.0101884
0.0135262
0.0135257
0.0101881
0.0106998
0.0113782
0.0108677
0.0107241
0.0107153
0.0107159
0.0107241
0.0108671
0.0113788
0.0107002
0.0122067
0.0102715
0.010895
0.00985014
0.010251
0.00979176
0.00816968
0.0082062
0.00813516
0.0103686
0.0114246
0.0111717
0.0109039
0.0122582
0.0117804
0.0111884
0.0108835
0.0107194
0.0107189
0.0109646
0.0111472
0.0112907
0.0136334
0.0105805
0.0117573
0.0121709
0.0111291
0.012976
0.0111266
0.0126698
0.013204
0.0132771
0.00913544
0.0112857
0.0129241
0.0103361
0.0141703
0.0101487
0.0117748
0.0111912
0.0109226
0.0108319
0.0122338
0.0122334
0.0131916
0.0113309
0.0112955
0.0112955
0.0112951
0.0112951
0.0124181
0.0124179
0.0152179
0.0152734
0.0112988
0.011408
0.0112079
0.0113102
0.0126392
0.0118278
0.0141361
0.0131338
0.0114097
0.0120419
0.0112155
0.0116156
0.0137679
0.0133185
0.0126626
0.0117803
0.0128475
0.0121532
0.00840333
0.0104001
0.0117591
0.00814678
0.00760782
0.00723483
0.00747957
0.00833534
0.00806535
0.0119238
0.0130274
0.0127904
0.00883352
0.0109481
0.0114615
0.0110675
0.0107689
0.0107195
0.0107153
0.0107153
0.0107519
0.0108991
0.0107554
0.0109595
0.0103689
0.00813532
0.00820626
0.00816959
0.00979175
0.0102516
0.00985066
0.0108944
0.0102712
0.0122072
0.0109037
0.012259
0.0114241
0.0111719
0.011223
0.0115325
0.0108228
0.0107241
0.01079
0.0108998
0.0116045
0.0108887
0.0121703
0.0117569
0.0136332
0.0105799
0.0112501
0.0142874
0.0125144
0.0101814
0.0112849
0.00913482
0.013204
0.0132771
0.00958855
0.012136
0.00983986
0.0107647
0.0108312
0.0109224
0.0117748
0.0111912
0.0117389
0.0117381
0.012526
0.0102415
0.0112949
0.0112949
0.0112955
0.0112955
0.011833
0.0119957
0.0143574
0.0129679
0.01131
0.0112077
0.0112988
0.0114075
0.0120326
0.0124798
0.0152462
0.0151752
0.0116154
0.0112156
0.0114092
0.0120419
0.0120114
0.0126436
0.0145745
0.012384
0.0104001
0.00840305
0.0128475
0.0121538
0.00976312
0.00941585
0.0108448
0.0082829
0.00771863
0.00896883
0.008605
0.00938182
0.00883371
0.0109473
0.0130285
0.0127906
0.0109585
0.0107559
0.0109002
0.010753
0.0107159
0.0107159
0.0107194
0.0107689
0.0110686
0.0114615
0.00962543
0.00924004
0.0116119
0.0110174
0.0110262
0.0110256
0.0110168
0.0116119
0.00924001
0.00962522
0.0130277
0.0119847
0.0119847
0.0130561
0.0117799
0.0111883
0.0108835
0.0107189
0.0107565
0.0115047
0.0114609
0.0108936
0.0132564
0.0129801
0.00986051
0.0111293
0.0129765
0.0150968
0.0140545
0.00917257
0.0110833
0.0107342
0.00830373
0.0129241
0.0103365
0.015151
0.0117523
0.0110943
0.0115699
0.0112409
0.0107802
0.0126211
0.0122333
0.0150281
0.0140012
0.0112954
0.0112954
0.0109766
0.0109766
0.0114826
0.0125953
0.0126614
0.00989092
0.0112988
0.0112988
0.011049
0.010976
0.0134162
0.0134924
0.0128337
0.0101255
0.0110805
0.0108757
0.0107953
0.0107648
0.0135397
0.0110103
0.0151
0.0166309
0.008672
0.0115172
0.0115172
0.00854296
0.00952278
0.00785506
0.00784843
0.00812672
0.0113934
0.0096811
0.0116619
0.0101884
0.0135262
0.0135262
0.0101884
0.0106998
0.0113788
0.0108671
0.0107236
0.0107153
0.0107147
0.010723
0.0108671
0.0113788
0.0106998
0.0122071
0.0102716
0.010895
0.00985011
0.0102511
0.00979176
0.00816967
0.00820673
0.00813567
0.0103514
0.0114242
0.0111716
0.0122992
0.0122655
0.0112965
0.0114909
0.0108678
0.0107194
0.0109646
0.0111472
0.0118249
0.0136332
0.0105802
0.00965859
0.0125484
0.0110053
0.0141687
0.0111182
0.0129409
0.013204
0.0132771
0.00841551
0.00905669
0.00974711
0.0120091
0.0139082
0.0100956
0.0117748
0.0111908
0.0106129
0.0100495
0.0120648
0.0133743
0.0127758
0.0111731
0.0112951
0.0112951
0.0109773
0.0109773
0.0113853
0.00634291
0.0151005
0.0147154
0.0112984
0.0114075
0.010916
0.0109808
0.00651453
0.0124457
0.014131
0.0128692
0.0114092
0.0120419
0.0104302
0.0110267
0.00907595
0.00844284
0.0115259
0.01267
0.0121954
0.0128475
0.0121538
0.00789429
0.0095406
0.0080044
0.00784685
0.00763389
0.00954414
0.0102684
0.0121978
0.0130285
0.0127906
0.00831564
0.0100726
0.0114615
0.0110686
0.0107695
0.01072
0.0107153
0.0107153
0.0107818
0.0108799
0.01027
0.010489
0.010369
0.00813478
0.0082057
0.00817007
0.00979171
0.0102505
0.0098501
0.0104223
0.0100556
0.0104604
0.0109037
0.0122584
0.00879356
0.0107483
0.0117953
0.011216
0.0108794
0.0107812
0.0109276
0.0120894
0.0115896
0.0121712
0.0117576
0.0123558
0.0102835
0.010903
0.0127235
0.0127357
0.0102776
0.0112857
0.00913544
0.0109437
0.013851
0.0129564
0.0103544
0.0108679
0.00946053
0.0108319
0.0109229
0.0106104
0.0111053
0.012928
0.0139077
0.0103124
0.0117157
0.0112955
0.0112955
0.0109766
0.0109766
0.0135497
0.0078074
0.0138179
0.0128875
0.0113105
0.0112079
0.0105333
0.0106334
0.00790282
0.00904387
0.0151909
0.0143139
0.0116156
0.0112155
0.0111454
0.0106713
0.00805932
0.00774797
0.00634674
0.00645839
0.0121325
0.0131564
0.0116285
0.0123999
0.0104001
0.00840285
0.0101705
0.0109236
0.00848797
0.00866529
0.00892768
0.00883337
0.0109483
0.0107524
0.0111423
0.010959
0.0107553
0.0108991
0.0107524
0.0107153
0.0107147
0.0107524
0.0107854
0.0107301
0.0109139
0.00962497
0.00924072
0.0116113
0.0110163
0.0110262
0.0107818
0.0112831
0.0103739
0.0114726
0.0130273
0.0119847
0.0103963
0.0100803
0.011718
0.0107015
0.0104825
0.0105136
0.0116364
0.010893
0.0132558
0.0131516
0.00961345
0.00928355
0.0132775
0.0116877
0.0143235
0.0144878
0.00917211
0.0110828
0.0138398
0.0138954
0.00798794
0.0105525
0.0155527
0.0134184
0.0110938
0.0115693
0.0120732
0.0115647
0.00991612
0.00789931
0.0149907
0.0156606
0.0112949
0.0112949
0.0112949
0.0112949
0.0103735
0.0144689
0.0121624
0.00873516
0.0112982
0.0112988
0.0112142
0.0106536
0.01526
0.00871908
0.0116121
0.00921905
0.0110804
0.0108764
0.00938534
0.00975837
0.00842052
0.00779699
0.00847783
0.00992063
0.0123616
0.0104018
0.0115012
0.00924093
0.0123305
0.0086727
0.0115178
0.0117211
0.0141592
0.0101886
0.0135261
0.0143949
0.0135228
0.0106998
0.0113783
0.0108671
0.0107241
0.0107159
0.01072
0.0107694
0.0103949
0.0110112
0.0119318
0.0103733
0.011283
0.0107812
0.0110256
0.0110168
0.0111011
0.00884463
0.00912928
0.0108992
0.0103353
0.0115285
0.0101779
0.0105248
0.00851999
0.00834575
0.013431
0.0100013
0.0114491
0.0115405
0.0082517
0.0116544
0.0134243
0.0127234
0.0089724
0.0124021
0.00972399
0.0133153
0.0138918
0.011464
0.0110455
0.00761418
0.00852091
0.0141362
0.00959673
0.0121495
0.0115647
0.0112528
0.0113235
0.00699465
0.00701979
0.0160473
0.01277
0.0112949
0.0112949
0.0109773
0.0109773
0.00924893
0.0119406
0.0115398
0.0144671
0.0112982
0.0114075
0.0113861
0.0112475
0.0149652
0.0145927
0.0141372
0.0106011
0.0114092
0.0120418
0.0104813
0.012783
0.0113925
0.00948194
0.00849081
0.00983896
0.0121774
0.0127241
0.0107345
0.0128475
0.012791
0.0137984
0.0127784
0.0131098
0.0127971
0.0124136
0.00867652
0.0113336
0.0110675
0.0107688
0.0107194
0.0107153
0.0107236
0.0101584
0.0102
0.00846116
0.010484
0.0100863
0.0107819
0.010486
0.0106256
0.0101318
0.00782271
0.00772961
0.00777615
0.010126
0.00903777
0.0105735
0.0128522
0.00991217
0.0104135
0.0125143
0.01239
0.00922268
0.012869
0.0107113
0.0128799
0.0104252
0.0105014
0.0128634
0.0101327
0.0115194
0.00856226
0.0138438
0.010943
0.0101691
0.00782657
0.00873169
0.0106621
0.00842355
0.00875109
0.0111047
0.010611
0.0108052
0.0102678
0.00867021
0.00774682
0.00995267
0.00867748
0.0109772
0.0109772
0.0107812
0.0107812
0.0109166
0.0106639
0.0151682
0.0118773
0.0109927
0.01092
0.011368
0.0107807
0.0104616
0.0118353
0.0190084
0.0174892
0.0113401
0.0113532
0.0127033
0.0110878
0.0089301
0.00711171
0.00891335
0.00967776
0.0100326
0.0128519
0.0109447
0.0103436
0.00831742
0.00932062
0.0107337
0.0111201
0.00703534
0.00689855
0.010875
0.0106466
0.0107859
0.010753
0.0107159
0.0107159
0.0108014
0.010545
0.0110005
0.00872612
0.0106079
0.0101115
0.0101368
0.00927879
0.0100009
0.0100014
0.00927932
0.0101369
0.010112
0.0106085
0.0121883
0.0125393
0.0121878
0.01254
0.0123062
0.00937516
0.00937556
0.0123058
0.00921907
0.00769815
0.00875294
0.0105908
0.0126609
0.0129143
0.0123475
0.00899219
0.00832346
0.00832339
0.00899212
0.011073
0.0124754
0.0119925
0.010361
0.00988737
0.0104291
0.0104296
0.00988784
0.00984841
0.0140637
0.00870289
0.0109063
0.0107813
0.0107813
0.0107818
0.0107818
0.0122079
0.00984889
0.0155434
0.0115076
0.0107848
0.0107519
0.0107525
0.0107853
0.00848109
0.00935081
0.0152692
0.018329
0.010884
0.0108208
0.0108203
0.0108845
0.00852065
0.00756716
0.00839751
0.00710715
0.0113292
0.00980198
0.00763213
0.00763204
0.00980163
0.00850942
0.0109601
0.00850969
0.0109601
0.0113666
0.0104699
0.0110595
0.0107812
0.0107153
0.0107153
0.0107806
0.011059
0.0104699
0.0113666
0.010126
0.00777633
0.00772961
0.00782263
0.0101324
0.0106262
0.0104854
0.0107813
0.0100863
0.0104845
0.0128517
0.00991217
0.00879359
0.0105734
0.00922243
0.0123895
0.0123565
0.0102836
0.00793421
0.00934314
0.00969907
0.0105562
0.0114312
0.0112938
0.00782685
0.0101696
0.010943
0.0138514
0.00999634
0.0105243
0.0129879
0.0123992
0.0102683
0.0108058
0.0106105
0.0111047
0.0122331
0.0143823
0.013971
0.0151905
0.0107818
0.0107818
0.0109768
0.0109768
0.012944
0.00974415
0.0153179
0.0109137
0.0107812
0.011368
0.0105334
0.0106335
0.0100597
0.0098584
0.0116868
0.0103307
0.0110878
0.0127028
0.0111458
0.0106715
0.00836872
0.00758926
0.00796548
0.0102777
0.00932047
0.00831709
0.0104879
0.0109239
0.00703479
0.00689846
0.0110156
0.011416
0.00872573
0.011
0.0105445
0.0108019
0.0107159
0.0107159
0.0107524
0.0107853
0.0107306
0.0111153
0.00912988
0.00884474
0.0111005
0.0110169
0.0110262
0.0107807
0.011283
0.0103738
0.0118002
0.0101785
0.0115287
0.0104727
0.0102292
0.011449
0.0115406
0.0122853
0.00946622
0.0089879
0.0111125
0.0104228
0.011044
0.0108386
0.0110456
0.0114646
0.0130008
0.0138955
0.00916138
0.00906346
0.0142022
0.0138561
0.0113235
0.0112521
0.0120732
0.0115652
0.0065222
0.00867206
0.0147377
0.0151183
0.0109766
0.0109766
0.0112955
0.0112955
0.00942677
0.0129465
0.0105653
0.0140831
0.0112467
0.0113869
0.0109449
0.0103011
0.0137036
0.0117202
0.0117855
0.00907945
0.0127839
0.0104809
0.00898044
0.00929776
0.00907173
0.00990227
0.00930636
0.0093404
0.0137981
0.012778
0.011207
0.0139212
0.00867693
0.0124142
0.0143395
0.0137065
0.00846164
0.0102006
0.0101584
0.0107236
0.0107153
0.0107188
0.0107683
0.0103943
0.0110107
0.0114725
0.0103738
0.0112836
0.0107812
0.0110256
0.0110163
0.0112595
0.00916269
0.0103278
0.010396
0.0100803
0.0125776
0.00877162
0.0131506
0.0096133
0.00867017
0.00826407
0.0126619
0.0107963
0.0108612
0.0109057
0.0138397
0.0138954
0.0110866
0.010477
0.0100377
0.013649
0.00968948
0.0120312
0.0120732
0.0115652
0.0112521
0.0112935
0.00692603
0.00837978
0.0125898
0.00917195
0.0112955
0.0112955
0.0109766
0.0109766
0.00945057
0.0120601
0.0120687
0.0120906
0.0112148
0.010653
0.0104348
0.0110156
0.0141174
0.0139059
0.0130134
0.0126987
0.00938467
0.00975859
0.00867405
0.0107026
0.00885362
0.00663377
0.0062053
0.00832372
0.0117213
0.0141589
0.0115073
0.0141293
0.0143955
0.0135225
0.0126195
0.0113043
0.0110106
0.0103943
0.0107683
0.0107194
0.0103581
0.0103661
0.00907082
0.00978878
0.00830628
0.0101817
0.0101727
0.0107818
0.0107813
0.0106257
0.0101323
0.00800519
0.00778381
0.00868793
0.00909776
0.00845213
0.0100585
0.00886347
0.00926478
0.00990037
0.0120431
0.0105527
0.00904897
0.0100013
0.0110416
0.0110904
0.010469
0.0139604
0.0115609
0.0104846
0.0108651
0.00942307
0.0128425
0.0113343
0.00836809
0.0114702
0.0109762
0.0107524
0.0107818
0.00866529
0.00946329
0.00683275
0.00716422
0.0109768
0.0109768
0.0107159
0.0107159
0.0106461
0.010761
0.013299
0.00986429
0.0106335
0.010534
0.0107817
0.0107524
0.00985215
0.0109536
0.0141837
0.013991
0.010672
0.0111458
0.010865
0.0104839
0.00616528
0.00688425
0.00908556
0.00868939
0.010924
0.0107733
0.0105532
0.00904893
0.0108934
0.0111984
0.00926542
0.00886397
0.0107986
0.0107306
0.0107859
0.0107524
0.0106257
0.0101318
0.00800475
0.00778376
0.00868777
0.00909819
0.0101727
0.0101722
0.0107807
0.0107807
0.0103581
0.010366
0.00907033
0.00978896
0.0083063
0.0100485
0.0101033
0.0126192
0.0113043
0.0106822
0.0105257
0.0115077
0.0141294
0.0101227
0.010392
0.0105978
0.0113509
0.010862
0.0107026
0.00867418
0.008853
0.0105539
0.0122422
0.0132162
0.0107806
0.0107806
0.0110156
0.0104337
0.00858173
0.0116003
0.0135516
0.00839946
0.0107812
0.0107812
0.0109772
0.0109772
0.011086
0.00748956
0.0147161
0.0103087
0.0107847
0.0107518
0.0112936
0.0112527
0.0066849
0.0084896
0.0126637
0.0156579
0.0108838
0.0107818
0.0104765
0.0110866
0.00856325
0.00626145
0.00716146
0.0102472
0.0101724
0.00866975
0.00826449
0.0101028
0.0101028
0.0125777
0.0087723
0.0101724
0.0101724
0.0107812
0.0107812
0.0110256
0.0110168
0.0112599
0.0091626
0.0103274
0.0101722
0.0101727
0.0107813
0.0107818
0.01072
0.0107689
0.010395
0.011011
0.0101027
0.0101027
0.0143394
0.0137067
0.0101724
0.0101724
0.0112081
0.0139212
0.0103555
0.00778694
0.0107812
0.0107818
0.00898046
0.00929861
0.0138234
0.0118817
0.00824807
0.00904189
0.0107153
0.0107153
0.0109438
0.0103005
0.0100691
0.0140671
0.0164357
0.0118338
0.0107159
0.0107159
0.0112949
0.0112949
0.00828157
0.00717146
0.015572
0.0103129
0.0107153
0.0107153
0.0120732
0.0115647
0.00538402
0.00554927
0.0103884
0.00931098
0.0107818
0.0107818
0.0130013
0.0138954
0.00577824
0.00866996
0.010173
0.010173
0.0122857
0.00946584
0.0101033
0.0101033
0.0104725
0.0102293
0.0101729
0.0101729
0.0107818
0.0107818
0.0107812
0.0112831
0.0103739
0.0118
0.0101727
0.0101722
0.0107812
0.0107812
0.0107519
0.0107848
0.0107299
0.0107978
0.0101027
0.0101033
0.0108929
0.0111978
0.0101724
0.0102477
0.0109234
0.0107728
0.0107823
0.0108838
0.010672
0.0111452
0.0103192
0.00548388
0.00856186
0.00820711
0.00776636
0.0107518
0.0107847
0.0106329
0.0105334
0.00643551
0.0055779
0.0106178
0.00847794
0.0107812
0.0107812
0.0109768
0.0109768
0.00490593
0.00689043
0.00953749
0.0113304
0.0107806
0.0107806
0.0114702
0.0109762
0.00580062
0.00703888
0.00795237
0.0060591
0.00766965
0.0108621
0.0113513
0.0139599
0.0115614
0.0105255
0.0106811
0.0099009
0.0120422
0.010048
0.0101027
0.00845263
0.0100591
0.0101724
0.0101724
0.0107812
0.0107812
0.0107806
0.0107806
0.0101724
0.0101824
0.0107978
0.0107305
0.0107859
0.010753
0.0107813
0.0107813
0.0101727
0.0101722
0.0108935
0.0111978
0.0101033
0.0101027
0.0107733
0.0109234
0.0102472
0.010173
0.0111453
0.0106725
0.0108844
0.0107818
0.00234871
0.00215871
0.00448954
0.010534
0.0106335
0.0107853
0.0107524
0.00338706
0.00203757
0.0081393
0.00555376
0.0109773
0.0109773
0.0107818
0.0107818
0.00470003
0.0028967
0.00880763
0.00675474
0.0109767
0.0114702
0.0107812
0.0107812
0.00410988
0.00622037
0.00747179
0.0115614
0.0139599
0.0113513
0.0108626
0.0120422
0.0099009
0.0106811
0.0105255
0.00845267
0.0100585
0.010048
0.0101027
0.0101819
0.0101729
0.0107818
0.0107818
0.0107812
0.0107812
0.0101729
0.0101724
0.0110104
0.0103945
0.0107689
0.0107194
0.0107807
0.0107807
0.0101722
0.0101727
0.0143955
0.0135225
0.0101027
0.0101033
0.0117204
0.0141587
0.010173
0.0101724
0.0093849
0.00975893
0.0107812
0.0107818
0.0112142
0.0106524
0.0107147
0.0107147
0.00191064
0.00336462
0.0112949
0.0112949
0.0107153
0.0107153
0.00282096
0.00386174
0.0120732
0.0115647
0.0107147
0.0107147
0.0138404
0.0138954
0.0107813
0.0107812
0.0131511
0.00961286
0.0101724
0.0101724
0.0103955
0.0100807
0.0101027
0.0101028
0.011473
0.010374
0.0112836
0.0107812
0.0107806
0.0107806
0.0101724
0.0101724
0.00846163
0.0102008
0.010159
0.0107241
0.0107159
0.0107813
0.0107813
0.0101727
0.0101722
0.0086767
0.0124143
0.0101033
0.0101027
0.0137975
0.0127781
0.0101724
0.010173
0.0104811
0.0127839
0.0107818
0.0107812
0.0113868
0.0112467
0.0107153
0.0107153
0.0109766
0.0109766
0.0107159
0.0107159
0.0112521
0.0113235
0.0107153
0.0107153
0.0114646
0.0110455
0.0107818
0.0107818
0.011448
0.0115405
0.010173
0.0101729
0.0101785
0.0115283
0.0101033
0.0101033
0.00912938
0.00884432
0.0111006
0.0110168
0.0110268
0.0107812
0.0107812
0.0101729
0.0101729
0.00872576
0.0110001
0.0105446
0.0108013
0.0107153
0.0107153
0.0107807
0.0107807
0.0101722
0.0101727
0.00703487
0.0068981
0.0101027
0.0101033
0.00932084
0.00831744
0.010173
0.0101724
0.0127035
0.0110878
0.0107812
0.0107818
0.011368
0.0107812
0.0107147
0.0107147
0.0107818
0.0107818
0.0107153
0.0107153
0.0108058
0.0102688
0.0107147
0.0107147
0.01017
0.00782647
0.0107813
0.0107812
0.00922286
0.0123891
0.0101724
0.0101724
0.0128514
0.00991217
0.0101028
0.0101028
0.010126
0.00777631
0.0077296
0.00782262
0.0101323
0.0106256
0.0107806
0.0107806
0.0101724
0.0101724
0.0113666
0.0104702
0.0110601
0.0107818
0.0107159
0.0107159
0.0107813
0.0107813
0.0101727
0.0101722
0.00850941
0.0109601
0.0101027
0.0101027
0.00763215
0.00971066
0.0101724
0.0101724
0.0108041
0.0107818
0.0107818
0.0107812
0.0107153
0.0107153
0.0107153
0.0107153
0.0107159
0.0107159
0.0107159
0.0107159
0.0103629
0.00978678
0.0107153
0.0107153
0.00820666
0.0084784
0.0107818
0.0107818
0.00898374
0.0116433
0.0101729
0.010173
0.0122068
0.0125389
0.0101033
0.0101033
0.0106079
0.0101115
0.0101369
0.00927931
0.0103586
0.0103586
0.0107812
0.0107812
0.0101729
0.0101729
0.0104697
0.0101722
0.0107812
0.0107812
0.0107153
0.0107153
0.0107807
0.0107807
0.0101722
0.0101727
0.0102087
0.0103041
0.0101033
0.0101033
0.00989327
0.0101722
0.010173
0.010173
0.0107812
0.0107812
0.0107812
0.0107818
0.0107147
0.0107147
0.0107147
0.0107147
0.0107153
0.0107153
0.0107153
0.0107153
0.0103581
0.0103581
0.0107147
0.0107147
0.0101685
0.0107017
0.0107812
0.0107812
0.0103433
0.0104391
0.0101724
0.0101724
0.0104481
0.0106016
0.0101028
0.0101027
0.010464
0.0100863
0.0107819
0.0104854
0.0107153
0.0107153
0.0107807
0.0107806
0.0101722
0.0101724
0.0101727
0.0101727
0.0107818
0.0107818
0.0107159
0.0107159
0.0107813
0.0107813
0.0101727
0.0104697
0.0101033
0.0101033
0.0102087
0.0103041
0.0101727
0.0102475
0.0101724
0.00989345
0.0107823
0.010884
0.0107818
0.0107812
0.0107519
0.0107848
0.0107153
0.0107153
0.0107812
0.0107812
0.0107159
0.0107159
0.0107807
0.0107807
0.0103581
0.0103586
0.0108621
0.0113514
0.0107016
0.0101685
0.0105253
0.0106809
0.0104392
0.0103433
0.010048
0.0101027
0.0104482
0.010602
0.0101724
0.0101728
0.0107818
0.0107818
0.0107159
0.0107159
0.0104854
0.0107813
0.0100863
0.0104639
0.0105582
0.010646
0.0107854
0.0107524
0.0107153
0.0107153
0.0107807
0.011059
0.0104697
0.0113666
0.0106046
0.0108995
0.00850974
0.0109601
0.0106151
0.010945
0.00971083
0.00763205
0.0113531
0.0113395
0.0107812
0.0108042
0.01092
0.0109927
0.0107147
0.0107147
0.0109772
0.0109772
0.0107153
0.0107153
0.0109766
0.0114701
0.00978678
0.0103624
0.0115614
0.0139468
0.00847842
0.00820673
0.0121905
0.01002
0.0116433
0.00898361
0.0086824
0.0100587
0.0122073
0.012539
0.0101814
0.0101724
0.0107812
0.0107812
0.0103581
0.0103581
0.00927879
0.0101363
0.0101115
0.0106079
0.0113337
0.0110675
0.0107689
0.0107195
0.0107153
0.0107153
0.0108008
0.0105445
0.0109999
0.00872565
0.0131094
0.0127971
0.00703511
0.00689815
0.0128482
0.0127917
0.00831744
0.00932062
0.0114092
0.0120419
0.0110878
0.0127033
0.0112983
0.0114075
0.0107812
0.011368
0.0112949
0.0112949
0.0107818
0.0107818
0.0121495
0.0115647
0.0102689
0.0108058
0.0133147
0.0138918
0.00782647
0.01017
0.0134312
0.0100013
0.0123892
0.00922268
0.0108989
0.0103353
0.0128514
0.00991217
0.0119318
0.0103735
0.0112831
0.0107812
0.0106251
0.0101324
0.0078231
0.00772963
0.00777634
0.010126
0.0106997
0.0113782
0.0108672
0.0107241
0.0107158
0.0107158
0.0107241
0.0101589
0.0102008
0.00846163
0.010188
0.013526
0.012414
0.00867669
0.00867217
0.011517
0.0137978
0.0127783
0.0108758
0.0110804
0.0127837
0.0104811
0.0112987
0.0112987
0.0112469
0.0113867
0.0112954
0.0112954
0.0109768
0.0109768
0.0115698
0.0110937
0.0113235
0.0112522
0.0110827
0.00917298
0.0110455
0.0114646
0.0108932
0.0132564
0.011448
0.0115405
0.0130271
0.0119843
0.0115288
0.0101785
0.00962498
0.00924072
0.0116113
0.0110163
0.0110261
0.0110261
0.0110163
0.0111006
0.00884483
0.00912949
0.010959
0.0107556
0.0108992
0.0107525
0.0107153
0.0107147
0.0107195
0.0107689
0.0103945
0.0110104
0.00883347
0.0109478
0.014395
0.0135221
0.00840333
0.0104
0.0117207
0.014159
0.0112149
0.011615
0.00938503
0.0097589
0.0112079
0.01131
0.0112147
0.0106526
0.0112949
0.0112949
0.0112955
0.0112955
0.0109224
0.0108319
0.0120732
0.0115652
0.00913601
0.0112858
0.0138404
0.0138955
0.011757
0.0121712
0.0131511
0.0096133
0.0109037
0.0122584
0.0103965
0.0100808
0.010369
0.00813481
0.00820573
0.0081701
0.0101323
0.0106251
0.0107813
0.0112831
0.0103739
0.0114731
0.0114618
0.0110686
0.0107695
0.01072
0.0107153
0.0107153
0.010753
0.0107859
0.0107305
0.0109144
0.0130281
0.0127906
0.0107529
0.0111429
0.0128483
0.0121544
0.0109242
0.010171
0.0114092
0.0120419
0.0106723
0.0111459
0.0112984
0.0114075
0.0106329
0.0105339
0.0112951
0.0112951
0.0109767
0.0109767
0.0117748
0.0111908
0.0111047
0.0106105
0.013204
0.0132771
0.0138515
0.0109431
0.0136338
0.0105803
0.0102836
0.0123563
0.0114239
0.0111716
0.00879356
0.0107478
0.0122072
0.0102715
0.010895
0.00985011
0.0100009
0.0100014
0.00985065
0.0104229
0.0100561
0.0104599
0.0106998
0.0113788
0.0108672
0.0107236
0.0107153
0.0107147
0.0107147
0.0107812
0.0108794
0.0102694
0.0104888
0.010188
0.0135261
0.00831563
0.0100726
0.00867199
0.0115172
0.0095401
0.0078943
0.0108757
0.0110805
0.0110262
0.0104296
0.0112988
0.0112988
0.0109802
0.0109155
0.0112955
0.0112955
0.0109768
0.0109768
0.0115699
0.0110943
0.0100501
0.0106123
0.0110833
0.00917298
0.00905627
0.00841651
0.0108932
0.0132568
0.0125478
0.00965775
0.0130275
0.0119843
0.0122986
0.0122655
0.00962543
0.00924005
0.0116119
0.0110174
0.0110262
0.0106251
0.0101318
0.00816961
0.00820616
0.0081353
0.0103513
0.0108945
0.0109255
0.01088
0.0107818
0.0107159
0.0107159
0.0107153
0.0107236
0.0108678
0.0116947
0.010955
0.00883632
0.0108302
0.0138028
0.0102481
0.00826725
0.0100296
0.0113213
0.00854335
0.0107051
0.0106546
0.0107648
0.0107958
0.0108117
0.0109374
0.0109766
0.011049
0.0112949
0.0112949
0.0109772
0.0109772
0.0109224
0.0108312
0.0104186
0.0109798
0.00913538
0.0112777
0.00797188
0.01032
0.0115729
0.0117273
0.0128389
0.00952214
0.00997092
0.0119496
0.0127923
0.0132569
0.00995631
0.00813583
0.00820671
0.00816962
0.0101324
0.0106262
0.01073
0.011
0.0115301
0.00946377
0.00999674
0.0115821
0.0113776
0.0107812
0.0107812
0.0107153
0.0107153
0.0107188
0.0110486
0.0113793
0.0130438
0.0125025
0.0132084
0.0117107
0.0143731
0.00991542
0.0112925
0.0124889
0.00985523
0.00866557
0.00897088
0.0114092
0.011886
0.0109443
0.0103
0.0112982
0.0114075
0.0112955
0.0112955
0.0109571
0.010919
0.0116988
0.0111912
0.011396
0.0107031
0.0136392
0.0133525
0.0116734
0.0119322
0.0134166
0.0100017
0.0124452
0.0120695
0.00940234
0.00914349
0.0143654
0.0134565
0.00996299
0.00984436
0.0104223
0.00985011
0.0100008
0.0100008
0.00927879
0.0105947
0.0100914
0.012471
0.0119035
0.01135
0.0108064
0.0102689
0.0103629
0.0102752
0.0106593
0.0105833
0.0112227
0.00796362
0.0141172
0.0126041
0.00979805
0.00831043
0.0100559
0.0132826
0.00964318
0.00907052
0.007935
0.010786
0.0116725
0.0110547
0.0105223
0.0111543
0.0113107
0.0115584
0.010777
0.0103945
0.0103748
0.0109237
0.0108711
0.0109249
0.00894031
0.00866001
0.0116322
0.0111941
0.0132711
0.0101375
0.0112888
0.0114856
0.0148545
0.0137544
0.01111
0.0105842
0.0128263
0.0102966
0.0107279
0.0101042
0.0103623
0.0104242
0.0101231
0.0101357
0.00813776
0.00774955
0.00728813
0.00994755
0.0116394
0.0107144
0.00966775
0.00751408
0.00802324
0.00957609
0.0101879
0.00758859
0.00553015
0.013499
0.0128797
0.00633267
0.00660476
0.0122326
0.0132286
0.0105993
0.0087652
0.0116969
0.0136987
0.0122224
0.0117435
0.01242
0.00970062
0.0119095
0.0122926
0.00812818
0.00816565
0.0112579
0.012135
0.00985481
0.0100745
0.00855983
0.0111656
0.0102683
0.00833391
0.0137078
0.0106065
0.00865429
0.0108891
0.0141118
0.00996265
0.00894975
0.00890929
0.0116829
0.00954903
0.01015
0.011595
0.0101639
0.00804154
0.00794443
0.00987926
0.011066
0.00909374
0.00885226
0.00810427
0.00935017
0.0111492
0.00393597
0.0130442
0.0140163
0.012423
0.0130481
0.00858774
0.0115012
0.00743686
0.0116575
0.00429394
0.00858537
0.00785611
0.0147614
0.0144534
0.0136151
0.010067
0.0102587
0.0130053
0.0125512
0.0147632
0.00832141
0.0100504
0.0124437
0.0127748
0.0100003
0.0110476
0.0134865
0.0140254
0.00911185
0.00967597
0.013682
0.00983682
0.00823368
0.00380631
0.00773516
0.00844148
0.0082296
0.00326253
0.0135175
0.0108098
0.0126773
0.0145824
0.0126655
0.0156295
0.0103074
0.0101664
0.00898127
0.00991056
0.00892221
0.00877391
0.00389807
0.0138207
0.00938401
0.0107997
0.0133024
0.0112142
0.0110886
0.0128636
0.0103512
0.00848924
0.0096765
0.00911249
0.0130994
0.013704
0.0101326
0.0114957
0.0110469
0.014026
0.0133538
0.0109834
0.0109834
0.0127748
0.0124431
0.0114964
0.0130058
0.0143022
0.012123
0.0144531
0.0148507
0.00968034
0.0127451
0.00920201
0.0112665
0.00398549
0.0113016
0.0122592
0.00900088
0.00952283
0.0110839
0.0114567
0.0111722
0.00997707
0.00663278
0.00877517
0.01105
0.00865337
0.0107488
0.011616
0.011167
0.0122894
0.00943708
0.00985959
0.01
0.0101938
0.00999928
0.0103577
0.00978957
0.00849604
0.00822727
0.00815119
0.0107436
0.0100506
0.00832159
0.00827193
0.00817009
0.00979174
0.0102511
0.00985065
0.0104229
0.0108347
0.0116646
0.0102582
0.0097264
0.0126294
0.0110409
0.0110519
0.0108336
0.0103853
0.0110857
0.0107613
0.0139642
0.0116333
0.0110709
0.01029
0.0103054
0.00845004
0.00910909
