0.0129474
0.00997288
0.0132226
0.0131737
0.0129465
0.00989313
0.00980878
0.0113905
0.0133659
0.0138621
0.0126058
0.0116885
0.0125471
0.0136728
0.0116594
0.0111763
0.00991844
0.0125334
0.0112914
0.0104037
0.00993116
0.0105909
0.013324
0.0141908
0.0116412
0.0110429
0.0103234
0.0111009
0.00946374
0.0109523
0.0106442
0.0108549
0.0116554
0.012496
0.0138051
0.0110651
0.0124422
0.0121466
0.0104191
0.0113361
0.0111593
0.0121727
0.0104102
0.011882
0.0103879
0.0112166
0.0106476
0.014012
0.011606
0.0118777
0.0100853
0.0134881
0.0119922
0.0118788
0.00992287
0.0114116
0.0112315
0.0125889
0.0124246
0.0122498
0.0120668
0.00961983
0.0102982
0.0113171
0.0113932
0.0113188
0.011901
0.0104339
0.0116007
0.0123897
0.0117393
0.0103815
0.0115014
0.0115246
0.0111377
0.0116669
0.0114351
0.0113968
0.0131644
0.0114112
0.0128687
0.0113946
0.0106827
0.0119015
0.0114365
0.0109525
0.0126404
0.0117503
0.0110884
0.0112378
0.0124588
0.0110112
0.0120747
0.0118418
0.0114345
0.0122192
0.0132887
0.0137442
0.0113462
0.0132507
0.00727994
0.00882534
0.0104335
0.0118877
0.0104891
0.0122503
0.0111811
0.0111124
0.00991491
0.012887
0.0108113
0.00994757
0.012416
0.0124234
0.0119572
0.0112829
0.0123526
0.0117015
0.0108449
0.0112849
0.0109799
0.0112462
0.0111831
0.0114943
0.0117533
0.00986348
0.00990929
0.009687
0.0127106
0.0118109
0.0113248
0.0119474
0.0116647
0.0115778
0.0108654
0.00989317
0.011278
0.0106907
0.0121691
0.0117333
0.010622
0.0105136
0.0107459
0.0128006
0.012528
0.0110916
0.0133666
0.0116565
0.0121745
0.010633
0.0128614
0.0108585
0.0110907
0.0135989
0.0112066
0.0126017
0.0115236
0.0118322
0.0116138
0.0119368
0.0110994
0.0157053
0.0110202
0.0125511
0.0104676
0.0110847
0.0111279
0.0117602
0.0113517
0.0128306
0.0146189
0.0138699
0.0102269
0.0109966
0.0112414
0.0116697
0.011069
0.0119605
0.0108657
0.0100736
0.010247
0.0131094
0.0120717
0.0120984
0.0122981
0.0125305
0.0117077
0.0103361
0.0110104
0.00906804
0.0100114
0.0119381
0.0108316
0.0109046
0.0107456
0.0114121
0.0106903
0.0123951
0.0143639
0.0144235
0.0116092
0.0105053
0.0118189
0.0117892
0.0116176
0.0119275
0.0104373
0.0133215
0.0112602
0.0111643
0.0117145
0.0123878
0.0126812
0.011076
0.0110273
0.0124894
0.00981785
0.0125592
0.0132889
0.0112019
0.0117963
0.0129383
0.0111808
0.0111924
0.0127622
0.0131205
0.0112367
0.0109991
0.0113063
0.0138002
0.0113836
0.012538
0.0129017
0.0108609
0.014184
0.0121877
0.0108569
0.0117226
0.0128615
0.0115836
0.0132804
0.012067
0.0110666
0.0124168
0.0127319
0.0110548
0.0121952
0.0104006
0.0103428
0.0118606
0.0108709
0.0103814
0.0111855
0.00944745
0.0101072
0.0107583
0.0131368
0.0129492
0.011334
0.0123029
0.0119277
0.0106992
0.0105814
0.0113988
0.0117429
0.0122019
0.0110404
0.0113808
0.0132872
0.0123437
0.0130041
0.0115389
0.0115564
0.00953322
0.0123054
0.0125885
0.0109124
0.0108741
0.0134492
0.0114241
0.0116668
0.0112294
0.0126562
0.0101168
0.0120033
0.013353
0.0140445
0.0110868
0.0127374
0.0130462
0.0104276
0.0126467
0.0108683
0.0111172
0.0116285
0.0103328
0.011927
0.0120147
0.0115486
0.0111013
0.0119514
0.0117218
0.0124827
0.0119546
0.0124904
0.0122977
0.0110921
0.0109768
0.0127502
0.0101661
0.0133014
0.0142081
0.0114716
0.0133054
0.0113382
0.0124334
0.00951683
0.0102296
0.0118525
0.011832
0.0114959
0.0115363
0.0102093
0.0113114
0.0103411
0.0106894
0.0124577
0.0121666
0.011563
0.0106922
0.010084
0.0106619
0.0109151
0.0105244
0.0108645
0.0129663
0.0127618
0.0108261
0.0103468
0.0123859
0.00947401
0.0105314
0.0132874
0.0125693
0.0117187
0.0117956
0.0115314
0.0126968
0.0117307
0.0117081
0.0126568
0.0118896
0.0129514
0.0125167
0.011752
0.0126989
0.01302
0.012561
0.0123596
0.0131408
0.0119478
0.0131132
0.0114704
0.0116371
0.0114815
0.0110667
0.0122845
0.0112688
0.0133495
0.0129146
0.0130627
0.0115675
0.0137671
0.0108983
0.0110883
0.0114873
0.010061
0.0110633
0.0130165
0.011038
0.0149483
0.0131911
0.0118812
0.0118782
0.0108764
0.0114572
0.0111697
0.0123364
0.0116553
0.0119927
0.0122463
0.0114778
0.0113395
0.0108469
0.0115071
0.0121216
0.0128265
0.0117483
0.0147562
0.00965205
0.0114357
0.00425477
0.0122572
0.0120298
0.0106933
0.0108372
0.0120383
0.0111429
0.011123
0.0105779
0.0121351
0.012471
0.0128145
0.0113924
0.0109349
0.010122
0.0128503
0.0123361
0.0115085
0.0126968
0.0108469
0.0135137
0.0135948
0.0109378
0.0144731
0.0115884
0.0128138
0.011538
0.0128017
0.0122526
0.0114469
0.0122512
0.0116109
0.0118171
0.0129831
0.0134598
0.0114391
0.0124322
0.0118099
0.011143
0.012638
0.0115027
0.0121989
0.0130013
0.0113868
0.0115644
0.011178
0.00988147
0.0136771
0.0122932
0.0129482
0.0118316
0.0128178
0.0123433
0.0101127
0.0110121
0.0115529
0.0109825
0.0133042
0.0112937
0.0121071
0.0103761
0.0114123
0.0142742
0.0154506
0.0107333
0.0113141
0.0115909
0.0115096
0.0102863
0.011236
0.0101707
0.0114419
0.0111132
0.0123
0.0111038
0.0118273
0.0120879
0.0117909
0.0122634
0.0119569
0.010918
0.0108242
0.0133035
0.0102992
0.0109689
0.0116511
0.0126117
0.0121246
0.0115915
0.0107407
0.0114595
0.0126256
0.0133333
0.0106625
0.00567248
0.0110568
0.0147388
0.0109693
0.0120579
0.010379
0.0105521
0.0115102
0.0119401
0.0130765
0.00881222
0.00967324
0.00881416
0.0104415
0.0136882
0.0106046
0.0124078
0.01066
0.0109044
0.00954583
0.0117946
0.0106811
0.0122444
0.0125169
0.0110516
0.0100198
0.0124428
0.0138612
0.010953
0.0135407
0.0117493
0.0124611
0.0154588
0.0113216
0.0107902
0.0127895
0.0119536
0.0121293
0.0116811
0.0110213
0.0128246
0.0108939
0.0122469
0.0124501
0.0124989
0.0118069
0.0133438
0.0136863
0.0118057
0.0128519
0.0118812
0.0112786
0.011754
0.0135827
0.0120929
0.0124651
0.0125164
0.0147653
0.0122384
0.0115728
0.0131651
0.0150896
0.0140658
0.0140931
0.010189
0.0118834
0.0109839
0.0118329
0.0128357
0.0123073
0.0113483
0.0109607
0.0119224
0.0146247
0.013243
0.0132391
0.0152305
0.00906489
0.0109403
0.011397
0.0101192
0.0143976
0.0113502
0.011614
0.0139646
0.0121652
0.0111769
0.0112704
0.0102201
0.0112575
0.0104466
0.0125237
0.0127107
0.0117234
0.0129307
0.0133088
0.0109042
0.0106354
0.0103444
0.011929
0.0106867
0.0146994
0.011293
0.0104577
0.010944
0.013059
0.0128775
0.0154059
0.0105674
0.00997973
0.00992651
0.0109836
0.0107896
0.0125276
0.013333
0.010684
0.0117427
0.0113369
0.0117958
0.0113526
0.0182201
0.0103214
0.00998175
0.0119794
0.0115966
0.010093
0.0137305
0.011545
0.0122263
0.0125835
0.0129259
0.0124451
0.0126276
0.0123668
0.011728
0.0129025
0.0111643
0.0108644
0.0113332
0.0143291
0.0127856
0.0103678
0.0128694
0.0138042
0.0108287
0.0128509
0.0121208
0.0111349
0.0136399
0.0128935
0.0117024
0.0131941
0.0143866
0.0130942
0.0130701
0.0112176
0.0105674
0.012255
0.014542
0.0116483
0.0119415
0.0128161
0.0120349
0.0107079
0.0113158
0.0127312
0.0128161
0.0109018
0.0095732
0.0117829
0.0108771
0.0100306
0.0118697
0.0106815
0.011467
0.0131699
0.0112447
0.0117941
0.0136983
0.0133921
0.0110485
0.0109339
0.00967906
0.0114265
0.0118213
0.0126061
0.0106915
0.0116294
0.0128916
0.0111577
0.0122054
0.0139357
0.0139802
0.0158177
0.012663
0.0116059
0.0120264
0.0116359
0.0102594
0.0134954
0.0140686
0.0125127
0.0126614
0.0110903
0.0114966
0.0121451
0.0116396
0.0125613
0.0100439
0.011724
0.0126863
0.0129152
0.0123752
0.0122403
0.0111244
0.013926
0.0130871
0.0113249
0.011921
0.0093096
0.0106838
0.0104766
0.0121186
0.0133943
0.0118741
0.0142512
0.011447
0.0106929
0.0107591
0.0146916
0.0154375
0.0123044
0.0154082
0.0128705
0.0114101
0.0133053
0.0121631
0.0128986
0.0126175
0.0146631
0.0109851
0.0113919
0.0126952
0.0148601
0.0120583
0.0109581
0.0122069
0.0110307
0.0123553
0.0136936
0.0113112
0.0121959
0.0130621
0.01187
0.0129844
0.0126958
0.0128454
0.0120007
0.0130905
0.0112328
0.010976
0.0135544
0.0134501
0.0122029
0.0114968
0.0156028
0.0140008
0.0135644
0.0141903
0.0113113
0.0114188
0.0141351
0.0136347
0.0150465
0.0125346
0.0115737
0.0111294
0.0102951
0.0117625
0.0123865
0.012146
0.013576
0.0135062
0.0110353
0.0108037
0.0145443
0.0127736
0.0111993
0.0106656
0.0118905
0.0131116
0.0120839
0.0133779
0.0136087
0.0119978
0.0117576
0.0118803
0.0100797
0.012877
0.0104114
0.0128437
0.0122815
0.0115569
0.0112488
0.0106274
0.011107
0.0141524
0.0084179
0.0101791
0.0114228
0.0144926
0.0125771
0.0127356
0.0134969
0.0134468
0.0135134
0.0113586
0.0106526
0.0104161
0.0110237
0.0124363
0.0103119
0.0122981
0.0120245
0.011352
0.0129772
0.0100005
0.0100383
0.0141707
0.0145153
0.0111765
0.0104455
0.0118577
0.0118176
0.012039
0.0128817
0.0101773
0.0125793
0.0138475
0.0121497
0.0139384
0.0154803
0.0113906
0.0122787
0.012843
0.0118732
0.0109794
0.0112576
0.0115985
0.0130353
0.0129471
0.0163283
0.0149465
0.012867
0.012111
0.010516
0.0124031
0.0128713
0.0108361
0.0101449
0.0131412
0.0129201
0.0113871
0.0126488
0.0110054
0.0131366
0.0106745
0.0107787
0.0115984
0.0115922
0.0137113
0.0127847
0.0120949
0.0132789
0.0120427
0.0119668
0.0129861
0.0127188
0.0109017
0.0134039
0.0127209
0.0123894
0.0124251
0.0118131
0.0120347
0.0136233
0.0147481
0.0136169
0.0138906
0.0114247
0.0111898
0.0142987
0.0144907
0.0139406
0.0126478
0.0109576
0.013406
0.0112574
0.0117759
0.0115784
0.011363
0.0145087
0.0141953
0.0108668
0.0114252
0.0113856
0.0103571
0.0125813
0.0111869
0.0110493
0.0121263
0.0126658
0.0112673
0.0140824
0.011831
0.0133323
0.0139585
0.011785
0.0110078
0.0102643
0.0117178
0.0116906
0.010719
0.0142342
0.0119927
0.0119031
0.0125526
0.010297
0.0119507
0.0173054
0.0125029
0.0109205
0.0104716
0.0130653
0.0106882
0.0127894
0.0130939
0.0132048
0.0144533
0.0130072
0.0109768
0.0114514
0.0109231
0.0106861
0.0115141
0.0117022
0.0116939
0.0124745
0.0134256
0.0102893
0.0117208
0.0144627
0.0111959
0.011612
0.0115953
0.010342
0.0111705
0.0124264
0.0112171
0.0122423
0.0115619
0.011395
0.0151116
0.0128049
0.0125554
0.0117785
0.0119845
0.0127826
0.0119804
0.01301
0.0109872
0.0117123
0.015341
0.0121878
0.0123539
0.0128472
0.0124691
0.0144167
0.0134126
0.0129416
0.0120237
0.0110517
0.0110521
0.0108272
0.0129428
0.0127588
0.0111985
0.0115823
0.0133405
0.0132697
0.0106822
0.011634
0.0108908
0.0102812
0.0107632
0.011882
0.00988714
0.0128086
0.0114432
0.01251
0.0106655
0.0120257
0.0117189
0.0141395
0.0132885
0.010724
0.0122631
0.0137576
0.0101544
0.012857
0.0138892
0.0110567
0.0144487
0.0138755
0.0131657
0.0124592
0.011587
0.0115043
0.0123194
0.0126215
0.014301
0.0137219
0.0114532
0.0116995
0.0114725
0.0140526
0.0114452
0.0107991
0.0143881
0.0147864
0.00959122
0.0122696
0.0115433
0.0146208
0.0144939
0.0106352
0.0112397
0.0103221
0.0136112
0.0146657
0.0112864
0.0119025
0.0135358
0.0124675
0.010969
0.0123143
0.0113759
0.0125401
0.0137058
0.0118135
0.0118778
0.0129358
0.0145196
0.0100729
0.0103099
0.0119302
0.0108505
0.0127121
0.0117462
0.0105646
0.0110523
0.0112357
0.0117621
0.0120262
0.0110146
0.0105195
0.0118983
0.0110475
0.0126635
0.0117648
0.0119419
0.0112937
0.0122085
0.0140699
0.0143072
0.0128053
0.0100344
0.0108385
0.0112995
0.0133067
0.0119693
0.013281
0.0121199
0.0117782
0.0123197
0.0117953
0.0144799
0.0115311
0.0110496
0.0125664
0.0125747
0.0158119
0.0114582
0.0142252
0.013841
0.0124077
0.0131891
0.0126346
0.0123658
0.0118531
0.0128547
0.0129149
0.01322
0.0112341
0.0159132
0.0111225
0.0141848
0.0121481
0.0109925
0.0115353
0.0140297
0.012285
0.0106283
0.0146202
0.010627
0.0114563
0.0105764
0.0101839
0.01034
0.0108437
0.0104977
0.0105512
0.0098566
0.0124587
0.0109394
0.0103507
0.0139642
0.0130655
0.011382
0.0120653
0.0154921
0.0120123
0.0111124
0.0123032
0.0127188
0.0125014
0.0109272
0.0128741
0.0140833
0.0127049
0.0101781
0.0115951
0.0123408
0.0113864
0.0120765
0.014339
0.0115729
0.0126867
0.0136997
0.0138887
0.014226
0.0107939
0.0110515
0.0146273
0.0144965
0.0108445
0.0118942
0.0119404
0.0134602
0.0103952
0.012338
0.0114178
0.0114794
0.0117306
0.0126684
0.0149362
0.012994
0.0118891
0.01477
0.0136789
0.0120782
0.0116745
0.0121291
0.0111664
0.0110024
0.0104126
0.0149676
0.0119163
0.0113451
0.0122583
0.0152958
0.0142363
0.0125222
0.0127216
0.0111923
0.0107446
0.012966
0.0122382
0.0138129
0.0146187
0.0110536
0.0109964
0.0123385
0.0126751
0.0144909
0.0151985
0.0119593
0.0106292
0.0113709
0.0113351
0.0111823
0.0135143
0.0111232
0.0141864
0.0124694
0.0118854
0.0127628
0.0113421
0.0111354
0.0120087
0.0119642
0.0122503
0.0119465
0.0137957
0.014285
0.0142181
0.012735
0.0107478
0.0116154
0.0111138
0.0135152
0.011492
0.0154586
0.0124858
0.0115161
0.012135
0.0122295
0.0135448
0.0109124
0.0104023
0.0118501
0.0120297
0.0125367
0.0118213
0.0134892
0.0155364
0.0138255
0.0110837
0.016593
0.0125092
0.0114487
0.00962495
0.0140691
0.0109772
0.0129319
0.0120874
0.0113983
0.0131612
0.0109714
0.0107999
0.0113608
0.0123392
0.0110645
0.0106002
0.0102723
0.0136241
0.0105624
0.0156196
0.0128366
0.0116528
0.0114692
0.0103552
0.015296
0.0110968
0.0130234
0.010738
0.0142414
0.0119383
0.0137209
0.0143636
0.0132458
0.0125927
0.0114107
0.0122195
0.0115266
0.0119318
0.0122775
0.0121975
0.0151757
0.0123432
0.0119715
0.0118228
0.0128071
0.0119794
0.0120459
0.01575
0.0114566
0.0117626
0.0119688
0.0155925
0.0143431
0.012017
0.0130414
0.00981994
0.0117062
0.011989
0.0151758
0.0116546
0.0133153
0.0111439
0.0141095
0.0135456
0.0136243
0.014487
0.0111009
0.0108106
0.0108299
0.0133071
0.0138933
0.011894
0.0111244
0.0117261
0.0135277
0.0130467
0.011615
0.011516
0.0115113
0.0135262
0.0129527
0.0127475
0.0126798
0.0119961
0.0111259
0.0113132
0.0132483
0.0118226
0.0118934
0.0131661
0.0111158
0.0118607
0.0120426
0.0119714
0.0146955
0.014045
0.0128632
0.0113278
0.0135827
0.0121685
0.0118449
0.0115348
0.0116754
0.0126157
0.0158073
0.0121968
0.0118407
0.0125659
0.0131839
0.0113845
0.0133463
0.0132438
0.0122339
0.0163712
0.0103941
0.0121776
0.0121634
0.0125844
0.0160693
0.0117661
0.013244
0.0126919
0.0113614
0.0120692
0.0127744
0.0123182
0.0117576
0.0118764
0.0117562
0.0116827
0.0145701
0.0134998
0.0131216
0.013461
0.0140895
0.016429
0.0163124
0.0106818
0.0112024
0.0115575
0.0106064
0.0124018
0.011552
0.0115511
0.0115902
0.0136262
0.0138453
0.0143059
0.0140328
0.013213
0.0163829
0.0123167
0.0116812
0.0123891
0.0114083
0.0120265
0.0118689
0.0131001
0.0122785
0.0124391
0.0151575
0.0125538
0.0150735
0.0123147
0.0110041
0.0142537
0.0116173
0.0115495
0.0131226
0.0115968
0.0127012
0.0129089
0.0115712
0.0107153
0.0109875
0.0119663
0.0125323
0.0112134
0.0149212
0.0118885
0.0128669
0.0119826
0.0123436
0.0111173
0.0125205
0.0142376
0.0123353
0.0123778
0.011491
0.0119691
0.0113618
0.0118191
0.0134415
0.0107422
0.0114265
0.011959
0.0143105
0.0129709
0.0118112
0.0114218
0.0138849
0.0118288
0.0116786
0.0118704
0.0131314
0.0110161
0.01038
0.0133945
0.0145595
0.0117113
0.0124582
0.0117293
0.0114412
0.0144978
0.0118736
0.0130084
0.0110852
0.0109402
0.0122076
0.0149155
0.0118254
0.0119043
0.0117761
0.0123635
0.0148371
0.0130078
0.0130877
0.0148333
0.0131688
0.0151798
0.0145581
0.0118288
0.0137414
0.0142858
0.0125384
0.0113359
0.0130554
0.0155684
0.0133441
0.0118886
0.013391
0.0140406
0.0148479
0.0146989
0.0116597
0.0122562
0.0145445
0.0130979
0.0132483
0.0157036
0.0118483
0.0111058
0.013697
0.0131735
0.0112249
0.0133001
0.0143609
0.0100099
0.0115323
0.014068
0.0119575
0.0114186
0.0129521
0.0128123
0.0133217
0.014697
0.0134974
0.0130816
0.0123478
0.0144906
0.0133752
0.0150171
0.013539
0.0141506
0.0117504
0.0149295
0.0124104
0.012134
0.0142352
0.0130093
0.0106662
0.0138664
0.0105817
0.0140729
0.0135179
0.0139637
0.0133791
0.0110468
0.0127994
0.0114907
0.0117917
0.0129377
0.0114276
0.0133926
0.0118459
0.0135905
0.0124158
0.0127656
0.0158326
0.0146037
0.0133253
0.0144282
0.0123178
0.0156509
0.0118366
0.0108681
0.0135609
0.0145936
0.0112895
0.012604
0.0115903
0.0118029
0.0120629
0.0115822
0.011382
0.0128332
0.013141
0.0136575
0.0105714
0.0117482
0.0128116
0.0127954
0.0104584
0.0123222
0.011497
0.0120344
0.0127076
0.0132501
0.0134845
0.0115822
0.0102756
0.0140678
0.0118892
0.0118073
0.0131938
0.0107112
0.0119174
0.0125869
0.013634
0.0133663
0.0101305
0.01052
0.0136815
0.0144091
0.011106
0.0111267
0.0107481
0.012074
0.0125431
0.0150714
0.0123885
0.0132747
0.0107512
0.0116935
0.0156042
0.0146305
0.0119622
0.009839
0.0100847
0.0105998
0.0129187
0.0120191
0.0142983
0.0117983
0.0139285
0.0144342
0.0120318
0.01076
0.0112893
0.0133504
0.0114952
0.0100009
0.0163395
0.0116467
0.0113081
0.0105428
0.0129872
0.0155778
0.0131319
0.0125884
0.0125083
0.0130515
0.012599
0.0126182
0.0108918
0.0128659
0.0129103
0.013638
0.0113761
0.0117169
0.014645
0.0107498
0.0126239
0.0136242
0.0114391
0.0119384
0.0115799
0.0127946
0.0111165
0.012139
0.0149003
0.0117525
0.0136702
0.0137536
0.0150875
0.0144786
0.0118954
0.0131602
0.0104017
0.0149282
0.0146193
0.0101087
0.0136867
0.0142971
0.0115126
0.0126643
0.0104432
0.0118836
0.0109638
0.0109608
0.0112203
0.0123344
0.0116703
0.0111699
0.0146352
0.011962
0.0120283
0.0110018
0.0110225
0.0127545
0.011227
0.0130732
0.0131373
0.0148814
0.0107514
0.0126382
0.0145578
0.0153893
0.0127068
0.010541
0.0127743
0.0158563
0.0122947
0.013655
0.0143779
0.0126203
0.0118898
0.0120299
0.0115715
0.0114392
0.0124146
0.0115293
0.0102938
0.00997855
0.0151108
0.0138939
0.0102128
0.0119124
0.0128596
0.0147637
0.010663
0.0121102
0.0123945
0.0121745
0.0125839
0.0107444
0.0137231
0.0145015
0.0117098
0.0112818
0.0147584
0.0140944
0.0110651
0.0139057
0.0128487
0.0121103
0.0121078
0.0119195
0.0133524
0.0129576
0.0114118
0.0115827
0.0143981
0.0134998
0.0107397
0.0107008
0.012903
0.0109644
0.0126917
0.0144523
0.0132916
0.0124698
0.01221
0.0117764
0.0142277
0.0134627
0.0118137
0.0127486
0.0116994
0.0123702
0.0125116
0.0148347
0.0123638
0.0123386
0.0137788
0.0117523
0.0138723
0.0115236
0.011084
0.0157482
0.0123137
0.0103168
0.0127092
0.0128011
0.0133765
0.0118677
0.0150032
0.0118103
0.011013
0.01334
0.0123373
0.0118753
0.0121534
0.0104846
0.0109478
0.0120259
0.0144191
0.0134699
0.012655
0.0128179
0.013895
0.0140427
0.0126106
0.0146589
0.0114296
0.0130193
0.0119632
0.0111018
0.0141078
0.0148886
0.0121106
0.0108669
0.012653
0.0139334
0.0158098
0.0156236
0.0174922
0.0136798
0.0113811
0.0148564
0.0144904
0.0115284
0.0142256
0.014794
0.0138102
0.0137242
0.0120574
0.011561
0.0123168
0.0109956
0.0114015
0.0103815
0.0121951
0.0111295
0.0119252
0.0155996
0.0140263
0.011493
0.011907
0.0115515
0.0118387
0.0123837
0.0115976
0.0124665
0.0129002
0.0111913
0.014363
0.0143453
0.0145397
0.0121951
0.0172894
0.0122158
0.015862
0.0121778
0.0119666
0.0111056
0.0130328
0.0118044
0.0117577
0.0118488
0.011358
0.0127357
0.0114243
0.0127687
0.0163329
0.0149448
0.0117816
0.0115939
0.0130221
0.014918
0.0150328
0.0114131
0.0132704
0.0129972
0.0109995
0.0116513
0.0113608
0.0130639
0.0129957
0.0148209
0.0127668
0.0152208
0.0146298
0.0140588
0.0115289
0.0110238
0.0138152
0.0115863
0.0117391
0.0127035
0.0133311
0.0117295
0.0109959
0.01472
0.013916
0.0116143
0.0110726
0.0132078
0.0138467
0.0113466
0.0109822
0.0125341
0.013671
0.0124486
0.0100611
0.0141635
0.0122223
0.010639
0.0124618
0.0107008
0.011015
0.0107547
0.0111752
0.0121861
0.0135165
0.011472
0.0134377
0.0139572
0.0119429
0.0099079
0.0104871
0.0119146
0.0119683
0.0147345
0.011145
0.0125866
0.0122678
0.0147474
0.0140996
0.0146816
0.0125889
0.0106396
0.0122596
0.0120237
0.0117671
0.0113587
0.012052
0.013834
0.0147403
0.0118175
0.013859
0.0119085
0.0120812
0.0108356
0.0106803
0.0124176
0.0124101
0.0129748
0.0119661
0.0125495
0.0145374
0.0131718
0.0131341
0.011327
0.0137023
0.0119081
0.0112642
0.0111182
0.0150715
0.0148497
0.0121603
0.0148901
0.0169349
0.012893
0.0147442
0.0165349
0.0151599
0.0130534
0.0121253
0.0121225
0.0115273
0.0113999
0.0136881
0.0122844
0.0146838
0.0125164
0.0103541
0.0136093
0.0143695
0.0113528
0.0121576
0.0116075
0.0115261
0.0119436
0.0115528
0.0132645
0.0120249
0.0137947
0.0122383
0.0131307
0.0153492
0.0110496
0.012615
0.014523
0.0126867
0.0160678
0.0144431
0.0134783
0.0157747
0.0151052
0.0118301
0.0111025
0.0114278
0.01293
0.0133885
0.0133456
0.0116384
0.0107888
0.0133806
0.012245
0.0163556
0.0103769
0.0102732
0.014393
0.0153137
0.0127281
0.010429
0.0125184
0.0120435
0.0138177
0.0126438
0.0138486
0.0117019
0.0113509
0.0154649
0.015255
0.0104343
0.0127022
0.0105622
0.0121107
0.012551
0.0130897
0.0138201
0.0104992
0.00976379
0.0151172
0.0153236
0.0100284
0.0123799
0.0116947
0.0136941
0.01238
0.0146705
0.0135269
0.01378
0.0107569
0.0118266
0.0146036
0.011004
0.0115375
0.012754
0.0131055
0.010906
0.0107766
0.0142939
0.0145018
0.0124289
0.01267
0.0133974
0.0124765
0.0157575
0.0167123
0.0130069
0.012855
0.0118256
0.0110422
0.0167022
0.0123661
0.0156379
0.0160177
0.0128262
0.0153901
0.015706
0.0123679
0.010104
0.0127037
0.0122486
0.0112343
0.014716
0.0136341
0.0140281
0.0130987
0.0155392
0.0116691
0.0120472
0.0112066
0.0110148
0.0111394
0.0115711
0.0127466
0.0131631
0.0126723
0.0126063
0.0109188
0.0118223
0.0113364
0.0122006
0.0145049
0.011184
0.0116724
0.013202
0.0103017
0.0122002
0.0152969
0.0130723
0.0149407
0.0123053
0.0150735
0.0132144
0.0121523
0.0105127
0.0116115
0.0114014
0.012617
0.0111744
0.0125876
0.0124199
0.0129849
0.0154594
0.0125839
0.01178
0.0112094
0.0123504
0.0151033
0.0131428
0.0126047
0.0134771
0.0125813
0.0113935
0.0108945
0.0151067
0.0124733
0.0108132
0.0149061
0.0150663
0.0141147
0.0163178
0.0126123
0.0117496
0.0148196
0.0125731
0.0160147
0.0142687
0.012264
0.0114566
0.0116267
0.0114958
0.0107335
0.0108832
0.0106509
0.0113463
0.0121066
0.0167751
0.0143368
0.011271
0.0112107
0.0151953
0.0152893
0.0124385
0.00994108
0.012111
0.0113784
0.0141384
0.0148688
0.0123761
0.0130455
0.0156023
0.0151917
0.0106931
0.012907
0.0127861
0.013335
0.0133156
0.0137972
0.0135375
0.0107832
0.0106902
0.0154399
0.0152027
0.0108958
0.012139
0.0137463
0.0106195
0.0143462
0.0133296
0.0138544
0.0132725
0.0122358
0.011202
0.0153738
0.0133904
0.014752
0.0122288
0.0132869
0.0127354
0.0113429
0.0131039
0.0124799
0.0135666
0.0149608
0.0141921
0.0132826
0.0153998
0.0118986
0.0107771
0.0115254
0.0112617
0.0175918
0.0172934
0.0124182
0.0138171
0.0159935
0.0157374
0.0153924
0.011572
0.0121815
0.0127914
0.0131501
0.0142351
0.0140095
0.0132622
0.0151339
0.014735
0.0112512
0.0105213
0.0108308
0.0119694
0.0109621
0.0110399
0.0126472
0.0125199
0.011072
0.0159146
0.0157294
0.0105469
0.0118279
0.0126736
0.0114265
0.0114874
0.017154
0.0143111
0.0138767
0.0134186
0.012539
0.0116399
0.0121761
0.0113528
0.0111274
0.0145029
0.0113784
0.0124762
0.0143505
0.013974
0.011825
0.0115258
0.0102029
0.00963218
0.0105315
0.00960225
0.0129178
0.0106997
0.0160891
0.0139245
0.0140067
0.0132716
0.0119702
0.0115858
0.0118868
0.0136394
0.0143042
0.0139811
0.0123326
0.0115551
0.0133288
0.0111928
0.0122262
0.0145087
0.0153308
0.0118063
0.0151782
0.0125095
0.0166559
0.0124587
0.0124949
0.0142235
0.0131554
0.0116027
0.0120438
0.0115796
0.0109595
0.0109709
0.0110343
0.0141215
0.0127507
0.0123425
0.0168907
0.0121409
0.0109259
0.0113075
0.0135668
0.0147773
0.0125824
0.011427
0.0105476
0.0118838
0.0117726
0.0151755
0.0134027
0.0134471
0.0146264
0.0142896
0.015754
0.0166957
0.0107871
0.0136364
0.0122944
0.0120122
0.0127791
0.0160887
0.0132005
0.0138476
0.011277
0.0109789
0.0151316
0.0121955
0.0111424
0.0134534
0.0119001
0.0125391
0.0140667
0.0156896
0.0133384
0.0141821
0.0116745
0.0115807
0.0137133
0.0132938
0.0123352
0.0117775
0.012021
0.0117196
0.0105982
0.0185859
0.0136866
0.0141455
0.0147234
0.0142058
0.0151262
0.0130155
0.0114807
0.0129567
0.0119706
0.0120532
0.0138658
0.0121296
0.0125534
0.0125186
0.0157158
0.0153322
0.0098206
0.014585
0.0121909
0.0129249
0.0112411
0.0113679
0.0133543
0.0153604
0.0142395
0.0147211
0.0111919
0.0117129
0.0113174
0.012048
0.0108704
0.0124339
0.0117443
0.0121443
0.01195
0.0118356
0.0144826
0.0111617
0.0127216
0.0160999
0.013899
0.0100478
0.015119
0.0125111
0.014424
0.0116624
0.0111926
0.0147825
0.0138851
0.0130695
0.0114538
0.0145746
0.0171465
0.0157541
0.013452
0.0128407
0.0128874
0.0117298
0.0116353
0.00990681
0.0106234
0.0113551
0.00960953
0.0113309
0.0125841
0.0127084
0.0131882
0.00995009
0.0119846
0.01227
0.0110499
0.012262
0.012334
0.0127465
0.0129011
0.0136597
0.0135459
0.0139689
0.0130641
0.0161255
0.0149984
0.0151789
0.0184222
0.0115832
0.0136707
0.0174827
0.0160062
0.0122164
0.0152837
0.0142929
0.0111441
0.0114298
0.0125493
0.0117062
0.0104859
0.0109957
0.0109692
0.0110027
0.0123491
0.0170653
0.0111135
0.0113081
0.0155754
0.0154194
0.012442
0.0119857
0.0128505
0.0127164
0.0125504
0.0110692
0.012949
0.0140731
0.0142218
0.0120519
0.0150861
0.0148748
0.011236
0.00999282
0.0122653
0.0159208
0.0135309
0.0111317
0.013506
0.0120013
0.0112827
0.0112583
0.0156003
0.0173686
0.0118129
0.0109275
0.0129005
0.0115349
0.0144808
0.0116889
0.0139644
0.0127462
0.0117445
0.0114581
0.0154764
0.0132249
0.0111965
0.0143701
0.0124291
0.0127518
0.0123904
0.0115136
0.0143793
0.0129123
0.0176652
0.0178643
0.0113961
0.0118156
0.012614
0.0125847
0.012932
0.011903
0.0148494
0.0140394
0.012197
0.0153199
0.0161857
0.0163062
0.0154203
0.0104052
0.0128297
0.0129271
0.0116141
0.0115247
0.0140797
0.0115983
0.0138459
0.0142372
0.0165559
0.012128
0.014286
0.0110591
0.0115534
0.0118649
0.0110998
0.0109026
0.0107062
0.0118662
0.0117601
0.0131834
0.0150356
0.0106089
0.0115264
0.0122612
0.0118636
0.0112151
0.0115298
0.0140444
0.0143901
0.0138275
0.0145846
0.0104167
0.0105106
0.0146757
0.0144324
0.0114159
0.0113688
0.0159333
0.0127678
0.0162934
0.0106351
0.0123141
0.0105272
0.0126097
0.0109496
0.0110543
0.0106985
0.0109661
0.0117766
0.0116077
0.0131376
0.0106329
0.0113939
0.0109723
0.0117349
0.012475
0.012158
0.0116251
0.0127282
0.0123838
0.0137069
0.0125367
0.0144022
0.0161151
0.0136012
0.0126345
0.0129351
0.014456
0.0125574
0.0133709
0.0143163
0.0117802
0.016057
0.0133881
0.0128297
0.0109744
0.0104095
0.0111306
0.0125437
0.0114353
0.0122376
0.0117206
0.0140169
0.0118225
0.01469
0.0134456
0.0140309
0.0118496
0.0107503
0.0157628
0.0138607
0.0127533
0.0105383
0.0119771
0.011717
0.0124382
0.0116333
0.0143092
0.0139858
0.0123088
0.012971
0.0148085
0.0140169
0.0104493
0.011354
0.0121683
0.0130238
0.0128803
0.0111396
0.0129523
0.0133999
0.0114701
0.0107319
0.0145423
0.0140179
0.0108321
0.0125763
0.0103159
0.0133692
0.0139409
0.011038
0.0122553
0.0157802
0.0117735
0.0119594
0.0145813
0.0141583
0.0126346
0.0104459
0.0131222
0.0111819
0.0126716
0.0130684
0.011413
0.0145499
0.0166305
0.0168546
0.0147686
0.0121593
0.0122128
0.012137
0.0121311
0.0130621
0.0113629
0.0132016
0.0135322
0.0124956
0.0143723
0.0168203
0.0165348
0.0103884
0.011357
0.0128246
0.0144359
0.0120079
0.0120077
0.015059
0.0147101
0.0154187
0.0136735
0.015617
0.0163104
0.0140395
0.0135463
0.0116094
0.0110168
0.0109797
0.0119726
0.0136486
0.0133485
0.0119231
0.0129305
0.0150379
0.0129087
0.0140988
0.0108431
0.0112297
0.0119212
0.0132886
0.0138944
0.0144155
0.0119632
0.0143377
0.0133438
0.0129581
0.0125362
0.0107661
0.0138286
0.0120699
0.014855
0.0136146
0.0156731
0.0137717
0.0106265
0.010735
0.012081
0.0106518
0.0104756
0.0105882
0.011324
0.0128226
0.0147956
0.0113358
0.0126075
0.0126676
0.0146149
0.0120529
0.0127633
0.0120922
0.0120851
0.0127677
0.0120981
0.0136451
0.0126877
0.0146055
0.0111783
0.013801
0.013925
0.0150435
0.0129209
0.0138273
0.0134033
0.0150085
0.0161346
0.0110687
0.0174105
0.0127228
0.0109386
0.0120425
0.0111298
0.0116459
0.0107685
0.0113841
0.0106947
0.0117315
0.0115157
0.0130764
0.0141649
0.0164398
0.0116665
0.0111118
0.0131045
0.0141614
0.0113693
0.0126994
0.0149505
0.0132059
0.0119557
0.0157996
0.0137817
0.0153264
0.0130666
0.0133847
0.0133189
0.0142522
0.0128167
0.0117873
0.0121729
0.0129673
0.0126086
0.0141169
0.0137265
0.015395
0.0107824
0.0112712
0.0138231
0.0139151
0.0127888
0.0104904
0.0118119
0.0117388
0.0135896
0.0146011
0.0122806
0.0155546
0.011933
0.0118263
0.0138279
0.013419
0.0108368
0.0114375
0.0118983
0.0125307
0.0125936
0.0146251
0.0141752
0.0127911
0.0131905
0.0135668
0.0146494
0.014116
0.0118253
0.0107024
0.0157318
0.0111589
0.0113267
0.0120465
0.0142398
0.0125794
0.0134261
0.0136735
0.0130019
0.01414
0.0107416
0.0144885
0.0155326
0.0131234
0.0160944
0.0118864
0.0113919
0.014894
0.0168358
0.0148826
0.0161392
0.0147808
0.0119783
0.0122515
0.0125481
0.011319
0.0122251
0.0135556
0.0116353
0.0106537
0.0136263
0.0129466
0.0121858
0.0132421
0.0145458
0.0139462
0.0114347
0.0126797
0.01319
0.0120059
0.0122801
0.0142156
0.0137589
0.0151554
0.0116462
0.0149563
0.0153651
0.0145301
0.0132427
0.0137494
0.0154196
0.0147982
0.00973665
0.0111319
0.0119926
0.0102096
0.012066
0.0124809
0.0115071
0.0135209
0.0129009
0.018102
0.0132372
0.0148498
0.013116
0.0135283
0.0121815
0.0125751
0.0120842
0.0123501
0.012714
0.0122179
0.0136568
0.0127131
0.0146079
0.0111595
0.0117581
0.0128618
0.0176294
0.013281
0.0151942
0.0132868
0.0135519
0.0152862
0.0137571
0.0118384
0.0139753
0.014163
0.0118138
0.0101341
0.0129844
0.0126945
0.0110063
0.0109183
0.0146003
0.0108039
0.0113388
0.0143915
0.0123951
0.0121943
0.0126125
0.0153314
0.0137104
0.0116127
0.0141827
0.0100031
0.0120904
0.0126587
0.0142738
0.0145901
0.0121657
0.0150437
0.0155855
0.0125475
0.0117989
0.0148708
0.0140601
0.0116238
0.0105194
0.01232
0.0125014
0.0129448
0.012109
0.0132701
0.0150745
0.0150875
0.0157913
0.0122906
0.0128461
0.0142442
0.0142827
0.0108716
0.0108534
0.0113648
0.0111307
0.0138004
0.0143564
0.0124847
0.014654
0.015259
0.0160641
0.0108387
0.0115164
0.0135478
0.0140132
0.0111442
0.0110103
0.0118713
0.0115987
0.0127783
0.0145627
0.016009
0.0146882
0.0146384
0.014631
0.0114048
0.0111521
0.0136915
0.0130659
0.0107976
0.011155
0.0114998
0.0120537
0.0146406
0.00978332
0.0148563
0.0142577
0.0145322
0.0103569
0.0110228
0.0118237
0.0126146
0.0146189
0.0122841
0.0139808
0.0107224
0.0102818
0.0122672
0.0148489
0.0188077
0.0172246
0.0153583
0.014738
0.0128908
0.0136727
0.0112941
0.0111523
0.0120536
0.013756
0.0132985
0.0132032
0.0121128
0.0122361
0.0121596
0.0116803
0.0110552
0.0146993
0.0144962
0.0101579
0.0114673
0.0144067
0.0149022
0.0127575
0.0140668
0.0146502
0.0146438
0.013802
0.0108691
0.0141243
0.0155096
0.0130826
0.0145478
0.0131333
0.01431
0.013717
0.0140083
0.0136684
0.0106382
0.00954744
0.011141
0.0110769
0.00987126
0.0118921
0.0107046
0.0113393
0.0128627
0.0133614
0.014086
0.0144047
0.0114426
0.012224
0.0116523
0.0157365
0.0118691
0.0124789
0.0126004
0.012266
0.0136031
0.0126749
0.0145848
0.0145113
0.0137207
0.0130334
0.0117136
0.013613
0.0114785
0.015212
0.0150873
0.0135335
0.0153374
0.0129415
0.0181158
0.0142576
0.0150372
0.0109852
0.011587
0.0150044
0.0149869
0.0108322
0.0154275
0.0104862
0.0117513
0.0124566
0.0121348
0.0141479
0.0144539
0.0137159
0.0121024
0.0140928
0.0142868
0.0139539
0.0121656
0.0106337
0.0103328
0.0127259
0.0124625
0.0133443
0.0155224
0.0155969
0.013354
0.012326
0.0144173
0.0136943
0.0120952
0.0124919
0.011591
0.0112559
0.012782
0.0134913
0.015579
0.0158604
0.0123801
0.012758
0.0143968
0.0130361
0.012947
0.0142679
0.0148786
0.0116062
0.0127932
0.0129421
0.0158142
0.0162427
0.0113798
0.0127149
0.0140229
0.0139024
0.0107071
0.0107687
0.0105408
0.0149288
0.0129343
0.0138162
0.0146003
0.0121681
0.0128345
0.0161781
0.0126874
0.016284
0.0114958
0.0106887
0.011746
0.0108979
0.0111353
0.0140211
0.0151279
0.0148625
0.0122935
0.0167214
0.0148396
0.014812
0.012189
0.0162085
0.0118379
0.0143854
0.0110808
0.0112781
0.015852
0.0154585
0.0175906
0.0179914
0.0150962
0.0146904
0.0136372
0.0118251
0.0106227
0.0117416
0.0131204
0.0113233
0.0129891
0.0153511
0.0120769
0.0126499
0.0134498
0.0110352
0.014696
0.0147277
0.0146954
0.0126582
0.0121105
0.0117606
0.0148366
0.0132108
0.0146619
0.0150881
0.0145521
0.0135083
0.0122588
0.0118649
0.0115045
0.010209
0.0142934
0.0136908
0.0144544
0.0136703
0.0116292
0.0104873
0.0104557
0.0108285
0.0112785
0.01159
0.0114422
0.0136458
0.0127253
0.0137304
0.0115833
0.0131291
0.0142026
0.0128489
0.0142445
0.012081
0.0125156
0.0139203
0.0127265
0.0121053
0.0136048
0.0124668
0.014485
0.0124944
0.012148
0.0118804
0.0111645
0.0104468
0.0124717
0.0120397
0.013221
0.0149956
0.0147969
0.0133573
0.0152689
0.0159425
0.0133194
0.0152431
0.01304
0.0148793
0.0131543
0.0135803
0.0105094
0.0108124
0.0127844
0.0117474
0.0152308
0.0112481
0.011371
0.0143501
0.0131616
0.0127734
0.0116483
0.0133119
0.0132287
0.0131631
0.0114285
0.0110068
0.010807
0.0116365
0.0112353
0.0119881
0.0126442
0.0157171
0.0154441
0.0124977
0.0125961
0.0147104
0.0127675
0.0140376
0.0126419
0.01307
0.011457
0.0114509
0.0122164
0.0127737
0.0128284
0.0158307
0.0157349
0.0117656
0.0124421
0.0136476
0.0129567
0.0133445
0.013493
0.0117219
0.013506
0.0109135
0.0113175
0.0131542
0.0130423
0.0160887
0.0161584
0.0116982
0.0120833
0.0134117
0.0125914
0.0132608
0.0131681
0.0110101
0.0113731
0.0131759
0.0159239
0.0118297
0.0131408
0.0123472
0.0118587
0.0139263
0.0159157
0.0166771
0.0127159
0.0131642
0.0127131
0.0116942
0.0116932
0.0131185
0.0106217
0.0116105
0.0143362
0.0103937
0.0101596
0.0122514
0.0111039
0.0114159
0.0150456
0.0163054
0.0170164
0.0145704
0.012815
0.0109868
0.0125731
0.0123141
0.0110612
0.0124766
0.0127426
0.0139951
0.0101988
0.0142175
0.0127291
0.0161218
0.0182081
0.0166212
0.0166813
0.0125827
0.0119347
0.0115242
0.0122466
0.0119168
0.0115142
0.0154119
0.0151625
0.0114363
0.0114697
0.0143333
0.0138885
0.0124424
0.0118633
0.0122315
0.0121349
0.0112132
0.0112384
0.01122
0.0116078
0.0144334
0.0116493
0.01389
0.0149106
0.0139875
0.0126706
0.0145703
0.014966
0.0146395
0.0139536
0.0144561
0.0156571
0.0149804
0.0145077
0.0134571
0.0167053
0.0166152
0.0148619
0.0102154
0.0110767
0.013223
0.010049
0.0147018
0.0110807
0.012376
0.0133564
0.0145651
0.0112901
0.0128189
0.0144647
0.0147209
0.0116417
0.0128584
0.0112283
0.0123779
0.0121222
0.0138914
0.0131194
0.0117674
0.0136404
0.0126802
0.0141507
0.0116073
0.0132949
0.0110029
0.0149214
0.0114547
0.0111289
0.014794
0.0130087
0.0150221
0.0163469
0.0120652
0.0150441
0.015139
0.0107972
0.0104343
0.0145474
0.011971
0.0122746
0.0157104
0.0127035
0.0141153
0.0119276
0.0118162
0.0116106
0.0136874
0.0146303
0.0132443
0.0111998
0.0118695
0.0104742
0.0126093
0.0141651
0.0145697
0.013905
0.0157108
0.015166
0.012222
0.012224
0.0148396
0.0147462
0.0131992
0.0141098
0.0123726
0.0154365
0.0128979
0.0136433
0.0119171
0.0158924
0.0158856
0.0154685
0.0123278
0.0124757
0.014414
0.0140921
0.0104232
0.0117141
0.0116214
0.0114492
0.0139926
0.0115748
0.011359
0.00955781
0.0138681
0.0161542
0.0158365
0.0129806
0.01267
0.0146856
0.0121899
0.0115225
0.0120498
0.0118323
0.0132138
0.0112382
0.0130723
0.0140434
0.0142967
0.0142324
0.0143263
0.0136236
0.0164714
0.0140097
0.0126991
0.0127038
0.0111038
0.0157848
0.010058
0.0146806
0.0127609
0.0148737
0.0148322
0.0153192
0.017008
0.0127783
0.0172132
0.0130133
0.0150445
0.0124289
0.0122126
0.0148094
0.0149803
0.0147839
0.0109027
0.0136782
0.0161256
0.0161325
0.016391
0.0163761
0.0114555
0.0119613
0.0108417
0.0123359
0.0119871
0.0111829
0.0152464
0.0150118
0.011357
0.0116469
0.0134643
0.0135475
0.0121253
0.0143326
0.0130243
0.0149205
0.0115356
0.0131322
0.0119374
0.0131314
0.0128213
0.0111518
0.0122606
0.0116616
0.0140441
0.0158658
0.0132018
0.0153476
0.0166545
0.0117085
0.0145265
0.0185064
0.0126018
0.0139814
0.0149788
0.0146497
0.0145601
0.014173
0.0144423
0.0144443
0.0149516
0.016592
0.0163616
0.0102561
0.0132598
0.00985551
0.0125831
0.00983492
0.0106998
0.0110267
0.0111323
0.0138359
0.0124645
0.0134176
0.014535
0.0162239
0.0105477
0.0134907
0.0144081
0.0129274
0.0122068
0.0112876
0.0115091
0.0113327
0.0156468
0.0117933
0.0131745
0.0117901
0.014133
0.0109978
0.0163838
0.0125936
0.0129852
0.0128763
0.0138444
0.012566
0.0104957
0.0186272
0.0143858
0.0135604
0.0143473
0.0166862
0.0112611
0.0145778
0.0143349
0.0132758
0.010623
0.0126234
0.0115412
0.0112804
0.0108807
0.0118952
0.0138804
0.0131333
0.016272
0.0137382
0.0127284
0.0133637
0.0134949
0.0141024
0.0141569
0.0107776
0.0119168
0.0110428
0.0122632
0.0123962
0.0128391
0.0155315
0.0146241
0.0131938
0.0132664
0.0144965
0.0144904
0.0123726
0.0105169
0.0156652
0.0116735
0.0127432
0.0132352
0.0157496
0.0150083
0.0133282
0.0133239
0.0145228
0.0154084
0.0112295
0.0132537
0.0140722
0.0130308
0.0157961
0.0122536
0.0130737
0.0123254
0.0119608
0.0156345
0.0137497
0.0126762
0.0160181
0.0153336
0.0134823
0.0136994
0.0140593
0.0138009
0.0134592
0.0102681
0.015942
0.0134947
0.0134662
0.0144033
0.0137681
0.0126672
0.0111855
0.0126864
0.0156531
0.0151603
0.0130879
0.0113851
0.0112976
0.0125673
0.0141783
0.0158252
0.0142781
0.0138347
0.013238
0.0116309
0.0117524
0.0158069
0.0121132
0.0114301
0.0120713
0.0121482
0.0105728
0.0124374
0.0129525
0.0149283
0.0165636
0.0146618
0.0152044
0.0110325
0.0119192
0.0125769
0.010918
0.0126054
0.0133266
0.014387
0.0116571
0.0116582
0.0129802
0.0127899
0.0115773
0.0126336
0.0127639
0.0111929
0.0110662
0.0105459
0.0116722
0.0141831
0.0151944
0.0135201
0.0117614
0.0138371
0.0111173
0.0112764
0.012648
0.0121482
0.0118492
0.0117118
0.0114197
0.010352
0.0126205
0.0112239
0.0121439
0.0123773
0.0124495
0.0129254
0.0144153
0.0162164
0.0145042
0.0140189
0.0162732
0.0151962
0.0156999
0.0100107
0.00960534
0.0111107
0.00993617
0.0113345
0.0114826
0.0104456
0.0112165
0.0132368
0.011189
0.0127669
0.0142785
0.0158633
0.0128191
0.0155446
0.0145511
0.0127419
0.0120765
0.0137861
0.0102504
0.0114173
0.0108772
0.0122975
0.0118717
0.0132421
0.0127543
0.0159836
0.0161743
0.0144674
0.0162461
0.01613
0.0130705
0.0137191
0.0135213
0.0148534
0.0147015
0.0140251
0.0125329
0.0159778
0.0126342
0.0130957
0.0123835
0.0108399
0.0111535
0.0160409
0.0132496
0.0133821
0.0145636
0.014283
0.0137811
0.0138677
0.0118167
0.0140008
0.0124489
0.0146891
0.0147875
0.0128912
0.0111846
0.0154687
0.0121533
0.014678
0.0150277
0.0144953
0.0134975
0.0136558
0.0121179
0.0126348
0.0120768
0.0135679
0.0103533
0.0143643
0.0110101
0.0151078
0.0130633
0.0141467
0.0152836
0.0143412
0.0130749
0.013316
0.012328
0.0138785
0.0142579
0.0136328
0.0116733
0.011748
0.0111292
0.0107311
0.0102867
0.012723
0.0109668
0.0127347
0.0127625
0.0129949
0.0124984
0.0161005
0.0117766
0.0148847
0.013315
0.0156267
0.0143911
0.0126204
0.0129867
0.0122509
0.0118244
0.0117717
0.0145075
0.012017
0.0143644
0.0153694
0.0151069
0.0134816
0.0145659
0.0142618
0.0124203
0.0147124
0.014664
0.0139236
0.0121193
0.0134317
0.0108943
0.0126578
0.0142891
0.0139958
0.011231
0.0148735
0.0147124
0.0139527
0.0114249
0.0125317
0.0137638
0.012682
0.0106981
0.0127257
0.0126165
0.0124109
0.0136556
0.0106129
0.0151845
0.0135313
0.016944
0.0145222
0.0148748
0.0112307
0.0117962
0.013133
0.0132894
0.0121634
0.0123813
0.0132415
0.0129524
0.0124184
0.0142729
0.0124664
0.0147669
0.0122624
0.0149985
0.011663
0.0122261
0.0128968
0.00999474
0.0113286
0.0123152
0.0114755
0.0118723
0.0119714
0.0121849
0.0129647
0.0116029
0.0116822
0.0113747
0.0135787
0.0141493
0.0151377
0.0129014
0.0119835
0.0132009
0.0125629
0.0131658
0.011528
0.0115787
0.0117959
0.0159087
0.0143891
0.0130689
0.0132909
0.0158257
0.0151652
0.0155125
0.010719
0.0100844
0.0118545
0.0108016
0.0102762
0.0119824
0.0104816
0.0107717
0.0125585
0.0136443
0.0165519
0.0147431
0.017278
0.0126186
0.0126013
0.0135185
0.0121113
0.0126262
0.012335
0.0122533
0.0135323
0.010636
0.0101044
0.00976911
0.0135732
0.0122805
0.0137483
0.0160225
0.0163018
0.0145671
0.0150522
0.0125634
0.012042
0.0119215
0.0142059
0.0132119
0.0161426
0.0156689
0.015723
0.0135426
0.0139534
0.0139837
0.0138966
0.0104427
0.0118981
0.0105445
0.0153732
0.0149281
0.0139242
0.0142435
0.0128114
0.0130522
0.0111905
0.0100695
0.0116777
0.0118913
0.0124404
0.0128659
0.0121866
0.0113765
0.0117749
0.014939
0.0148843
0.0147463
0.0135545
0.0136777
0.0131745
0.0144416
0.0162583
0.0120598
0.0167324
0.0115715
0.0114603
0.0131391
0.0141774
0.0159412
0.014355
0.0143366
0.0143807
0.0147176
0.0132609
0.0133304
0.0137098
0.0147398
0.0122542
0.0114493
0.011037
0.0119758
0.0105384
0.010198
0.010627
0.0105516
0.0115786
0.0105103
0.0120812
0.0130109
0.0122188
0.0137791
0.011241
0.014812
0.0118713
0.0121266
0.0151246
0.0113313
0.0129283
0.0141056
0.0144441
0.0141352
0.0143842
0.01352
0.0131936
0.013523
0.0137528
0.0112307
0.0135047
0.0129448
0.0147944
0.0113718
0.0130878
0.0128329
0.0142007
0.0137774
0.0145163
0.0144836
0.0154582
0.0154987
0.0124581
0.013829
0.0134788
0.0108003
0.0144718
0.0143842
0.014473
0.0112672
0.0146849
0.014272
0.0137524
0.0160671
0.015861
0.0135119
0.0134313
0.0130164
0.0141467
0.0118814
0.0119521
0.0161273
0.0119276
0.0145459
0.0144622
0.0144235
0.0164378
0.0145433
0.0147035
0.0122028
0.0128491
0.0126437
0.0125191
0.0110648
0.014485
0.0124586
0.0126237
0.0125354
0.0153471
0.0149575
0.0124934
0.0130507
0.0139944
0.0118036
0.0100508
0.0117908
0.0113503
0.011146
0.0131816
0.011076
0.0131894
0.0113146
0.0108236
0.0112815
0.0124395
0.0110591
0.0113346
0.0134665
0.0108535
0.0121202
0.0125908
0.0138786
0.0111337
0.0124149
0.0113628
0.0143709
0.0145658
0.0127424
0.0135811
0.0123725
0.0137087
0.0129751
0.0161722
0.015246
0.015695
0.0150607
0.0154037
0.0110744
0.0106103
0.0113315
0.0110928
0.0104196
0.0117034
0.0139237
0.0136804
0.0123575
0.0127714
0.0123252
0.0117499
0.0135589
0.012057
0.0129302
0.0129238
0.0117029
0.0114772
0.0122722
0.0105782
0.0124007
0.0128856
0.0117234
0.0124077
0.0112657
0.0123659
0.0119758
0.0117304
0.0151149
0.0146119
0.0133588
0.0161916
0.0160431
0.0164
0.0136099
0.0112127
0.012794
0.0115829
0.0130045
0.0155076
0.0165774
0.012545
0.0108122
0.0156888
0.0141661
0.0128362
0.0139679
0.0117799
0.0142243
0.0146408
0.0147991
0.0106797
0.0139955
0.0141312
0.0116489
0.0147419
0.0119381
0.0142308
0.0142339
0.0137539
0.0126356
0.0139956
0.0137922
0.0136824
0.0137725
0.0138441
0.0125779
0.0117609
0.0121709
0.013273
0.0128993
0.0127867
0.0125202
0.0111576
0.0142484
0.0116542
0.0121029
0.0144368
0.0139638
0.0138117
0.0137899
0.0136133
0.0107038
0.0130733
0.0134572
0.0107091
0.0145488
0.0107714
0.0124064
0.0119434
0.010658
0.0123457
0.0119044
0.014577
0.0106309
0.0146308
0.00998992
0.0133798
0.0137562
0.0137125
0.0111184
0.0121568
0.0111586
0.0112008
0.0134534
0.0143327
0.0132861
0.0150238
0.0125459
0.0143558
0.0164152
0.0138391
0.0141318
0.010979
0.0127459
0.0143871
0.0132766
0.012572
0.0105754
0.0127557
0.0143839
0.014661
0.0121198
0.0153654
0.0136225
0.0122226
0.0155409
0.0157655
0.0146219
0.0136664
0.0151126
0.01328
0.0124938
0.0129704
0.0110787
0.0112028
0.0136761
0.0110861
0.0119851
0.0115064
0.0142071
0.0141919
0.0136413
0.0156307
0.0162767
0.0161248
0.0142805
0.0105607
0.0112955
0.0113959
0.011656
0.014554
0.0130258
0.0151077
0.0140842
0.0143211
0.0148426
0.0134243
0.0129651
0.0130753
0.0109909
0.0135985
0.0145672
0.0127904
0.0127522
0.0132261
0.0118922
0.0133443
0.0128722
0.014216
0.0135853
0.0137704
0.0122149
0.015332
0.0114582
0.0111439
0.0106183
0.0103389
0.0120108
0.012866
0.0133337
0.01224
0.0121213
0.0114413
0.0114963
0.013358
0.0112841
0.010427
0.0101808
0.0121342
0.0126823
0.0129362
0.0132973
0.0138354
0.0140316
0.013788
0.01245
0.0152296
0.0155831
0.0140292
0.0151455
0.0142055
0.0143607
0.0155832
0.015053
0.0153749
0.0123978
0.0135479
0.0157185
0.0158363
0.0104576
0.0121285
0.0157452
0.0132367
0.0154731
0.0149861
0.0136699
0.0121546
0.0121942
0.0145915
0.0113504
0.0152753
0.0131091
0.0130705
0.0125459
0.0125243
0.012445
0.0125602
0.0115704
0.0168552
0.0125789
0.0149842
0.0160461
0.0158524
0.0133764
0.0136962
0.0135418
0.0128644
0.0115165
0.0141807
0.0123488
0.0131013
0.0153268
0.0165477
0.0162537
0.015728
0.0148301
0.0132673
0.0136291
0.0125009
0.012992
0.0132366
0.0112848
0.0149984
0.0144548
0.0135523
0.0142326
0.0143144
0.0140329
0.0165952
0.0147196
0.014404
0.0133825
0.0122252
0.0117294
0.0125722
0.0153424
0.0142049
0.0107336
0.0145943
0.0139569
0.01416
0.0152492
0.0140304
0.0144877
0.0154888
0.0133828
0.010116
0.0110143
0.0142052
0.0159019
0.0142214
0.0143073
0.0141083
0.0134991
0.013836
0.0134605
0.0129219
0.0135297
0.0141227
0.0103432
0.0117701
0.0112959
0.0111549
0.0105355
0.0124605
0.0119177
0.0106764
0.0136517
0.0101644
0.0158912
0.0125011
0.0139737
0.0125394
0.01268
0.0126175
0.0132433
0.0124538
0.0151318
0.0143307
0.0114897
0.0118021
0.0151006
0.0169187
0.0143117
0.0141288
0.0164233
0.0129437
0.0134442
0.0137207
0.0128484
0.0137084
0.0128673
0.0135182
0.0116705
0.0138167
0.0126541
0.0156329
0.0139226
0.0114698
0.011744
0.017094
0.0164559
0.0167662
0.0132939
0.012343
0.0121286
0.0116096
0.0126133
0.0119889
0.0120136
0.0139457
0.0103551
0.0105802
0.0110807
0.0116824
0.014797
0.0145872
0.0114572
0.0165852
0.0147834
0.0147445
0.0124525
0.0118754
0.0121528
0.013331
0.0117656
0.0128205
0.0114902
0.0129381
0.0117711
0.0115638
0.0107122
0.0126384
0.0133818
0.0132111
0.0148751
0.016674
0.0135741
0.013223
0.0132284
0.0127589
0.0134342
0.011309
0.0112108
0.0131166
0.0129942
0.0131474
0.0129517
0.011488
0.0138747
0.0132511
0.013025
0.0138089
0.0119467
0.0122881
0.0125818
0.0110234
0.016797
0.0113875
0.0110181
0.0129429
0.00968271
0.0107387
0.0135845
0.0114973
0.0122279
0.0124515
0.0146011
0.0130751
0.0141764
0.0139578
0.0127598
0.0135
0.0113463
0.0149316
0.0107542
0.016782
0.0143422
0.0145208
0.0149651
0.0123715
0.0125232
0.0115103
0.0121071
0.013387
0.0148408
0.0129829
0.0130985
0.0159396
0.0158627
0.0141551
0.014595
0.0157021
0.0149501
0.0149567
0.0116334
0.0132207
0.0125668
0.0132894
0.0127187
0.0137873
0.0128177
0.0136512
0.0123211
0.0100467
0.0122342
0.0136973
0.0126154
0.0132838
0.0113681
0.012092
0.0133075
0.0114445
0.0131228
0.0137726
0.0147225
0.0129023
0.012857
0.0162038
0.0145474
0.0159202
0.0155724
0.0119377
0.0126868
0.0140541
0.0138725
0.0110783
0.012587
0.013412
0.0119692
0.014718
0.0121506
0.0126486
0.0162959
0.0120219
0.0115548
0.0124712
0.0130695
0.0126755
0.0137299
0.0124122
0.0126286
0.0118186
0.0144985
0.0144404
0.0149054
0.0120662
0.0118305
0.0126519
0.0111623
0.011502
0.0141576
0.0139268
0.0116008
0.0125076
0.0136724
0.0140915
0.0144212
0.0120415
0.0122772
0.0110228
0.0101893
0.0126501
0.0123171
0.0139344
0.0123014
0.0145136
0.0143773
0.0137417
0.014012
0.012174
0.0113049
0.0108831
0.011798
0.0119252
0.0107171
0.0111009
0.0116746
0.0117894
0.0114144
0.0117165
0.0107651
0.0120555
0.0105659
0.0112055
0.0117409
0.011626
0.0115736
0.0114771
0.0118841
0.0126361
0.0117434
0.0143641
0.0120733
0.0148175
0.0140402
0.0120936
0.0142092
0.0142268
0.0138297
0.0137656
0.0124571
0.0134151
0.0116942
0.0138522
0.0130474
0.0120713
0.0112623
0.0121933
0.0144705
0.0130346
0.014289
0.0158248
0.0159603
0.0125896
0.0126616
0.0139282
0.0143182
0.0129246
0.0120842
0.0135191
0.0118807
0.0124571
0.0122862
0.0122317
0.0143325
0.0142688
0.0137636
0.0155883
0.0150954
0.0139697
0.0120094
0.0144077
0.0150311
0.0120777
0.0122957
0.0138243
0.0132013
0.011197
0.01156
0.0114814
0.0136563
0.0155342
0.0155708
0.0141824
0.0137399
0.0171585
0.014971
0.0132682
0.01194
0.0118591
0.0121936
0.0130516
0.0131202
0.0130448
0.0140699
0.0130708
0.0126287
0.0141787
0.0125051
0.0131302
0.0136243
0.0137188
0.0128906
0.0140249
0.0134326
0.010253
0.0120702
0.00957232
0.0106332
0.0107513
0.0148179
0.0123872
0.0106702
0.0109964
0.0107073
0.0116233
0.0113223
0.0117305
0.0136841
0.0141878
0.0109979
0.0129039
0.0160106
0.0161341
0.0132954
0.0113774
0.0126021
0.0130656
0.0159959
0.0130011
0.0133196
0.0145378
0.0148779
0.0135715
0.0133013
0.0141522
0.0148024
0.0115581
0.0149176
0.0144692
0.015399
0.0143507
0.0125185
0.0131053
0.0137471
0.0135681
0.0105643
0.011334
0.0116951
0.012134
0.0115176
0.011162
0.01166
0.0129256
0.0128913
0.00980011
0.0119002
0.0140129
0.0127971
0.0147927
0.0123461
0.0130908
0.0125867
0.0125435
0.0129485
0.012569
0.0134662
0.0131817
0.0161991
0.0142392
0.0142188
0.0131725
0.0159028
0.0128679
0.0146856
0.013258
0.0128696
0.0160689
0.00997368
0.0120044
0.014463
0.0125619
0.0125401
0.0120312
0.0142973
0.0129243
0.0129674
0.0135188
0.0138652
0.0149487
0.0097175
0.0127607
0.0129092
0.0137359
0.0126508
0.0121679
0.011743
0.0124918
0.012881
0.0135362
0.0131093
0.0127113
0.0154706
0.0142589
0.0119826
0.0132711
0.014683
0.0145544
0.0142087
0.0138656
0.0134654
0.0131802
0.0138324
0.013987
0.0111741
0.0129946
0.0140915
0.0123782
0.0136591
0.0144809
0.0119803
0.0108249
0.013079
0.0121801
0.0129499
0.01333
0.0148057
0.0150201
0.0140736
0.0142027
0.0105053
0.0109491
0.0111052
0.0118472
0.0125561
0.0114128
0.0105592
0.0124484
0.0130639
0.0145608
0.011982
0.0143857
0.0143472
0.014678
0.014117
0.0138594
0.0141038
0.0137153
0.0134193
0.012014
0.0147493
0.0123564
0.0144087
0.0146958
0.0126277
0.0131266
0.0152651
0.0137849
0.0128848
0.0149313
0.012476
0.0146872
0.0117471
0.0153371
0.0154567
0.0126785
0.0109293
0.0122491
0.0123886
0.0123453
0.0147197
0.0140748
0.0121279
0.0144051
0.0142475
0.0139906
0.0116936
0.0154106
0.0148139
0.0121584
0.012264
0.0115348
0.013401
0.0117042
0.0159104
0.0143908
0.0131054
0.0151215
0.0144749
0.0140681
0.0118519
0.0126468
0.0126989
0.0128296
0.0123543
0.0131716
0.0139062
0.0124231
0.0121497
0.0124536
0.0130952
0.0140211
0.0135287
0.0136766
0.0130284
0.00974529
0.0127646
0.0142594
0.0111357
0.0151026
0.0115225
0.0113943
0.0122665
0.0138257
0.0129183
0.0115143
0.0107286
0.0110591
0.0105033
0.0116354
0.011989
0.0115719
0.0115037
0.0120721
0.0108366
0.0155976
0.0149102
0.0119254
0.014265
0.0138195
0.0113796
0.0128174
0.0135689
0.0115734
0.0119101
0.0131037
0.0118988
0.01403
0.0124211
0.0139244
0.0146065
0.0102282
0.0129825
0.0109548
0.0105579
0.0114454
0.0109584
0.0128531
0.0116889
0.012036
0.0119925
0.0130381
0.0119854
0.0128815
0.0127738
0.0141197
0.0129005
0.0125811
0.0152513
0.0132428
0.0126155
0.0128258
0.0125311
0.0131442
0.0127303
0.0126686
0.0141378
0.0127482
0.0131565
0.0123703
0.012429
0.0146313
0.0143561
0.0118471
0.0137315
0.0141921
0.0129063
0.0159966
0.0139672
0.0120552
0.0143911
0.0149825
0.0130969
0.0121943
0.0147025
0.0126003
0.0123694
0.0132825
0.0130128
0.0106964
0.0119687
0.0134738
0.013837
0.0101411
0.0145516
0.0148719
0.0138531
0.013226
0.00964734
0.0118518
0.0089963
0.0111254
0.0132217
0.0141812
0.0145298
0.0144591
0.0115823
0.0118756
0.0142234
0.0134983
0.0143226
0.014597
0.0143834
0.0142828
0.0144442
0.00983694
0.00846416
0.013797
0.015011
0.0129882
0.0126613
0.014417
0.0135298
0.013731
0.01171
0.0141488
0.0144572
0.0143808
0.0129549
0.0132839
0.0142413
0.0118893
0.0136503
0.0153138
0.0108961
0.0114895
0.0128688
0.0135809
0.0131691
0.0119796
0.0127497
0.0133734
0.0109974
0.0130033
0.0140665
0.0147344
0.015495
0.0140206
0.0138564
0.0151991
0.0118436
0.0126125
0.0109872
0.0156755
0.0143439
0.0147256
0.0141599
0.013971
0.0140509
0.0148231
0.0136727
0.0134306
0.0129352
0.0149683
0.013813
0.0125666
0.0110949
0.0139078
0.0112463
0.0143015
0.0140947
0.0148081
0.0103214
0.0136984
0.0128882
0.0133952
0.0121553
0.0142054
0.0156092
0.0128328
0.0118589
0.0153425
0.0140186
0.0134576
0.0155809
0.0108329
0.0156899
0.0134424
0.0154771
0.0142663
0.0140149
0.0131152
0.0121916
0.0118405
0.0106621
0.0111223
0.0115904
0.0145384
0.0129205
0.0150144
0.0137365
0.0144
0.0121059
0.0148069
0.0129623
0.0133691
0.0120243
0.0158893
0.0119708
0.0128279
0.0127833
0.0122156
0.0127699
0.0137523
0.0125439
0.0126499
0.013567
0.0109578
0.0120329
0.0131177
0.0128618
0.0148207
0.0122535
0.0126293
0.0120989
0.0116478
0.0125278
0.0125001
0.0131891
0.013298
0.0126912
0.0118356
0.0116028
0.0108914
0.011359
0.0105556
0.0123952
0.0111364
0.011176
0.0117417
0.0128638
0.0135914
0.0118466
0.016101
0.0150118
0.0148615
0.014918
0.0131354
0.0136065
0.0121889
0.0113549
0.0130314
0.0131335
0.0131766
0.0118328
0.0136667
0.0126713
0.0130336
0.0119824
0.0123163
0.0131334
0.0129561
0.0103764
0.0104729
0.011662
0.0107258
0.0129731
0.0120648
0.0140464
0.0132245
0.0119624
0.0123699
0.0128641
0.0107559
0.0102421
0.0103229
0.0116049
0.0130012
0.0123603
0.0145038
0.0125539
0.0133608
0.0124317
0.0130665
0.0118915
0.0129831
0.0126602
0.0134565
0.0128934
0.0145666
0.0144473
0.0162266
0.014371
0.0156067
0.0167091
0.0110415
0.0112205
0.0148476
0.014448
0.0133253
0.0134425
0.0103764
0.0149712
0.0151768
0.0146403
0.0147553
0.0139276
0.0109432
0.0135868
0.013407
0.0141402
0.0122661
0.0108227
0.0112932
0.0154456
0.0150637
0.0117616
0.0132266
0.0147728
0.0106572
0.0122747
0.0135282
0.0138117
0.0131005
0.0126599
0.0164027
0.0142086
0.0128701
0.0133632
0.0122371
0.0143189
0.0147291
0.0142393
0.0159846
0.0121439
0.0118695
0.0143876
0.0140368
0.0124576
0.0118318
0.0113323
0.0133092
0.0126287
0.0117945
0.0148926
0.0120883
0.012316
0.0147445
0.0118935
0.0129945
0.0131669
0.0148067
0.0140843
0.0121474
0.0141388
0.0126357
0.0141279
0.0111436
0.0142039
0.015743
0.0125625
0.0117759
0.0141468
0.0130315
0.0130642
0.0081797
0.0139274
0.0129387
0.0134789
0.0116753
0.0123397
0.0117193
0.011109
0.0145777
0.0156552
0.0154094
0.0128809
0.0136671
0.0138645
0.0142339
0.0148604
0.0124415
0.0162457
0.012027
0.013078
0.0106908
0.0121559
0.0136255
0.0146836
0.0166143
0.0118369
0.0116727
0.0121828
0.0146735
0.0121824
0.0100399
0.0128123
0.0128729
0.0131227
0.0138701
0.0128365
0.0117437
0.0137866
0.0139251
0.0124144
0.0115255
0.0127434
0.0142428
0.0143097
0.0148144
0.011661
0.0139561
0.0112162
0.0127921
0.0122785
0.0114164
0.0146139
0.0117507
0.0139751
0.013697
0.0128739
0.012506
0.0137341
0.0132075
0.0119878
0.0117469
0.0139771
0.0135206
0.0110499
0.0125468
0.0141073
0.0127203
0.0121632
0.0112606
0.0113028
0.0122658
0.0122035
0.0147464
0.0110723
0.0125144
0.0127342
0.0112011
0.0111075
0.0115289
0.011205
0.0120246
0.0123881
0.0117948
0.010666
0.0157219
0.0127845
0.011128
0.0119769
0.0106394
0.0103681
0.0103503
0.011885
0.0140816
0.0118191
0.0109052
0.0111867
0.0143936
0.0179662
0.0144079
0.0143353
0.0143809
0.0150568
0.0125122
0.013595
0.0139738
0.0127084
0.0160492
0.0131728
0.0131847
0.0136561
0.0148321
0.0141651
0.0136056
0.0130281
0.0119912
0.0112927
0.012212
0.0127963
0.0159322
0.013299
0.0128789
0.0143005
0.013432
0.0116371
0.0124113
0.0144278
0.0137724
0.0142689
0.0141381
0.0120737
0.0109226
0.0130652
0.0129004
0.0128347
0.0136166
0.0132638
0.0129313
0.0131844
0.0133429
0.0136644
0.0114973
0.0140718
0.0131349
0.012502
0.0139998
0.0134555
0.0134204
0.0126222
0.0139914
0.0149881
0.014043
0.0146798
0.0135713
0.0147348
0.0106798
0.0145313
0.0142338
0.0110345
0.0125733
0.0098807
0.0116258
0.0117825
0.0141918
0.0119224
0.0107132
0.0150165
0.0150854
0.00941118
0.015781
0.0128785
0.0125578
0.0126952
0.01142
0.013535
0.0127598
0.0139194
0.0143198
0.0125748
0.014504
0.0141525
0.0131592
0.0146773
0.0131117
0.0127858
0.0134451
0.0125946
0.0125044
0.0131126
0.0133903
0.0136392
0.0109289
0.013462
0.0146512
0.0134489
0.0156323
0.012024
0.0115047
0.0138804
0.011743
0.013651
0.0108584
0.0120901
0.0134943
0.00944249
0.0158607
0.0139284
0.0126979
0.0122677
0.0125164
0.0125167
0.0152543
0.0112316
0.01007
0.0116044
0.0121709
0.0149468
0.0146483
0.012458
0.0144373
0.0145949
0.0122424
0.0142527
0.0139649
0.0121095
0.0123336
0.0140653
0.0145694
0.0146336
0.0149795
0.0120432
0.0120301
0.0142777
0.0128372
0.0123284
0.0108012
0.0128666
0.0125021
0.0133816
0.0115076
0.0121611
0.0116249
0.0122381
0.0134933
0.0112956
0.0147087
0.0142448
0.0130645
0.0115968
0.0132346
0.0133178
0.0119305
0.0152104
0.0108815
0.0112639
0.0134764
0.0110641
0.0130663
0.0155072
0.0113347
0.0120654
0.0143267
0.012486
0.0123492
0.0142041
0.0153483
0.0132753
0.0112217
0.0130247
0.0135498
0.0123781
0.0135607
0.0115328
0.0117401
0.0116088
0.0131919
0.013613
0.0132239
0.012819
0.0126535
0.0147166
0.0109669
0.0120083
0.0152677
0.0115971
0.0128129
0.0115122
0.0104028
0.0123247
0.0126861
0.0126069
0.0136387
0.0116675
0.01204
0.0124241
0.0107875
0.0124658
0.0122689
0.0135716
0.0133103
0.0126246
0.01283
0.013353
0.010671
0.0120664
0.0155089
0.0111257
0.0148767
0.0110145
0.0120325
0.0122571
0.0140236
0.0141016
0.012135
0.0146018
0.0144892
0.0135188
0.0124697
0.0132889
0.0111574
0.0134121
0.0121128
0.01201
0.0130801
0.0133948
0.0145289
0.0110068
0.0095092
0.0144165
0.0110171
0.015936
0.0135774
0.0107465
0.0101884
0.0126495
0.0159222
0.0142748
0.0123297
0.0137508
0.0124662
0.01409
0.0129469
0.0113456
0.0114437
0.0135934
0.0117701
0.0117462
0.0128275
0.0117682
0.0132402
0.0127102
0.0141047
0.0153853
0.0131786
0.0137338
0.0143707
0.0125572
0.0133496
0.0127664
0.0131942
0.0108886
0.0113563
0.0152799
0.0141182
0.013141
0.0117497
0.01474
0.0146569
0.0125846
0.0135614
0.0134917
0.0121845
0.0126475
0.0121545
0.0116043
0.0106224
0.0114116
0.0116588
0.0132604
0.0139301
0.0135895
0.0131891
0.0110861
0.0139169
0.0140309
0.0123211
0.0124953
0.0123952
0.0129701
0.0133642
0.0106377
0.0100323
0.0154731
0.0145801
0.014003
0.0126734
0.0142412
0.0120914
0.0122045
0.0122093
0.0108335
0.0131207
0.0127032
0.0146429
0.0106091
0.014669
0.0132589
0.0144227
0.0119827
0.0154417
0.0126705
0.0141324
0.012173
0.0117033
0.0144696
0.0132269
0.0114391
0.0131994
0.0144084
0.0124796
0.0109545
0.0127358
0.010682
0.0122019
0.0122005
0.0128481
0.0138838
0.0158081
0.0142092
0.0135032
0.0139423
0.0116321
0.0161258
0.0137835
0.0147242
0.0123511
0.0131304
0.013453
0.0123892
0.0138727
0.0145648
0.0117693
0.0125008
0.0120444
0.0152722
0.0138306
0.0118525
0.0119735
0.012804
0.0132878
0.0128286
0.0131252
0.0124416
0.0122902
0.0151911
0.0158182
0.0126229
0.0114142
0.0130398
0.011438
0.0132607
0.0132767
0.013225
0.0134059
0.0127249
0.0121359
0.0111666
0.0107383
0.0107794
0.0138508
0.0129101
0.0116537
0.0167196
0.0116218
0.0127125
0.0155649
0.0151968
0.0137539
0.0116123
0.0144014
0.0126182
0.0117846
0.0102192
0.0102912
0.012474
0.0125086
0.0125983
0.0113475
0.011687
0.0127595
0.0145576
0.0111253
0.0111374
0.0112309
0.0110703
0.0119554
0.0121806
0.0128006
0.0129296
0.0130198
0.0115615
0.0110458
0.0131131
0.0135012
0.0144632
0.0154132
0.014014
0.0141678
0.0114914
0.012285
0.0133444
0.0132007
0.0137469
0.0102897
0.0143547
0.0123786
0.0152749
0.0118774
0.0139475
0.0143207
0.0140949
0.0112508
0.0147253
0.0105718
0.0110202
0.0119566
0.0150286
0.0134206
0.0112001
0.0118798
0.0113042
0.0126945
0.0128436
0.0119577
0.0115197
0.0141103
0.011922
0.0117555
0.0115865
0.0122489
0.011779
0.0115101
0.0133072
0.0117279
0.0135092
0.0132093
0.0130958
0.0114573
0.0130444
0.0109118
0.00922176
0.0120052
0.0102001
0.0119191
0.0109244
0.0134695
0.0122033
0.0129998
0.015658
0.012833
0.0129975
0.0109698
0.0109226
0.0148796
0.0130049
0.0144498
0.0140652
0.0103466
0.0141039
0.0162906
0.0112305
0.0116869
0.0151474
0.0158017
0.0141997
0.0143134
0.0131934
0.0164462
0.012504
0.0118768
0.0115802
0.014038
0.010342
0.0144239
0.015385
0.0110946
0.0156269
0.0112298
0.0154921
0.0118501
0.0144744
0.0145846
0.0124262
0.0127435
0.0114252
0.012667
0.0116887
0.0125364
0.0142374
0.0114432
0.0128017
0.0117763
0.0102386
0.012195
0.0123875
0.0147839
0.0111465
0.0140678
0.0136606
0.0127525
0.0125916
0.0147563
0.0138558
0.0135754
0.0141577
0.0130891
0.0127349
0.0139269
0.0119157
0.0136839
0.0110537
0.013619
0.0134861
0.0134576
0.0136155
0.0121522
0.0103219
0.0128598
0.0130306
0.0125131
0.0126311
0.0130486
0.013119
0.0110297
0.0122379
0.0128832
0.0127815
0.0129922
0.0119256
0.0133738
0.0136564
0.0171916
0.0141074
0.0129517
0.0121922
0.0122611
0.0138788
0.0125908
0.0133979
0.0136713
0.011644
0.0126899
0.0131834
0.0125115
0.0128733
0.00993831
0.0128572
0.0120874
0.0133175
0.0122758
0.012694
0.0103857
0.0107222
0.0128188
0.0111865
0.0110533
0.0122971
0.0115931
0.0111113
0.0122464
0.010618
0.0119818
0.0122151
0.0138771
0.0119997
0.0169018
0.0145811
0.0147432
0.014126
0.0137934
0.0149601
0.0140738
0.0142224
0.012067
0.0107297
0.0116146
0.0133442
0.012767
0.0124764
0.0113246
0.0099729
0.0169217
0.0105517
0.0117968
0.0136576
0.0103794
0.0130656
0.0154933
0.011439
0.0120041
0.0145054
0.0130416
0.0145656
0.0145517
0.0126959
0.0114412
0.0120325
0.0128966
0.0119707
0.0120121
0.0116459
0.0124196
0.012328
0.0115697
0.0118833
0.0119546
0.0138456
0.0154807
0.0120824
0.0127241
0.0119724
0.0107794
0.0130559
0.0145735
0.0128475
0.0140426
0.0161832
0.0117453
0.0114015
0.0153961
0.0151086
0.0110481
0.0145072
0.011437
0.0122231
0.0113141
0.0119631
0.0125662
0.0123307
0.0118613
0.0117752
0.0147848
0.0126411
0.0123049
0.0116285
0.0129374
0.0150087
0.0128102
0.0121657
0.0125934
0.0124191
0.0123411
0.0124387
0.0112689
0.014728
0.012388
0.0123219
0.0124057
0.0118034
0.0127743
0.0123667
0.0128422
0.0099899
0.01211
0.0142446
0.0112481
0.01223
0.0118057
0.0102618
0.0166961
0.0136989
0.012205
0.0143211
0.0135145
0.0135268
0.0133103
0.0119389
0.0127877
0.0124712
0.0132014
0.0126193
0.0124612
0.0143847
0.0135711
0.0141435
0.014795
0.0122526
0.0105145
0.0120848
0.0143831
0.0130758
0.0118696
0.0121619
0.012185
0.0134327
0.0127482
0.0137657
0.0120757
0.0138191
0.0137901
0.0119406
0.0117087
0.0150545
0.0108584
0.0128591
0.0127988
0.0127306
0.0125694
0.0126408
0.0134967
0.0111541
0.011275
0.0121806
0.0131206
0.0103142
0.0109161
0.0131377
0.0127488
0.0128272
0.0124759
0.0110349
0.0111339
0.0106576
0.0131204
0.00962844
0.0120722
0.0110425
0.0113903
0.010868
0.0121535
0.0125023
0.0132
0.0159295
0.013817
0.0135042
0.0131097
0.012547
0.0131996
0.0147981
0.0115071
0.0120267
0.0115138
0.00990253
0.0116552
0.00983258
0.0131897
0.0128631
0.0116703
0.0124598
0.0127477
0.0111863
0.0126383
0.0119936
0.0128667
0.0127348
0.0152281
0.0141086
0.0124046
0.0123709
0.0119699
0.0125768
0.0132866
0.0131949
0.0134152
0.013505
0.0113147
0.0156219
0.0135113
0.0126875
0.0128088
0.012094
0.0125496
0.0110791
0.0106574
0.0129438
0.014016
0.0140115
0.0122304
0.0153858
0.0126215
0.0109963
0.0125193
0.0126422
0.0152482
0.0134134
0.0114726
0.0122634
0.0122503
0.0108358
0.0116363
0.0121548
0.0136727
0.0119234
0.0134759
0.0124187
0.0130047
0.0115399
0.0146074
0.0114013
0.0135935
0.0108108
0.012159
0.0106247
0.0121855
0.0119147
0.0151807
0.0101843
0.0116158
0.0124642
0.0137995
0.0121836
0.0135072
0.0143011
0.0130656
0.0103525
0.0140135
0.0121555
0.0105644
0.0133607
0.0136534
0.0136029
0.0135699
0.00999153
0.0114582
0.0138669
0.0121259
0.0135237
0.012795
0.0136307
0.0124681
0.0119364
0.01309
0.0116779
0.0141171
0.0132615
0.0128398
0.0114894
0.0143815
0.0126413
0.0116909
0.0123254
0.0126836
0.0122953
0.0125364
0.0148558
0.0106518
0.0134792
0.0127079
0.0123986
0.0125664
0.0132957
0.0107423
0.0125752
0.0127075
0.0132462
0.0148212
0.0126317
0.0124975
0.0128947
0.0114617
0.0116119
0.0128882
0.01282
0.0125942
0.0138162
0.0142535
0.0127618
0.0119824
0.0110766
0.0130159
0.0115569
0.0134548
0.0116682
0.0117294
0.0126124
0.0111852
0.0111604
0.0125231
0.0126073
0.0128954
0.0124925
0.0109314
0.0118653
0.0123824
0.0135048
0.0153838
0.0112121
0.0111702
0.0110686
0.0124888
0.0124855
0.0138424
0.0131454
0.0159651
0.0124112
0.0107654
0.0128716
0.0131422
0.0139074
0.0116586
0.0119937
0.0144992
0.0125525
0.0118411
0.0103464
0.0133481
0.011309
0.013498
0.0117483
0.011946
0.0128415
0.0133917
0.0112341
0.012708
0.0125852
0.0111978
0.010977
0.01117
0.0159546
0.0135044
0.0136896
0.0139594
0.0129481
0.0122944
0.0117016
0.0147752
0.0114596
0.0120105
0.0138258
0.0129318
0.0141893
0.0135035
0.00945529
0.0161941
0.0122383
0.0137064
0.0125618
0.0149396
0.0127175
0.0121453
0.0103758
0.0116494
0.0152208
0.0144549
0.0122216
0.0135344
0.0135385
0.0122221
0.012972
0.0127322
0.0165499
0.0117862
0.0135369
0.0106109
0.0135959
0.0117021
0.0134826
0.013416
0.0108085
0.0163333
0.011408
0.0140993
0.013408
0.0135566
0.0130427
0.0135288
0.0123043
0.010689
0.011787
0.0143765
0.0101851
0.0116052
0.0124735
0.0143207
0.0149469
0.0125313
0.0141875
0.010989
0.0103576
0.013065
0.0131906
0.0114311
0.0114333
0.0140941
0.0134953
0.0132234
0.0114743
0.0111221
0.0118887
0.0136244
0.0149757
0.0138586
0.0129353
0.0116728
0.0109571
0.0128739
0.0120382
0.0126272
0.012947
0.0117465
0.0115636
0.0150194
0.0134058
0.0112882
0.0123102
0.0128796
0.0124565
0.0121368
0.0124133
0.0127002
0.0122949
0.0114739
0.0126503
0.011359
0.0136156
0.0120698
0.0138617
0.0129908
0.0132923
0.0126257
0.0124107
0.0128134
0.0126121
0.0130524
0.0139903
0.0125336
0.0108213
0.0131211
0.0132646
0.0126612
0.0136211
0.0137773
0.0129853
0.0136788
0.0133319
0.0125071
0.0128193
0.0162459
0.0136836
0.0114023
0.0147894
0.0132397
0.0132022
0.0136804
0.0150392
0.0157443
0.0135546
0.0135647
0.0140015
0.0118019
0.00995413
0.0141675
0.0121979
0.0144872
0.0122766
0.00947021
0.0153582
0.0125395
0.0122318
0.0122125
0.0155208
0.0123957
0.0133579
0.0112778
0.0138177
0.0118473
0.013782
0.0139165
0.01364
0.0129866
0.0139839
0.0121926
0.0133912
0.010049
0.0140447
0.013342
0.0115624
0.0136772
0.0126248
0.0128265
0.0128674
0.0134058
0.0124798
0.0119684
0.0119784
0.0127126
0.0127947
0.0118316
0.0113148
0.0116516
0.0143207
0.0109126
0.0135054
0.0120667
0.0126282
0.0136087
0.0120288
0.0111816
0.011572
0.0123068
0.0125199
0.0106101
0.0110379
0.0133746
0.0124555
0.0134719
0.0123558
0.0126363
0.0114494
0.0101445
0.0113627
0.0127798
0.0126168
0.0112477
0.0151723
0.0120489
0.0118167
0.0114567
0.0112131
0.0127901
0.0129242
0.0123939
0.012476
0.0119986
0.0122619
0.0111449
0.0118964
0.0127295
0.0118265
0.0106057
0.0115273
0.0112926
0.0114633
0.0119917
0.0120883
0.0119915
0.0125939
0.012576
0.0132637
0.0126405
0.01282
0.0128885
0.0120705
0.0123442
0.012674
0.012952
0.0123896
0.0123624
0.0142735
0.0132908
0.0146023
0.0124304
0.0123128
0.0129732
0.0141943
0.0156255
0.0143174
0.0146846
0.0139454
0.0149578
0.0157851
0.0145558
0.0154651
0.0115682
0.0130183
0.0128893
0.0141619
0.0154483
0.0108164
0.0114478
0.0103591
0.0119095
0.010983
0.0164305
0.0121299
0.0131889
0.0118618
0.0130468
0.0123901
0.0141392
0.0118196
0.0117716
0.0112959
0.013319
0.0148268
0.014584
0.0129117
0.011458
0.0124279
0.0131595
0.0136774
0.0156847
0.0143635
0.0119915
0.011007
0.0122758
0.0128076
0.0126226
0.0123582
0.0107375
0.0106205
0.0113543
0.0105971
0.0134628
0.0113084
0.0112213
0.0112849
0.0152725
0.012901
0.0163027
0.0123096
0.0116966
0.0134309
0.0121088
0.0128198
0.0134334
0.0125401
0.0128502
0.0130357
0.0129923
0.0128605
0.0148533
0.014112
0.0122757
0.0125471
0.0124085
0.0151476
0.0143121
0.0158661
0.0127491
0.0127517
0.0155342
0.013482
0.0149354
0.00937591
0.0151669
0.0133876
0.0139696
0.0167091
0.0116952
0.0128751
0.0126545
0.0105966
0.0126138
0.0149585
0.010787
0.0101975
0.0143553
0.0126088
0.0129095
0.0105436
0.0160993
0.0107157
0.0127276
0.0110723
0.0142911
0.0115044
0.010821
0.0123101
0.0125158
0.0124638
0.0132102
0.0119878
0.0123474
0.0118559
0.0132796
0.0102502
0.0105747
0.0112679
0.0115232
0.013457
0.0124903
0.0122257
0.0122436
0.00971896
0.0131718
0.0106186
0.0153053
0.0123567
0.0145987
0.0119373
0.0138678
0.00955144
0.0139666
0.0154955
0.0132178
0.01225
0.011483
0.0123477
0.009587
0.013794
0.0183967
0.012224
0.0172329
0.0135869
0.0129992
0.0138954
0.0127125
0.0140949
0.0124492
0.0127668
0.0124504
0.0141259
0.00995473
0.01163
0.0121859
0.0119203
0.011553
0.0135455
0.0129222
0.0105889
0.0121406
0.0115118
0.0105941
0.0125453
0.0108616
0.011938
0.0105418
0.0123034
0.0106507
0.0147694
0.0134835
0.0109444
0.0130654
0.0123012
0.0124023
0.0119416
0.0105246
0.0119251
0.0112702
0.0119499
0.0125947
0.0150814
0.0164106
0.013201
0.0152888
0.0122324
0.0136829
0.0138885
0.0138771
0.012474
0.011923
0.0141497
0.0122958
0.011984
0.0132104
0.0134022
0.0142047
0.0125277
0.0120651
0.0112338
0.0107766
0.0149677
0.0152556
0.0130667
0.0128878
0.0126933
0.0124768
0.0127504
0.0107116
0.0133295
0.0130466
0.0108464
0.0126905
0.0108266
0.00989692
0.0121082
0.0124318
0.0116883
0.0126768
0.0115735
0.013484
0.013161
0.0123816
0.0117853
0.012183
0.0128911
0.0119543
0.0107543
0.0102815
0.0118718
0.0104237
0.0112683
0.0140005
0.013942
0.012972
0.0121327
0.0130908
0.0127346
0.0124876
0.0134783
0.0135162
0.0143172
0.0120737
0.0146176
0.011516
0.0133508
0.0118477
0.0129654
0.0127768
0.0124013
0.0122141
0.0120719
0.0151882
0.0128026
0.0121405
0.0128384
0.012608
0.00969056
0.0115153
0.0125705
0.0105413
0.0110114
0.01306
0.0131121
0.0115733
0.0127604
0.0136468
0.0102548
0.0120915
0.0111046
0.0128148
0.0112742
0.0108373
0.0124049
0.0108037
0.0122123
0.0124573
0.0104254
0.0116519
0.010967
0.0138678
0.013137
0.0118846
0.0116191
0.0120135
0.0122204
0.0119503
0.0148276
0.0138022
0.0132772
0.0126032
0.0111468
0.0116409
0.0127316
0.0120434
0.011018
0.0113139
0.0113869
0.0128123
0.0124972
0.0115665
0.012109
0.0103029
0.0122803
0.0106475
0.0117367
0.0148042
0.0156199
0.0122177
0.0136376
0.0131929
0.0130778
0.00946009
0.0101497
0.0116297
0.0131318
0.0119956
0.0112392
0.0114139
0.0106254
0.0124107
0.0109467
0.0126887
0.0117365
0.0110949
0.0104028
0.0108727
0.0115685
0.0132415
0.0117579
0.0131249
0.011677
0.0125699
0.0129381
0.0115102
0.0104915
0.0158042
0.0143424
0.0159938
0.0116054
0.0123596
0.0152985
0.0133902
0.0156607
0.0132636
0.0135151
0.013014
0.0137586
0.0126738
0.0125754
0.0110417
0.0129751
0.0114237
0.0115185
0.0115541
0.0112044
0.0124901
0.0121815
0.0107507
0.0123017
0.0153972
0.0124181
0.0129185
0.012467
0.0144589
0.0130014
0.0118245
0.0116436
0.0131764
0.0102158
0.0122819
0.00974004
0.011024
0.0119984
0.0151114
0.0127604
0.013285
0.0112873
0.0128279
0.0146946
0.011781
0.0104856
0.0118617
0.0118735
0.0119472
0.0120718
0.0142751
0.0105782
0.00996767
0.0107043
0.0144589
0.014766
0.0129617
0.0124954
0.0123759
0.0172482
0.0155933
0.0119435
0.0116034
0.0154411
0.0153165
0.0134428
0.0126833
0.0122204
0.0135539
0.0126992
0.0116197
0.0111978
0.0128751
0.0108906
0.0116285
0.012753
0.0126152
0.0130863
0.0133208
0.0109397
0.0111724
0.0124245
0.012187
0.0127379
0.0127599
0.0150095
0.0116286
0.0126174
0.0110946
0.011316
0.0111629
0.0111648
0.011975
0.012663
0.01183
0.0107576
0.0140846
0.0126473
0.0120938
0.0115342
0.0116698
0.0122673
0.0113945
0.0111811
0.0119476
0.0101881
0.00998773
0.0111624
0.0139631
0.0130299
0.0118281
0.0126542
0.0131746
0.015114
0.0121006
0.0126627
0.0146957
0.012878
0.0123631
0.0162312
0.0161113
0.0107832
0.0098748
0.0124076
0.0155579
0.0136628
0.012388
0.0166775
0.0118077
0.0117557
0.0107128
0.0124266
0.0116717
0.0105371
0.0123524
0.0141666
0.0146992
0.0121821
0.010299
0.0130363
0.0150495
0.0160309
0.00990764
0.0120737
0.0142809
0.0138739
0.0116304
0.0125689
0.0126814
0.0113144
0.0133755
0.0131339
0.0119582
0.0143572
0.0161539
0.0149206
0.0104557
0.0130324
0.0127763
0.0116911
0.0114737
0.0144625
0.0120113
0.0111435
0.0124548
0.0101076
0.0113752
0.0110711
0.0112018
0.0136281
0.0113945
0.0139142
0.0122122
0.0164657
0.0141228
0.0139054
0.0128773
0.0161399
0.0154317
0.00994515
0.0129585
0.0165878
0.01772
0.0166442
0.0147243
0.012555
0.0128544
0.0111549
0.010499
0.013028
0.0112837
0.0136104
0.0113866
0.0133771
0.0129798
0.0117618
0.0131474
0.011546
0.0113498
0.0124615
0.0119951
0.0165511
0.0121903
0.0127469
0.0118296
0.0124682
0.0124731
0.0103161
0.0124028
0.00998875
0.0126907
0.012196
0.0117946
0.0112769
0.0119623
0.0119172
0.0141877
0.0127601
0.0132942
0.0107217
0.0101305
0.0122371
0.0127204
0.0132113
0.0179236
0.0144539
0.0114902
0.0141553
0.0140048
0.0125881
0.0165144
0.0148446
0.0136842
0.0121639
0.0142645
0.0125042
0.0152409
0.0126827
0.0142413
0.0119522
0.0109424
0.0147915
0.0108957
0.0103335
0.0145301
0.0112112
0.0127731
0.0130168
0.0138362
0.0141572
0.0130762
0.0110265
0.0128868
0.0136219
0.0117933
0.011679
0.0123565
0.0152867
0.0142954
0.0159401
0.0117957
0.0136263
0.0120677
0.0136692
0.0126308
0.0140144
0.00992231
0.0107932
0.00974525
0.0112519
0.0126542
0.0125686
0.0113466
0.0140381
0.0116186
0.0135111
0.0124435
0.0110002
0.0115981
0.0120653
0.0112955
0.0133808
0.0128742
0.0123796
0.0117557
0.0155462
0.0142684
0.0142278
0.0129826
0.0120781
0.0111418
0.0141845
0.0149637
0.0136271
0.0135973
0.0128299
0.0128868
0.0132291
0.0115586
0.0123009
0.0137789
0.0127294
0.0133851
0.0119448
0.0125614
0.0124242
0.0127336
0.0129985
0.0116274
0.0107325
0.0140651
0.0138736
0.0144854
0.0111345
0.0129804
0.0122244
0.0131245
0.0142502
0.0133685
0.0121132
0.0131296
0.00989249
0.0119929
0.0148179
0.0135325
0.0141396
0.0126694
0.0117794
0.0120325
0.0124498
0.00986597
0.0125655
0.0132226
0.0121166
0.0123881
0.0114059
0.013231
0.0133118
0.0127644
0.012279
0.0131864
0.0108271
0.0121004
0.012036
0.0130389
0.0135399
0.0127183
0.0124348
0.0117896
0.0140128
0.0132003
0.0115077
0.0104384
0.0136198
0.0130746
0.0108336
0.0129157
0.0121612
0.0102539
0.0142199
0.0109888
0.0125
0.012863
0.0130251
0.0139537
0.0145466
0.0103269
0.0110066
0.00938961
0.0133504
0.0118606
0.0112046
0.0103146
0.0132933
0.0134397
0.0116485
0.0109675
0.0110213
0.00988933
0.00938749
0.0125486
0.00994451
0.010851
0.0110022
0.0139536
0.0130652
0.0120778
0.0121008
0.0122606
0.012331
0.0119259
0.0141664
0.0113975
0.011889
0.0118778
0.0105528
0.0116189
0.0127215
0.0111155
0.0117765
0.0107845
0.0120664
0.0137333
0.0117846
0.0119173
0.0129602
0.0114169
0.0130642
0.0113266
0.0111715
0.0121335
0.0120004
0.0127255
0.011899
0.011607
0.011899
0.0133684
0.0113002
0.00982305
0.0132301
0.0123763
0.010088
0.00970487
0.0100982
0.0115716
0.0110891
0.0122178
0.0111157
0.0131245
0.011239
0.0141701
0.0126727
0.0119303
0.0133733
0.0106118
0.0123574
0.0110749
0.0108241
0.0124838
0.0115635
0.0115745
0.0140375
0.0153181
0.00984714
0.011979
0.0143243
0.013443
0.0117318
0.0117898
0.0129443
0.0125512
0.010915
0.0111887
0.010605
0.0109766
0.0117835
0.0112621
0.0118385
0.0116174
0.0125888
0.0126614
0.0117688
0.0156591
0.0137044
0.0127575
0.0116812
0.0125
0.0107016
0.0115148
0.0136412
0.0129874
0.0111515
0.0146001
0.0128668
0.0143053
0.0146117
0.0144263
0.0127492
0.0131507
0.01177
0.0112914
0.0126634
0.011759
0.0120637
0.0107816
0.0144289
0.0132113
0.011398
0.0119995
0.012896
0.0127196
0.010764
0.0108429
0.0116186
0.0110109
0.0136043
0.015095
0.0149065
0.0139774
0.0123142
0.0121896
0.0112205
0.0113407
0.0121659
0.0117893
0.0112991
0.0125091
0.0115273
0.0119004
0.0129948
0.0121121
0.0122542
0.0126091
0.0118226
0.0115041
0.0150771
0.0150908
0.00972486
0.0113215
0.0116992
0.0122239
0.0112287
0.0102476
0.0121347
0.0117844
0.0131861
0.0112979
0.014647
0.016921
0.0109447
0.0125372
0.0126186
0.0110939
0.014121
0.0131832
0.0135004
0.0160486
0.0116453
0.0124888
0.0126253
0.0138071
0.0127081
0.0115226
0.0117757
0.0112332
0.0112067
0.0113143
0.011658
0.0112909
0.0140232
0.0128377
0.0133392
0.0110675
0.01119
0.0168427
0.0161621
0.00969977
0.0106856
0.0122329
0.0137268
0.0123572
0.01144
0.0149075
0.0159654
0.0126693
0.0106369
0.0134096
0.0137791
0.0106226
0.0119095
0.0148526
0.0139046
0.0104886
0.015172
0.0121792
0.0146561
0.0113653
0.012078
0.0119725
0.013031
0.0109261
0.0121873
0.0105515
0.0107079
0.0119566
0.013896
0.0133071
0.0108528
0.0123455
0.0158379
0.0111517
0.0138031
0.0104351
0.0132179
0.0130962
0.0125483
0.0122121
0.0122043
0.0119722
0.0109427
0.0120983
0.0141984
0.0114291
0.0118211
0.0129225
0.0114641
0.0120905
0.0147119
0.0124268
0.0121715
0.0153513
0.0123284
0.0133613
0.0139796
0.0113287
0.0110072
0.0102537
0.0127244
0.0122625
0.0133108
0.0114717
0.0129413
0.0113631
0.0123992
0.0159048
0.0130703
0.0112425
0.0133468
0.0117846
0.0114742
0.0129357
0.0142327
0.0126297
0.0131392
0.0152703
0.0121665
0.0102567
0.0161817
0.0110267
0.013181
0.0120429
0.0110692
0.0121126
0.0110309
0.0129742
0.0139542
0.0120804
0.0124959
0.0124242
0.011823
0.0119388
0.0125407
0.0115892
0.0119097
0.0143842
0.0117832
0.0107941
0.0146586
0.0119182
0.0118531
0.0131361
0.012347
0.0110351
0.0107788
0.0109527
0.0128249
0.0124332
0.0133548
0.0119885
0.0116788
0.0117987
0.0139764
0.0117896
0.0120835
0.0118763
0.0117931
0.0130101
0.0127068
0.0107683
0.0108732
0.0119787
0.0117746
0.0118562
0.011455
0.0122128
0.0116672
0.0100018
0.0119373
0.0119877
0.0116028
0.012697
0.0115948
0.0115325
0.0111521
0.0113319
0.0141694
0.0111124
0.0113846
0.0115835
0.0119931
0.0115219
0.011616
0.0113821
0.0119277
0.0117011
0.0138369
0.0106618
0.0124228
0.0121156
0.0158164
0.0121724
0.0125893
0.011478
0.0114889
0.0108864
0.011171
0.0110981
0.0120788
0.0119703
0.0129607
0.0106144
0.0107896
0.0107116
0.0120393
0.0122358
0.0120952
0.0122754
0.0146904
0.0114176
0.011983
0.0114569
0.0115449
0.01115
0.011938
0.0135438
0.0112594
0.0134277
0.0146098
0.0129685
0.0115788
0.0125142
0.0125133
0.013621
0.0126129
0.010252
0.0115567
0.0120338
0.0111791
0.0118783
0.012347
0.0132742
0.0104636
0.0138419
0.0126165
0.0123155
0.0125768
0.0113499
0.0130989
0.011303
0.0125761
0.0147295
0.012281
0.0105836
0.013723
0.0120946
0.0118138
0.0141243
0.0135988
0.0122412
0.0150813
0.0125502
0.0124894
0.0117657
0.0119729
0.010618
0.0123755
0.0111476
0.0136758
0.011813
0.0125857
0.0126997
0.0124426
0.011217
0.0111696
0.0107077
0.0118911
0.0136152
0.0136821
0.0114965
0.0122095
0.0133239
0.0121455
0.012217
0.0136411
0.0123931
0.0127651
0.0113362
0.0117549
0.0117893
0.0112536
0.0125649
0.0139542
0.0113098
0.0120736
0.0112751
0.0120782
0.0106642
0.0110271
0.011992
0.0105988
0.013639
0.0116098
0.0117423
0.0123687
0.0117657
0.0130075
0.0115811
0.0107566
0.0118111
0.0110217
0.011987
0.0156163
0.0122661
0.0117611
0.0129871
0.0117002
0.0129918
0.0119976
0.012703
0.0123112
0.011966
0.0121212
0.0142342
0.010741
0.010594
0.0118246
0.0120599
0.0108908
0.0121167
0.0108231
0.0130964
0.0119394
0.0125216
0.0113029
0.0129321
0.0110437
0.0134655
0.0112049
0.0102855
0.0122261
0.0105387
0.0118728
0.0118939
0.0130296
0.0116361
0.0120851
0.010905
0.0105858
0.0109143
0.0132027
0.0126477
0.0134265
0.0129667
0.0107241
0.0123736
0.0118732
0.0127531
0.0126017
0.0109831
0.0141462
0.01289
0.0130505
0.00992642
0.0117848
0.0122554
0.0126821
0.0113606
0.0102243
0.0130869
0.0124788
0.0129926
0.0128674
0.0143983
0.0116798
0.0120541
0.0130408
0.0138553
0.0136698
0.0104263
0.0118514
0.0120285
0.0118872
0.0107558
0.0109486
0.0121714
0.0108982
0.0146974
0.011115
0.011665
0.0115923
0.0107348
0.0124112
0.0115068
0.0132229
0.0134184
0.0107735
0.0128179
0.0119128
0.0133666
0.0106216
0.0113802
0.013584
0.0117677
0.0124475
0.0137507
0.00943693
0.0135365
0.0134104
0.0118763
0.010217
0.0117268
0.0132648
0.0141381
0.0148331
0.0154616
0.0111187
0.0131522
0.0124819
0.0131617
0.0124838
0.0113344
0.0131165
0.0115743
0.0126077
0.0100508
0.0138708
0.0120119
0.0105683
0.0159034
0.0108631
0.0120022
0.0133131
0.0104808
0.0105182
0.0133719
0.0125202
0.0102419
0.0105209
0.0122466
0.012968
0.0104991
0.0112744
0.0103513
0.010098
0.0105145
0.0106159
0.0106229
0.0112852
0.0111499
0.0116463
0.0106467
0.0134603
0.0110167
0.0105162
0.015059
0.0133115
0.0109997
0.0111339
0.0123153
0.0127844
0.0108592
0.010449
0.0107531
0.0120542
0.0118859
0.0113447
0.0116119
0.0107278
0.0105692
0.0107804
0.0114427
0.0103677
0.0117876
0.0119118
0.00946716
0.0104689
0.0121656
0.0105166
0.0108878
0.0109645
0.0136782
0.0106625
0.00802276
0.0111448
0.01274
0.0105006
0.0147465
0.0104317
0.0114144
0.0102358
0.0114434
0.0109617
0.0132866
0.0113299
0.0105182
0.0105385
0.0110188
0.012137
0.0128372
0.0118319
0.012802
0.011026
0.0105223
0.0119542
0.0121729
0.0125301
0.0110455
0.0115153
0.0110952
0.0109916
0.01171
0.0122994
0.00979908
0.0125271
0.0109055
0.0110009
0.010356
0.0130013
0.00949295
0.0125161
0.0145191
0.0105173
0.0116847
0.0126305
0.00969901
0.0143459
0.0121898
0.011885
0.00990071
0.012124
0.0125863
0.0115158
0.0108042
0.0102471
0.0145477
0.0100316
0.0138353
0.0103649
0.0111799
0.0110609
0.0113343
0.0131627
0.0125305
0.00972495
0.0111077
0.0100899
0.0107579
0.0129113
0.01246
0.0131965
0.010608
0.0115065
0.0110564
0.0122961
0.0118595
0.00839763
0.0110217
0.0103466
0.0152218
0.0084357
0.0130485
0.0115372
0.0100753
0.00996103
0.00816533
