0.0104286
0.0117037
0.011487
0.0124171
0.0120722
0.0150563
0.0207871
0.0196993
0.0109759
0.0111201
0.0103691
0.0114769
0.0105294
0.0118248
0.0106708
0.0119808
0.0138056
0.0111785
0.0115064
0.0110552
0.0106444
0.0123708
0.0102628
0.01143
0.0126776
0.0102506
0.0126789
0.0106138
0.012176
0.0105799
0.0110597
0.00932415
0.00970167
0.0116364
0.0126132
0.00940384
0.00915783
0.0102738
0.0111886
0.0117555
0.00972268
0.0115626
0.0103735
0.0112888
0.0116026
0.00902288
0.00915477
0.010789
0.0143243
0.0115201
0.0117015
0.0101217
0.012436
0.00999517
0.00915996
0.00904448
0.0101077
0.010363
0.0124539
0.0129206
0.0128827
0.0117292
0.011583
0.00889552
0.0105632
0.0112836
0.0126137
0.0109548
0.0113492
0.012008
0.01053
0.0121431
0.0102623
0.0101742
0.0143476
0.0115533
0.00987021
0.0122873
0.0100304
0.0111436
0.0109137
0.00954031
0.0115195
0.0115508
0.00979122
0.0117444
0.011109
0.0125601
0.0095524
0.0108391
0.0121423
0.0105247
0.0101042
0.0123694
0.0125986
0.00950594
0.00989131
0.0103575
0.0111153
0.0125088
0.0140779
0.0137667
0.0114956
0.0118849
0.0100759
0.00970388
0.0119635
0.00936059
0.00953889
0.0113027
0.0117805
0.0102486
0.0113137
0.0118942
0.00946555
0.0108407
0.010337
0.0129281
0.0144106
0.0107838
0.012032
0.010604
0.0101826
0.0127488
0.0111729
0.0130484
0.0103143
0.0113545
0.0119612
0.0106318
0.0122959
0.00994526
0.0125784
0.0096012
0.00774683
0.0125618
0.0123826
0.0148699
0.0134614
0.0122527
0.00985925
0.0112562
0.0138386
0.010314
0.0142203
0.0125791
0.00939536
0.0120059
0.00964708
0.0120361
0.0113788
0.0105097
0.0130654
0.0152815
0.011987
0.0133251
0.0115574
0.0104625
0.0129218
0.0105662
0.013931
0.0123987
0.0111585
0.00994343
0.0100706
0.0112616
0.0104605
0.00989498
0.00958895
0.00960796
0.0100023
0.0118869
0.0103249
0.0112658
0.00989553
0.0104217
0.00951957
0.0101043
0.0105021
0.0126993
0.0144021
0.0122576
0.0114403
0.00810023
0.0100133
0.011942
0.00927059
0.0118992
0.0136221
0.0107181
0.00963725
0.0109287
0.0100035
0.0123065
0.0122329
0.0132162
0.0110568
0.010894
0.0124498
0.0100055
0.0117176
0.0127644
0.00956109
0.0117266
0.0088804
0.00987168
0.0113797
0.00922988
0.0107856
0.0101251
0.0111305
0.00976261
0.0105447
0.00968655
0.0113376
0.0107643
0.0123628
0.00966942
0.0104396
0.0100622
0.0132375
0.010374
0.0121229
0.0122385
0.0119761
0.0110822
0.0153573
0.0139887
0.0137356
0.0120359
0.0121518
0.0102739
0.0105829
0.00915177
0.00993499
0.0136104
0.0112709
0.0100087
0.00889797
0.00919031
0.012731
0.0124923
0.0109879
0.0112959
0.00974073
0.00995703
0.0103068
0.0112524
0.00915439
0.0154064
0.00987652
0.0115088
0.0107489
0.0126079
0.00976286
0.0117304
0.0107607
0.0116807
0.0118654
0.010048
0.0114591
0.0101324
0.0102695
0.0115865
0.0114899
0.00954329
0.0147243
0.0105891
0.0108977
0.0106431
0.0145864
0.0110362
0.0110809
0.00970169
0.00895898
0.0101356
0.0134708
0.013213
0.0107208
0.0114184
0.00952136
0.0107277
0.00943892
0.0101969
0.01033
0.00899203
0.00995376
0.0104552
0.0122044
0.0125857
0.010852
0.01003
0.0124827
0.00882032
0.011525
0.0141768
0.0112611
0.0122146
0.0102378
0.0111191
0.00997497
0.00918216
0.0105359
0.0100116
0.010961
0.0106767
0.0103652
0.00954508
0.00951558
0.0142902
0.0123473
0.00941622
0.0106306
0.0119306
0.00951016
0.0121148
0.00845101
0.00901051
0.0105209
0.0102509
0.0102545
0.0093583
0.0106976
0.0105094
0.00932862
0.0102626
0.00975753
0.00973786
0.010742
0.0090502
0.0101629
0.0103012
0.0117903
0.0104876
0.0125373
0.0105972
0.0136991
0.0131721
0.00952326
0.0133606
0.0100367
0.0104121
0.00933234
0.0119044
0.00962951
0.00987247
0.0107025
0.0129684
0.0106969
0.00937099
0.0108846
0.00990417
0.0110092
0.0132013
0.00928446
0.0111248
0.0115184
0.0104728
0.00897395
0.0128413
0.0104421
0.0108584
0.0108379
0.0113155
0.0106581
0.00960289
0.00995971
0.0108866
0.00872443
0.0105415
0.0122261
0.011161
0.0118451
0.0115441
0.0120057
0.0123558
0.00884016
0.0104039
0.0100573
0.0114945
0.0104366
0.0119747
0.0111328
0.0132958
0.00968831
0.0103721
0.0148776
0.0120358
0.0131367
0.0108647
0.0111579
0.0110941
0.0108935
0.0099162
0.011948
0.0115969
0.0115043
0.0119734
0.0120883
0.013661
0.00788833
0.0105974
0.0114313
0.0109699
0.0110939
0.010529
0.0144151
0.0117501
0.0100017
0.0125231
0.0122719
0.0110272
0.0153981
0.00966388
0.0127964
0.0106504
0.0101004
0.0112187
0.0106125
0.00988904
0.0112882
0.00898124
0.0122557
0.0102671
0.0138285
0.0113219
0.00966843
0.0114194
0.0118925
0.0139672
0.0100608
0.0105859
0.0110999
0.012
0.0117457
0.0108419
0.0105287
0.0123339
0.0118474
0.0114511
0.0126085
0.0101508
0.00986256
0.0123779
0.00984553
0.00921537
0.0114193
0.0117809
0.0111486
0.0120153
0.0147112
0.0122721
0.0107525
0.0100784
0.0118915
0.0106938
0.0130004
0.0102949
0.010923
0.0104897
0.0120264
0.0101555
0.0104472
0.0119441
0.0124116
0.0112605
0.0115015
0.0111549
0.0122607
0.0105768
0.00960005
0.0118701
0.011646
0.0117271
0.0107604
0.0116909
0.010895
0.0105931
0.0128364
0.0110619
0.0125068
0.0104925
0.0107188
0.0121262
0.0105755
0.0159878
0.0104792
0.0125962
0.0117339
0.0100041
0.0123608
0.0107344
0.0113204
0.0128906
0.0100717
0.00935996
0.010378
0.0102294
0.0141355
0.00976396
0.0113648
0.0119223
0.0102028
0.00961241
0.0101133
0.0104057
0.0129903
0.0111949
0.0113048
0.00948075
0.0107141
0.00929723
0.0109184
0.0112355
0.013052
0.0150163
0.0168306
0.0132298
0.0114856
0.0102465
0.0114195
0.0103901
0.0116923
0.0109988
0.0105483
0.010074
0.0102065
0.0101769
0.0108804
0.0137417
0.0114327
0.010449
0.0105125
0.00866244
0.00933431
0.0100784
0.0118374
0.0125874
0.0104522
0.0100193
0.011546
0.0123966
0.0118944
0.0100398
0.00855682
0.0118758
0.0122292
0.0120234
0.00970942
0.0115173
0.0122755
0.0102286
0.0115557
0.0132646
0.0136169
0.0108734
0.00936988
0.00956772
0.0109475
0.0085911
0.0149875
0.0154905
0.0149126
0.0101331
0.0084847
0.012299
0.00976179
0.00955384
0.0103085
0.00933611
0.0109857
0.0121979
0.012509
0.00937643
0.0117931
0.0108923
0.0123904
0.0101292
0.0130033
0.0112905
0.0121678
0.0117428
0.0103928
0.0112969
0.0119354
0.0108347
0.0125606
0.0122591
0.0109975
0.0111601
0.0102452
0.0112115
0.0100164
0.0120522
0.0101608
0.0101403
0.0145074
0.011139
0.0112976
0.0113457
0.00887229
0.0126483
0.0110794
0.0115901
0.0118677
0.0104011
0.0103241
0.0121517
0.00895197
0.0118245
0.0120067
0.0115203
0.012282
0.00992259
0.0100696
0.0113769
0.0115641
0.011907
0.0119708
0.00962033
0.0122622
0.0127176
0.0117847
0.00948621
0.00960568
0.0118386
0.0107038
0.00957944
0.00983254
0.0111051
0.0120516
0.00880184
0.009798
0.0111199
0.00868558
0.0103182
0.0120909
0.0094743
0.0105318
0.0113731
0.0102866
0.011769
0.0133024
0.00980087
0.0132697
0.0115908
0.0103784
0.00968249
0.0138863
0.0116511
0.00955037
0.00941723
0.0115333
0.010111
0.0116695
0.0102491
0.0119085
0.0127902
0.0122409
0.0107096
0.00789376
0.0113994
0.00890992
0.00971938
0.0107965
0.010599
0.0126834
0.0105267
0.00784134
0.0112043
0.0111963
0.010375
0.0105121
0.0106809
0.00803299
0.00947392
0.0141396
0.0106505
0.0126286
0.0103846
0.0109398
0.0144384
0.0116218
0.0112904
0.0121058
0.012162
0.00868869
0.0151576
0.0107959
0.0115913
0.00849083
0.00816006
0.00947739
0.0106171
0.0110323
0.0105074
0.0112442
0.0111571
0.0116031
0.0135344
0.0112095
0.012263
0.0108314
0.0115777
0.00967164
0.0115872
0.0111526
0.0121951
0.0134784
0.0123579
0.011511
0.0118861
0.0096939
0.0131386
0.0121582
0.0088359
0.0113227
0.0114724
0.0125469
0.0107961
0.0114199
0.0111865
0.00987251
0.00924774
0.00889468
0.0114319
0.0105311
0.0121758
0.0101091
0.00965859
0.0121632
0.0111816
0.0124221
0.0100205
0.0121426
0.010526
0.0111889
0.00962464
0.013175
0.0127564
0.0101848
0.0112454
0.0122298
0.00870623
0.0095367
0.0100795
0.00991846
0.00884526
0.0115816
0.0114542
0.0101148
0.011175
0.011357
0.0133541
0.00928926
0.01196
0.0115142
0.0115251
0.0159973
0.0114155
0.0112262
0.0111216
0.0097224
0.0130085
0.0116281
0.00933702
0.00972963
0.0146906
0.00993269
0.0125798
0.0109015
0.0100893
0.0089164
0.0109187
0.010953
0.0113982
0.0108407
0.00985727
0.0107422
0.012764
0.0118042
0.0133188
0.0128396
0.0113366
0.0104583
0.0110138
0.0109041
0.00991111
0.0107304
0.0106119
0.013693
0.0104719
0.00996867
0.0124546
0.0120885
0.00898445
0.0126194
0.00995228
0.0148863
0.0137452
0.0117865
0.0106272
0.0121622
0.00962205
0.010871
0.00825088
0.010755
0.0113776
0.0112731
0.00973167
0.0126312
0.0107842
0.0133394
0.0100629
0.00917998
0.0105704
0.0098242
0.0100461
0.0116181
0.00987531
0.0134616
0.0119958
0.0122918
0.0118596
0.0151071
0.0126502
0.0102255
0.0116117
0.0115505
0.0107703
0.0109278
0.0118325
0.00910633
0.0114613
0.010871
0.0106564
0.0116677
0.00967394
0.0107332
0.011073
0.00938046
0.0125388
0.0103451
0.014475
0.010991
0.0102791
0.00979767
0.0101216
0.0157281
0.0120377
0.0115757
0.0110197
0.00956544
0.0109743
0.0107855
0.0109263
0.0115036
0.0109753
0.00866588
0.0105629
0.0114685
0.0106588
0.00879231
0.0111471
0.0123295
0.0126817
0.010287
0.0106559
0.0101997
0.00944459
0.0102056
0.00881923
0.0103105
0.0132732
0.0114136
0.0111477
0.0102961
0.0110564
0.0112838
0.0118816
0.0105741
0.0135786
0.010477
0.00944418
0.0113322
0.00993464
0.0102237
0.0105435
0.00914583
0.0136861
0.0153746
0.0104994
0.0101495
0.0117856
0.0104828
0.00970972
0.0121024
0.00954289
0.0115704
0.0154877
0.0118217
0.00986364
0.0125621
0.010463
0.0101442
0.0107083
0.0103417
0.0110188
0.0123853
0.010167
0.010675
0.01008
0.00928733
0.0098284
0.00959724
0.0119712
0.0114336
0.0103622
0.0123004
0.00904916
0.00995641
0.0102754
0.0123276
0.00997298
0.0100468
0.00927822
0.0097071
0.0101658
0.0113089
0.00988631
0.0123144
0.00944798
0.00862111
0.0126566
0.00983991
0.0112104
0.0111768
0.0122549
0.0128049
0.011084
0.0138111
0.0100755
0.0114609
0.00890249
0.0152934
0.0105919
0.00972025
0.0122609
0.0110394
0.0106746
0.0122262
0.0104962
0.011288
0.011441
0.00987106
0.00980836
0.0118666
0.00937198
0.0118759
0.00934737
0.0114565
0.0109887
0.0109806
0.0106158
0.0106888
0.0110807
0.0103409
0.00935783
0.0100308
0.00942104
0.0114966
0.0100186
0.0102739
0.0126956
0.0113395
0.00892201
0.0101808
0.00957464
0.0110572
0.0112179
0.0101231
0.0109838
0.00932387
0.00906528
0.00922984
0.0144397
0.0125743
0.00942757
0.0107976
0.0107156
0.0125366
0.0107288
0.0111097
0.00867028
0.0112415
0.0116953
0.0112242
0.0115389
0.0103096
0.0130205
0.0106246
0.0113424
0.0109843
0.00992991
0.00999253
0.0120647
0.0112396
0.00953424
0.0118505
0.0114272
0.0107071
0.0112939
0.00961397
0.0106016
0.0113555
0.0110056
0.0106062
0.0124726
0.0102829
0.0138148
0.0102414
0.011721
0.0111966
0.0105397
0.00988669
0.0101142
0.0119017
0.0110955
0.010412
0.0104323
0.00902397
0.0114202
0.0107465
0.00969676
0.0105869
0.00918176
0.0100615
0.00977053
0.012253
0.00929584
0.00915809
0.0113489
0.0126689
0.0109223
0.0131166
0.00922406
0.00994324
0.011081
0.0112113
0.0117219
0.0109022
0.00883122
0.0116355
0.0094531
0.0104633
0.0115768
0.00964679
0.011311
0.0113532
0.0119828
0.00966254
0.00929317
0.00970193
0.0102135
0.013067
0.0130575
0.0105003
0.012667
0.0105808
0.0120519
0.0109947
0.0106026
0.0111965
0.00929451
0.00962089
0.0116601
0.00963832
0.00997205
0.00977404
0.0119894
0.0121622
0.00984474
0.012139
0.0103552
0.0110021
0.0122085
0.0106623
0.0107451
0.0112825
0.00860128
0.0105734
0.0130704
0.0119987
0.0114629
0.010885
0.010479
0.0106855
0.0109567
0.0115871
0.0103269
0.00817528
0.0105184
0.0113783
0.0104408
0.00990317
0.0077423
0.0114965
0.0114662
0.0100571
0.0122049
0.0134384
0.010376
0.0145185
0.0127655
0.0111835
0.00953477
0.0110095
0.0105064
0.0103991
0.00992626
0.0102207
0.0126697
0.00959042
0.00974971
0.0100037
0.0111674
0.0106151
0.0129225
0.012137
0.0120195
0.0123029
0.0099175
0.00977451
0.011186
0.0121679
0.012328
0.0116111
0.00975887
0.0106738
0.0127371
0.0124725
0.0110165
0.0112126
0.0100549
0.0116486
0.0103686
0.0100299
0.0116198
0.00927472
0.0102767
0.012747
0.0146432
0.010051
0.0106938
0.0108736
0.0108512
0.0099362
0.011031
0.00961717
0.0104158
0.00988115
0.00966342
0.011216
0.00953515
0.0129994
0.0101259
0.0106546
0.0118863
0.00987297
0.00928406
0.0102177
0.010469
0.00965961
0.00985976
0.0118599
0.0137714
0.00981786
0.0106892
0.00935132
0.0105464
0.0122996
0.0106785
0.0122344
0.0133083
0.0115742
0.0141622
0.0114355
0.01534
0.0103858
0.0103942
0.011838
0.00949641
0.00989317
0.0118919
0.011139
0.0116299
0.0116329
0.0109693
0.0098443
0.0118796
0.0113528
0.0128256
0.00959788
0.0120281
0.0105268
0.010263
0.0101726
0.0118923
0.00921779
0.00997447
0.00891985
0.0106842
0.0148084
0.0115337
0.0128813
0.00992446
0.0102364
0.0131915
0.00973232
0.0133501
0.0112195
0.0101268
0.012324
0.0107766
0.0104514
0.0109735
0.0112627
0.0106379
0.00952248
0.0105631
0.0114041
0.010495
0.0100861
0.0105128
0.0107207
0.00853631
0.00850648
0.011459
0.0130107
0.0107121
0.00746419
0.0132477
0.00995523
0.00999867
0.0141533
0.0125577
0.0118157
0.0101048
0.0106846
0.0133554
0.00961273
0.00953998
0.0117369
0.00998665
0.0137124
0.0106291
0.0116268
0.0116462
0.0100757
0.0146882
0.0101606
0.0103523
0.00914525
0.0101099
0.0105504
0.0112491
0.00993293
0.00964615
0.0123923
0.0100284
0.0103406
0.00949602
0.0108481
0.0121177
0.0124766
0.0105057
0.0100317
0.00990324
0.0107747
0.0120849
0.00995581
0.0114126
0.0104711
0.0121034
0.0112943
0.0120048
0.0107302
0.0108507
0.0102697
0.0109786
0.0105839
0.0144484
0.0110345
0.0106867
0.0128683
0.0121784
0.0127595
0.00914023
0.00981347
0.0119032
0.0106356
0.0105966
0.0122287
0.00963473
0.0120391
0.0117152
0.0116717
0.0101231
0.00987993
0.0135131
0.0107659
0.0123141
0.0127644
0.0131557
0.00956363
0.0117061
0.0120407
0.00886756
0.0108866
0.012822
0.010517
0.0110868
0.0155949
0.0134928
0.0115488
0.011638
0.0117052
0.00893907
0.00931786
0.0134041
0.00968006
0.0102927
0.0102442
0.00985777
0.0102347
0.00929819
0.0106823
0.0106389
0.0106175
0.0114376
0.00973579
0.011698
0.010465
0.00874771
0.0114842
0.00978626
0.00897619
0.0121459
0.00940098
0.0118234
0.00984656
0.0107205
0.00980897
0.0112034
0.0112308
0.00957228
0.0119455
0.0102979
0.00892029
0.00946663
0.00860887
0.0101393
0.00865266
0.00808831
0.00917908
0.013137
0.0118483
0.0122473
0.0133016
0.0100662
0.0113083
0.0106044
0.0129228
0.0132869
0.0129447
0.0101634
0.0112965
0.0134193
0.0120156
0.0120503
0.0118787
0.0113071
0.0108528
0.010955
0.00987058
0.00981764
0.011447
0.0108835
0.011571
0.0116343
0.010839
0.0106843
0.0149484
0.0123175
0.00921289
0.0117572
0.0121372
0.011024
0.0105457
0.0124734
0.0117062
0.0106853
0.0127247
0.0134698
0.0101742
0.00999136
0.011968
0.0121628
0.0140508
0.0105761
0.0143149
0.00968582
0.011983
0.012607
0.0117051
0.00963482
0.0127598
0.0136133
0.010713
0.0115224
0.00991048
0.0124073
0.0114212
0.0113498
0.00897702
0.013348
0.01065
0.0117365
0.0114646
0.0109774
0.00941776
0.0119892
0.00946064
0.012115
0.00980486
0.0105954
0.0121772
0.0139061
0.0110992
0.0112718
0.0102596
0.00837068
0.00819456
0.0143481
0.0134203
0.00918113
0.0104651
0.00956006
0.00856672
0.0101075
0.00995682
0.00925979
0.0117305
0.0122746
0.00967077
0.0137175
0.011624
0.00849188
0.0131656
0.0132204
0.0142161
0.00930853
0.00933608
0.0122328
0.0100521
0.0102837
0.00933817
0.0109456
0.0120113
0.00968664
0.0100942
0.0165352
0.0114635
0.00997511
0.0117618
0.0135795
0.0113922
0.0111126
0.00994154
0.0128387
0.0113862
0.011718
0.0115885
0.00862084
0.0102081
0.0120803
0.0115961
0.00985052
0.0130411
0.0102387
0.010327
0.00889354
0.00875278
0.00870159
0.0109879
0.00988447
0.0118435
0.010204
0.00988311
0.0122902
0.00998339
0.0119379
0.0114159
0.0148062
0.0138253
0.0110826
0.00977972
0.012122
0.0116311
0.0121085
0.0122297
0.0103408
0.0110421
0.0132717
0.0100714
0.0102102
0.0109247
0.0110692
0.0122618
0.0123839
0.0124517
0.00981734
0.0096819
0.00909606
0.010083
0.0105985
0.0124096
0.0103465
0.0120884
0.0100164
0.0118071
0.0106227
0.00853031
0.012749
0.0119914
0.012581
0.0102523
0.0109891
0.010107
0.00976668
0.0112307
0.009991
0.0125904
0.0142776
0.0129535
0.0113108
0.0128438
0.0145926
0.00931893
0.0125197
0.0120868
0.011341
0.0118147
0.0134335
0.0117435
0.0123265
0.0146538
0.0124449
0.0100674
0.0133767
0.0111439
0.0108619
0.0114339
0.0107058
0.00895154
0.0108125
0.0125954
0.0131072
0.0108248
0.0103856
0.0111335
0.0132927
0.010521
0.00999218
0.0112954
0.0112521
0.0110948
0.0100135
0.00996058
0.011784
0.00953256
0.0141693
0.0104754
0.0117623
0.0103811
0.0101951
0.0108382
0.0097851
0.00983964
0.0136581
0.0111247
0.0101286
0.0128255
0.0103644
0.0101207
0.0106062
0.0111006
0.0094412
0.00945265
0.0144333
0.0136923
0.0106944
0.00918046
0.010149
0.0103454
0.00942394
0.0116744
0.00997824
0.011139
0.0123967
0.0109727
0.0115344
0.0116915
0.0108534
0.0120239
0.00929158
0.00861499
0.010822
0.0148419
0.011019
0.0136669
0.013005
0.0102096
0.0108791
0.0108271
0.0115617
0.0119303
0.0105037
0.0105697
0.00998502
0.0108343
0.00896471
0.00971386
0.0113735
0.00824049
0.00918128
0.00959925
0.00955369
0.00955479
0.00964442
0.0115322
0.0125497
0.0130542
0.0100086
0.0114255
0.00953051
0.0117705
0.0115909
0.0127868
0.0118016
0.00956029
0.00900489
0.0134127
0.0101208
0.0112701
0.0120106
0.00972883
0.0106091
0.0109093
0.0105349
0.0106878
0.0124923
0.011325
0.011118
0.0108606
0.0129519
0.011268
0.0147485
0.010572
0.0109804
0.0109402
0.0135246
0.00935377
0.0111407
0.0107313
0.0115288
0.010504
0.0103829
0.0124584
0.0107337
0.0144577
0.0122831
0.0102545
0.012075
0.0114089
0.00961256
0.0108962
0.00999905
0.013992
0.0136339
0.0104778
0.0122941
0.0114093
0.0107686
0.0122419
0.0110653
0.00956303
0.0107941
0.00959677
0.0107747
0.0135145
0.0112336
0.0138436
0.0102676
0.0116052
0.0107028
0.0109312
0.0110094
0.00876606
0.0132396
0.0114969
0.0121685
0.0111638
0.0092425
0.0114424
0.0100838
0.0102961
0.0116219
0.011986
0.0123123
0.0139652
0.011027
0.0123409
0.015428
0.013968
0.00926159
0.0126442
0.0102236
0.0107793
0.0108061
0.0114768
0.0130175
0.0105852
0.011308
0.0109498
0.0119191
0.0104336
0.00924774
0.0137169
0.00969156
0.0110454
0.00942601
0.00933878
0.0122909
0.0114616
0.0104757
0.016659
0.0126965
0.010776
0.0108713
0.0133795
0.0101622
0.0124286
0.0133517
0.0110303
0.0128759
0.0129606
0.0112273
0.0114783
0.0136123
0.01094
0.0126243
0.0106127
0.011466
0.0138786
0.0106664
0.00971639
0.00991559
0.00952899
0.00998813
0.00843175
0.00989158
0.0092817
0.0094089
0.00858355
0.0108439
0.0125416
0.0117714
0.0121504
0.0111168
0.0144948
0.0111945
0.0128452
0.00932715
0.0158529
0.0116455
0.0109615
0.0113717
0.0100208
0.0113597
0.0109405
0.00977897
0.0123008
0.0110355
0.0117974
0.0104475
0.0136005
0.011531
0.00956284
0.00965655
0.011185
0.0121753
0.0105877
0.0118119
0.0102909
0.00969336
0.0138225
0.0113139
0.0105394
0.00898229
0.0137887
0.0115575
0.0121689
0.0129694
0.0156865
0.0108417
0.0103764
0.0142055
0.0118851
0.0107825
0.0140274
0.0102752
0.012441
0.0116367
0.0107314
0.0100621
0.00996519
0.0169957
0.0121163
0.00921082
0.0115759
0.0130689
0.0121785
0.0120732
0.0113708
0.0112266
0.0118032
0.0105879
0.0107592
0.0101504
0.0128474
0.010463
0.0103258
0.0123945
0.013398
0.0099881
0.00997397
0.00921426
0.0118324
0.0106541
0.0101274
0.0111114
0.0118465
0.0108195
0.00984307
0.0104235
0.00944769
0.0104144
0.0105543
0.0108616
0.00981979
0.0124131
0.0116484
0.0112341
0.0109958
0.0131796
0.0147882
0.00925612
0.0108866
0.011558
0.0117826
0.0144294
0.0106241
0.0116535
0.0116366
0.0100793
0.0116739
0.0115819
0.0114846
0.0151616
0.00926374
0.00928907
0.0101114
0.00986442
0.011921
0.0123251
0.00821116
0.00935305
0.0112757
0.0114875
0.0131872
0.00926073
0.0115757
0.0119366
0.0116924
0.0117235
0.0112447
0.0103963
0.0110652
0.0119501
0.0118676
0.00969068
0.0119884
0.0128345
0.0122012
0.0126944
0.0124278
0.0113806
0.0131945
0.014218
0.0124432
0.01569
0.0129086
0.011765
0.0142639
0.00977269
0.00883886
0.00956742
0.00823145
0.00872322
0.00950282
0.0107183
0.00919148
0.00878998
0.00954191
0.011829
0.0106766
0.0121965
0.0124255
0.0163821
0.0111092
0.0111985
0.0117009
0.0112984
0.0119478
0.0161633
0.00999019
0.0108214
0.00990374
0.0103345
0.0111664
0.0108867
0.0121114
0.0113468
0.00887423
0.0117479
0.0109848
0.0113822
0.0104099
0.0115564
0.0112151
0.0095268
0.0094195
0.0113836
0.0112982
0.0121805
0.00900864
0.0122903
0.0124319
0.012079
0.011098
0.0126362
0.012773
0.0110432
0.00983999
0.00972186
0.0113427
0.0103377
0.01298
0.0114209
0.0127772
0.0115296
0.0118779
0.00956749
0.0135073
0.0150942
0.0129536
0.0114419
0.0112524
0.0100081
0.011179
0.0130157
0.0113847
0.0126242
0.0111509
0.0124785
0.00961264
0.0110094
0.0101503
0.0108152
0.0113947
0.0144069
0.0144597
0.0127094
0.00998428
0.0106035
0.0114416
0.00975864
0.00993168
0.0109315
0.0110989
0.0099415
0.0105953
0.00993271
0.0141052
0.00997171
0.0110539
0.0097499
0.0109684
0.0107529
0.00994497
0.012297
0.0100988
0.0118838
0.0122199
0.0113919
0.0106188
0.010963
0.00989241
0.0107277
0.0103862
0.00972144
0.0110461
0.0122189
0.0149807
0.0122255
0.0124755
0.0117636
0.0119071
0.00929556
0.00931445
0.011312
0.0109117
0.0118176
0.012005
0.00949193
0.00911615
0.0114277
0.00848533
0.0126402
0.0104841
0.0117626
0.0108628
0.0120796
0.0109996
0.010718
0.0133591
0.0121592
0.0111119
0.0120065
0.0114507
0.0164153
0.0140799
0.0118893
0.010034
0.013284
0.0112567
0.010789
0.00973721
0.00930077
0.00896119
0.00933121
0.00863905
0.00901537
0.00886082
0.0108583
0.0136765
0.0172265
0.010177
0.0116606
0.0127197
0.0113649
0.00960497
0.0160716
0.00937394
0.0108244
0.0124954
0.0117882
0.0133789
0.0112785
0.00907691
0.0112796
0.0117187
0.00955145
0.0109745
0.0106586
0.00918709
0.0148087
0.0114443
0.0103524
0.0100253
0.0132718
0.0108967
0.0121161
0.0140774
0.0113389
0.0101535
0.00935969
0.0105476
0.0129751
0.0114038
0.0104238
0.0111104
0.0106828
0.0120502
0.0126032
0.0103562
0.00992423
0.0106918
0.0110922
0.0120697
0.00851846
0.0111858
0.0108182
0.0117737
0.0100784
0.0125187
0.0125709
0.0105834
0.0102597
0.0135026
0.0111702
0.0122217
0.0127309
0.0113165
0.0111606
0.0132686
0.0119931
0.0123314
0.0124612
0.00996247
0.0151473
0.0100463
0.0122758
0.0107687
0.0119603
0.0111816
0.0117587
0.00926314
0.0119757
0.0119632
0.0108031
0.0123357
0.0155598
0.00961727
0.010344
0.0134163
0.0110781
0.0121781
0.0125579
0.0115674
0.0111206
0.0122311
0.0108307
0.0104235
0.0110972
0.00991984
0.0113198
0.0100184
0.0121674
0.0108186
0.0109521
0.0107551
0.00994387
0.0134495
0.0123371
0.00847362
0.0106195
0.0112196
0.0135762
0.0124822
0.0104408
0.014075
0.0133436
0.0124853
0.0111482
0.0093212
0.00933579
0.0119184
0.00992034
0.0112459
0.0116235
0.0111654
0.00897624
0.00888441
0.011612
0.00959687
0.0109022
0.010803
0.0105096
0.0110285
0.011215
0.0113097
0.0108805
0.0110657
0.0132959
0.0140623
0.0105351
0.0119747
0.0141152
0.0128807
0.0148526
0.0106589
0.0153645
0.0116023
0.00984969
0.0136862
0.0119791
0.0116398
0.0123313
0.0121252
0.0137078
0.0141192
0.00981284
0.00949499
0.00932174
0.00921289
0.0091398
0.00905679
0.00956216
0.00913373
0.00990563
0.00992207
0.0102119
0.0124313
0.0125742
0.0123008
0.0143247
0.0148449
0.0108346
0.0122327
0.0109496
0.0117354
0.0119581
0.00983394
0.0101206
0.0101049
0.0102445
0.0117804
0.00965703
0.00960278
0.0104176
0.010083
0.00913992
0.0128022
0.00955775
0.0116252
0.010406
0.0127124
0.01064
0.0128031
0.0105634
0.012644
0.0113984
0.0117914
0.0106373
0.0128756
0.0114006
0.0107289
0.0129186
0.0119442
0.0106864
0.0113636
0.0085902
0.0123516
0.0108697
0.0113716
0.00903722
0.00909571
0.0132688
0.0121304
0.010537
0.0103255
0.0107806
0.0106519
0.00957954
0.0112534
0.0134846
0.0102981
0.0106645
0.0121636
0.0122754
0.0120624
0.0106328
0.0117014
0.0119985
0.0101536
0.0112943
0.0121607
0.01302
0.0156029
0.0116372
0.0117685
0.0133757
0.0095717
0.0115098
0.0100626
0.0101634
0.0144394
0.0118186
0.0114079
0.0105454
0.0104049
0.0101239
0.0130895
0.0106792
0.0107885
0.0106886
0.0104038
0.00995173
0.0138466
0.0104591
0.0151477
0.0141777
0.0141774
0.0106399
0.00956026
0.0116266
0.0109875
0.0098312
0.0128914
0.0115399
0.0123501
0.0103366
0.0135421
0.0164317
0.0108886
0.0112157
0.00937213
0.00938797
0.00944777
0.00935508
0.0105954
0.0111057
0.0117828
0.0116089
0.0103951
0.0139188
0.0120639
0.0120931
0.0108665
0.0110254
0.011296
0.0100394
0.0122255
0.0112539
0.0110736
0.0117995
0.0113535
0.0119205
0.0139281
0.012162
0.0120824
0.0132778
0.0111869
0.0126041
0.0136244
0.0133715
0.0130201
0.0115104
0.010277
0.0101099
0.00958151
0.00950487
0.0092692
0.00920367
0.00924352
0.00923306
0.00960513
0.0093795
0.0108124
0.00948575
0.013609
0.0118128
0.0113524
0.0143601
0.0150264
0.0104182
0.0107706
0.00974098
0.0113843
0.0110964
0.0111895
0.0105463
0.0126482
0.0115293
0.00955674
0.0113792
0.0110801
0.0119214
0.00975486
0.0104463
0.0114706
0.0141533
0.0111499
0.0110516
0.0114714
0.0126964
0.0145199
0.0131341
0.0085903
0.0103189
0.011036
0.00972604
0.0146779
0.0130365
0.0128615
0.0112518
0.0119795
0.0135615
0.0119517
0.0096115
0.0111705
0.0090079
0.010726
0.00870151
0.0130298
0.00914783
0.0117598
0.0136892
0.0112309
0.0124516
0.00931283
0.0111206
0.00976308
0.0100559
0.0121164
0.00971339
0.0138534
0.0151103
0.0145929
0.0109169
0.0114583
0.0136229
0.0147978
0.0101997
0.0101094
0.0113848
0.00986513
0.00927493
0.0140884
0.0119619
0.0147174
0.0110399
0.00868278
0.0175327
0.0100094
0.012313
0.0103565
0.00915102
0.0100947
0.0100806
0.0121609
0.010832
0.0121894
0.00978632
0.00974332
0.0132698
0.00852036
0.0119981
0.010817
0.0102617
0.0115923
0.0108599
0.0126829
0.0124624
0.0131945
0.0102815
0.00973988
0.0126826
0.00965672
0.0111875
0.0118812
0.0134065
0.0105866
0.0127689
0.0104246
0.011764
0.0125677
0.0121125
0.0112164
0.00932223
0.00877791
0.0114664
0.0123485
0.0121761
0.0129299
0.01338
0.00884683
0.0102575
0.0140675
0.0133096
0.0124507
0.0111301
0.012041
0.0109225
0.0141755
0.00849595
0.0118269
0.0113493
0.0108599
0.0123842
0.0119303
0.0137965
0.00998801
0.0111902
0.0155808
0.00887361
0.0122282
0.0117747
0.0123832
0.0117471
0.00953862
0.0134351
0.0134313
0.00959601
0.00933366
0.00928596
0.0093059
0.00926163
0.00967773
0.00955744
0.010557
0.0100878
0.0118391
0.0138239
0.0102722
0.0111778
0.0118694
0.0145924
0.0103666
0.011985
0.0113197
0.0103413
0.0104405
0.0104331
0.00979416
0.0152192
0.00999083
0.0123178
0.0106163
0.00958803
0.0106861
0.0107189
0.0106798
0.0116465
0.0119021
0.0127198
0.0108824
0.0125001
0.0105809
0.011536
0.0129883
0.0102712
0.00856452
0.00899818
0.00904923
0.0125738
0.0100773
0.0115065
0.0114143
0.0116218
0.0107671
0.0118609
0.013339
0.0138716
0.0109826
0.00918682
0.0107204
0.0104202
0.0134362
0.0122264
0.0118299
0.0102414
0.0116776
0.0119358
0.0138893
0.0134583
0.0102097
0.00948219
0.0107822
0.0107249
0.0125838
0.0146108
0.0106383
0.0101685
0.00976909
0.0144265
0.0108535
0.0102635
0.0127398
0.00970236
0.0117439
0.0087391
0.0132645
0.0121151
0.0126285
0.00893184
0.00854263
0.0135134
0.0121036
0.0103745
0.00954688
0.0106753
0.0113018
0.012088
0.0116286
0.0103883
0.0106034
0.00824943
0.00934474
0.0122273
0.0093931
0.0107932
0.010534
0.010342
0.0107631
0.00880423
0.00940838
0.0120671
0.0116087
0.0116121
0.0094386
0.010782
0.0104794
0.0103147
0.0104254
0.011827
0.0115665
0.015337
0.0103345
0.010188
0.00997795
0.011353
0.010426
0.00857579
0.0106595
0.0111806
0.00948422
0.00926005
0.00926578
0.00881223
0.0127556
0.0114667
0.00812639
0.012654
0.0120246
0.0165633
0.0122178
0.0108183
0.0115844
0.0116603
0.0108044
0.0112278
0.0118963
0.0119256
0.0110358
0.0100127
0.0154116
0.00949863
0.00862894
0.00996179
0.0128642
0.0116914
0.0155523
0.0100824
0.0092709
0.0140785
0.0132924
0.00968815
0.00933035
0.00930026
0.00918838
0.00928747
0.0093041
0.00953033
0.00978845
0.010231
0.00999979
0.0113232
0.0100824
0.0115109
0.0113323
0.0132985
0.012391
0.00994582
0.0105253
0.010633
0.0116013
0.0145335
0.0121194
0.0105031
0.0108275
0.00955419
0.0105446
0.0122124
0.00921789
0.0109007
0.00981196
0.0116449
0.0105931
0.0113286
0.0118756
0.0115364
0.0123279
0.0104202
0.0113109
0.0124317
0.0112148
0.0113077
0.012677
0.0104157
0.0108014
0.012623
0.0111139
0.0128541
0.0100089
0.0117624
0.011842
0.0108069
0.0111617
0.0118741
0.00973704
0.0126695
0.0112453
0.0103783
0.00936595
0.00957861
0.0102007
0.0127388
0.0120013
0.0123521
0.0107583
0.012158
0.0120365
0.0118908
0.0100331
0.0101899
0.0105312
0.01222
0.0114554
0.0115798
0.012235
0.0129248
0.0121212
0.0106713
0.0100762
0.0120094
0.0125492
0.0127283
0.00824129
0.00965477
0.0100772
0.0101128
0.0108741
0.0109521
0.0107787
0.0118697
0.0105634
0.0121916
0.0113935
0.0116868
0.0108281
0.0118718
0.00963174
0.0105705
0.0110138
0.0115331
0.0110031
0.0105895
0.0112995
0.0123132
0.00930425
0.0128925
0.0139948
0.00996504
0.0110184
0.0116568
0.00912644
0.0116886
0.010896
0.0127313
0.0131466
0.0114044
0.0125289
0.0118317
0.0105309
0.0114206
0.0130906
0.0105394
0.0107674
0.00969863
0.00879836
0.011003
0.0116287
0.00926457
0.00926542
0.0126186
0.00956047
0.00981232
0.0108292
0.0104071
0.00831117
0.00879276
0.0129824
0.0150957
0.0125206
0.0104867
0.0119438
0.0109212
0.0147944
0.011993
0.0107879
0.00992745
0.0109309
0.0120901
0.0139363
0.00928275
0.00950273
0.01147
0.0113265
0.0146588
0.0104425
0.0100187
0.0138817
0.0145623
0.0121235
0.012012
0.0117258
0.0160552
0.00973395
0.00941116
0.00919506
0.00910501
0.00920365
0.00922354
0.00931399
0.00971115
0.00968493
0.0107345
0.0103034
0.0142244
0.0128997
0.0147784
0.0113255
0.0112501
0.00982138
0.0160237
0.015391
0.0109441
0.0163576
0.00982904
0.0120289
0.0100421
0.0106907
0.00882704
0.00972641
0.0096246
0.00981325
0.00931982
0.011818
0.0119889
0.0117813
0.0106922
0.0121168
0.0118613
0.0110938
0.0103667
0.0122339
0.0115783
0.00981947
0.0115835
0.0124261
0.0118621
0.0142437
0.0154415
0.01475
0.0112251
0.0164351
0.0126091
0.0128978
0.0107212
0.0101841
0.014385
0.0105322
0.0143759
0.0138912
0.0129395
0.0127869
0.010903
0.00987055
0.0119743
0.0150241
0.0108899
0.00974724
0.0114654
0.0117995
0.0144674
0.0144819
0.0148715
0.00956353
0.0103112
0.00911389
0.0115697
0.0116262
0.010691
0.00993551
0.0107289
0.0113026
0.0138457
0.0105275
0.0134255
0.0102765
0.0110872
0.0127352
0.00997489
0.0125635
0.0109021
0.0115086
0.0113782
0.0138951
0.0111327
0.0110565
0.0140054
0.0150157
0.00985583
0.0112987
0.00893913
0.0113546
0.0104946
0.0106121
0.0104714
0.0117212
0.0123654
0.0110104
0.0113513
0.0105239
0.0114208
0.0103207
0.0112825
0.0103807
0.0127595
0.0109989
0.0114873
0.0140263
0.011429
0.0106159
0.0100608
0.00961189
0.0100265
0.0120241
0.0113942
0.00998302
0.0109666
0.0103249
0.0106755
0.00927553
0.00924312
0.00969079
0.0107929
0.0106257
0.01175
0.00876793
0.00818776
0.00922338
0.0110088
0.0155759
0.0121804
0.0108522
0.0127574
0.00980533
0.0151061
0.0112165
0.01031
0.0103144
0.0124674
0.0104453
0.0116603
0.0117062
0.0108325
0.00889123
0.0122483
0.0156159
0.0104194
0.0126398
0.0128477
0.0143464
0.0130145
0.0128559
0.0131808
0.0117912
0.0109781
0.00883547
0.00890934
0.0088906
0.00868758
0.00917612
0.00910162
0.00926442
0.00960999
0.00962613
0.0105078
0.0102265
0.0121526
0.0137527
0.00884033
0.0135096
0.0132037
0.0122993
0.0118499
0.00947409
0.0106876
0.0129537
0.0123378
0.0100329
0.0115269
0.00966206
0.00889372
0.00896665
0.0091048
0.0124036
0.0101101
0.0120412
0.00976669
0.0106877
0.0130566
0.0121299
0.0101908
0.0103888
0.0120308
0.0120731
0.0120977
0.0152796
0.0147198
0.0139081
0.0106756
0.00987339
0.0094871
0.0112874
0.0112773
0.0110773
0.0114157
0.0134547
0.0124235
0.0115592
0.00985447
0.00995793
0.0119495
0.0101065
0.0107174
0.0112459
0.00980689
0.0135697
0.0117556
0.0124507
0.0111874
0.0119434
0.0102072
0.0113618
0.0128768
0.0107024
0.0116849
0.0124631
0.0109773
0.0108624
0.0113076
0.012606
0.0108819
0.0110346
0.0103081
0.00998638
0.0123477
0.011706
0.0123305
0.0120593
0.0104622
0.00992615
0.0119823
0.00944096
0.0124088
0.0101746
0.0106942
0.010558
0.0121933
0.0121474
0.0105005
0.0138716
0.0140326
0.00959333
0.00994718
0.0115245
0.0124962
0.0130756
0.0128914
0.012933
0.0102375
0.0118999
0.0103086
0.0109135
0.0114567
0.0102509
0.00978851
0.012096
0.0118595
0.010108
0.0109332
0.011262
0.0138361
0.0158034
0.00958806
0.0092201
0.00915747
0.00977762
0.0117582
0.0109362
0.0124477
0.00996362
0.0124754
0.0118815
0.00927064
0.00945671
0.0101619
0.0112621
0.0128468
0.0122837
0.00903616
0.00837769
0.00970561
0.00979653
0.0148472
0.0116776
0.0100619
0.0161773
0.0115122
0.00967609
0.00938699
0.00966098
0.0135774
0.0125317
0.0122434
0.0136446
0.0156279
0.0101607
0.013203
0.00974686
0.0128176
0.0130648
0.00996335
0.0103604
0.00964681
0.0102309
0.0104957
0.00939294
0.010062
0.00966913
0.0106446
0.00912212
0.00927962
0.00955158
0.00960112
0.0101641
0.00986974
0.011137
0.00985096
0.0125545
0.0148088
0.0116312
0.0121603
0.0116194
0.00980744
0.0107202
0.00965991
0.0137623
0.0139155
0.0119854
0.0111788
0.011538
0.0112504
0.00947815
0.00952647
0.0103859
0.00859086
0.0101033
0.00993552
0.0127812
0.0124157
0.0117318
0.0106216
0.0113029
0.010499
0.0126147
0.0131758
0.0124532
0.0122899
0.0130485
0.00971446
0.012386
0.0111583
0.0122259
0.0140593
0.0119374
0.0132168
0.0118757
0.0112622
0.0134605
0.0122912
0.0108432
0.0117586
0.0125392
0.0117017
0.011152
0.0135329
0.0120996
0.0123395
0.012515
0.0100928
0.0115045
0.0133307
0.0114356
0.0110301
0.0129672
0.0145972
0.00969382
0.0109988
0.0134285
0.0119207
0.0121253
0.012537
0.0107602
0.0125007
0.0110745
0.0107779
0.0122299
0.0136251
0.0117563
0.00952973
0.0101594
0.0104706
0.0119273
0.0115513
0.0101776
0.00978932
0.0139437
0.00937194
0.0115825
0.00946322
0.0112802
0.00993285
0.0114482
0.0126345
0.0128758
0.0116297
0.0107108
0.0123149
0.0184811
0.0106173
0.0107063
0.00878342
0.0106984
0.0109302
0.00849727
0.00881372
0.0103141
0.0115955
0.0109719
0.0103153
0.0110613
0.0116247
0.0128046
0.0109658
0.0118188
0.010762
0.0138553
0.0142001
0.0084867
0.01149
0.00835281
0.010264
0.0128358
0.0104839
0.0113173
0.0107537
0.0152653
0.0100627
0.00958779
0.0113402
0.0109754
0.0109453
0.0104958
0.00959201
0.00958955
0.0119331
0.0112706
0.00946272
0.0126
0.0127213
0.0104408
0.0117764
0.0113976
0.0104463
0.0128334
0.0105393
0.00959799
0.0104892
0.00836618
0.0119001
0.0149008
0.0130408
0.0120002
0.0132758
0.014386
0.0120211
0.0140038
0.0100234
0.00955169
0.0106199
0.0121358
0.0160278
0.0102
0.0121063
0.0126453
0.012526
0.0130455
0.0130861
0.0102793
0.0112718
0.0116708
0.010374
0.00928211
0.0090204
0.00896817
0.0104586
0.00980271
0.00962473
0.00848397
0.00949854
0.00958736
0.00956184
0.0102398
0.00991721
0.0113084
0.0104661
0.0149746
0.0129456
0.0133181
0.0137314
0.010914
0.0094719
0.0101367
0.0106909
0.011193
0.0137136
0.0126681
0.0102372
0.00842449
0.00830099
0.00763473
0.0105552
0.0114085
0.00992897
0.0112901
0.00942046
0.0103166
0.0113279
0.00991148
0.010958
0.0126569
0.0102489
0.0117178
0.0108475
0.012794
0.0129173
0.0130318
0.0108347
0.0115569
0.0110444
0.00980132
0.0103397
0.0110479
0.0111974
0.0117361
0.0110781
0.0129356
0.0124266
0.0122753
0.0114815
0.00991667
0.0115929
0.010775
0.010757
0.0118845
0.0113271
0.0132267
0.0105318
0.0115329
0.0119399
0.0101365
0.0100471
0.0118168
0.0107371
0.0141328
0.011158
0.00936738
0.0106278
0.0102414
0.00888358
0.0115247
0.0123735
0.0106567
0.0104268
0.0098199
0.0124481
0.0109902
0.00946029
0.0126914
0.0119638
0.010185
0.0116198
0.0105716
0.0102339
0.0102733
0.00978161
0.0120619
0.00927073
0.00906128
0.0112753
0.00971075
0.0116419
0.0115374
0.0118948
0.01118
0.0112424
0.0130825
0.0129605
0.0101633
0.0112677
0.00895903
0.0111408
0.0122876
0.01246
0.0111588
0.00996684
0.0108467
0.0109014
0.0143211
0.0123432
0.0163105
0.00888041
0.00976355
0.0106813
0.0113825
0.00849437
0.0127517
0.00925114
0.0104242
0.00831938
0.00953219
0.011192
0.0137849
0.0136137
0.0121943
0.010852
0.0115973
0.012574
0.0135158
0.0116642
0.0110814
0.00965316
0.00947586
0.0103934
0.00949834
0.00918161
0.0103436
0.0120051
0.00867094
0.0093431
0.0113693
0.0105852
0.0108571
0.00942186
0.0128422
0.0117038
0.010687
0.0109127
0.0113888
0.0141787
0.0116441
0.00969472
0.0097611
0.0136062
0.0152004
0.0120808
0.0126077
0.0157445
0.0122565
0.0127287
0.00965008
0.0115308
0.0102094
0.0129929
0.0126198
0.0125575
0.0118047
0.010331
0.0113613
0.010716
0.0135528
0.0114862
0.0111401
0.0102949
0.00898132
0.00923938
0.00938006
0.00940261
0.00954882
0.00919126
0.00938064
0.0103979
0.00951245
0.00942482
0.0104714
0.00974835
0.014672
0.0104084
0.0122203
0.0145343
0.0105026
0.0125681
0.0107836
0.0102834
0.0106686
0.0125453
0.014397
0.0141446
0.0130942
0.0111057
0.0120054
0.00775038
0.00967368
0.010949
0.0100512
0.01017
0.0106493
0.00930313
0.00980907
0.0120314
0.0109603
0.0113096
0.0106154
0.0129301
0.0142417
0.0128953
0.0111779
0.0132493
0.00978004
0.0101644
0.0106584
0.0110791
0.0109429
0.0140066
0.0134839
0.0123053
0.0120105
0.0112777
0.0106647
0.0106428
0.013386
0.0116789
0.0103939
0.0112707
0.0110167
0.0119447
0.0110999
0.0119203
0.0105992
0.0106958
0.0101108
0.0103087
0.0107718
0.0127141
0.013651
0.0117315
0.0107475
0.0104312
0.0125428
0.00974839
0.0113511
0.0119694
0.00962052
0.0109799
0.0105295
0.0121123
0.00974572
0.0133387
0.009759
0.00931115
0.0117174
0.011575
0.0109612
0.0118299
0.0123836
0.0114759
0.00967024
0.0127916
0.0128399
0.0108703
0.00985696
0.0108133
0.0109479
0.0139451
0.0144771
0.0131266
0.00929408
0.00953144
0.00909088
0.0107732
0.0102264
0.0122465
0.0108227
0.0113979
0.0119498
0.00921498
0.0107751
0.0111139
0.012486
0.0123457
0.0113563
0.0119014
0.0112116
0.0112332
0.0138422
0.0133937
0.014928
0.0089502
0.011143
0.0091373
0.00897137
0.00996597
0.0104681
0.0103925
0.0106273
0.0109036
0.0105393
0.0113035
0.00928973
0.0121925
0.00953261
0.0091165
0.011775
0.0114241
0.00933923
0.0100475
0.0101814
0.0120938
0.0118053
0.00976207
0.01215
0.0107904
0.0119361
0.0123603
0.00924116
0.011248
0.0138904
0.0125275
0.01191
0.0113738
0.0119571
0.0124664
0.0138648
0.0151912
0.0116149
0.0116718
0.0127118
0.0132013
0.0170533
0.0129232
0.0110246
0.0130824
0.011924
0.0154557
0.0140964
0.0138918
0.0142703
0.0124174
0.0126706
0.00956437
0.010387
0.0100419
0.00976372
0.00914002
0.00880476
0.00893808
0.00875378
0.00975069
0.00968221
0.00909383
0.00951269
0.0117307
0.00935034
0.011712
0.00987778
0.0136135
0.0114563
0.013639
0.0136817
0.0116611
0.0138399
0.0116358
0.00971581
0.0105765
0.0155684
0.0132509
0.0120878
0.0135018
0.0111719
0.011676
0.012483
0.00942869
0.0105832
0.0104647
0.0105299
0.0102927
0.0103421
0.00960801
0.0115341
0.0135394
0.0108349
0.0118963
0.0163361
0.0101119
0.0131161
0.0107231
0.0118489
0.0118411
0.0130723
0.010922
0.010182
0.0114216
0.0104472
0.0130053
0.0114926
0.0145562
0.0110467
0.010693
0.0126482
0.0109792
0.0119452
0.0131569
0.0110001
0.0109928
0.0125498
0.0149563
0.0106714
0.0112006
0.0111551
0.0126616
0.0116243
0.0108638
0.0132723
0.0107381
0.0103843
0.0123326
0.00935816
0.00904521
0.0109997
0.00995648
0.0113858
0.0114649
0.0122703
0.0127701
0.0135968
0.0120697
0.00990496
0.0106241
0.0099808
0.0124517
0.0117287
0.0108915
0.0122171
0.0116894
0.0108865
0.010869
0.0095744
0.011971
0.0119776
0.0100966
0.00917262
0.0137818
0.011313
0.0110766
0.0113414
0.0136777
0.0121877
0.01156
0.011736
0.0113376
0.0101467
0.0122586
0.0117217
0.0105847
0.0122548
0.0123658
0.0131412
0.0117256
0.0106746
0.012058
0.0113208
0.0129714
0.013516
0.0138374
0.0106137
0.0105985
0.00879873
0.00898689
0.011147
0.0126023
0.0131771
0.0110257
0.010438
0.0139233
0.0142641
0.0137045
0.0113247
0.0133261
0.0120305
0.00954391
0.00881284
0.0138927
0.0138382
0.0111896
0.0106306
0.0130558
0.013149
0.0129879
0.0130216
0.00908193
0.0101818
0.0094241
0.00952843
0.0111056
0.00988173
0.0101579
0.00889155
0.0125021
0.00855943
0.0100927
0.0111653
0.0104179
0.0121474
0.0112746
0.0108254
0.0118523
0.0132924
0.00994487
0.0103125
0.0122569
0.00980712
0.00829743
0.0148748
0.0129104
0.0120661
0.0130125
0.0121354
0.0116166
0.0115307
0.0125823
0.0140419
0.0126383
0.0113463
0.0128983
0.0119219
0.00996003
0.0108291
0.0108149
0.00909905
0.0117567
0.0112484
0.0150936
0.0123278
0.0129468
0.0115267
0.0107089
0.0113147
0.0104133
0.0125958
0.0132061
0.0111132
0.0119808
0.0128192
0.00948401
0.0108636
0.0114927
0.0121582
0.0105367
0.0123495
0.0128024
0.00889598
0.00988655
0.0106225
0.00896323
0.00938904
0.0105029
0.0100656
0.0103024
0.0121739
0.0108225
0.0119059
0.0122276
0.0152261
0.0142302
0.0136547
0.0104494
0.0117532
0.0116491
0.0113085
0.0110753
0.00983461
0.014482
0.0127059
0.0109046
0.0126787
0.0122349
0.0107525
0.013063
0.0111011
0.0128521
0.0114712
0.0121474
0.0110463
0.0115208
0.00960394
0.00916661
0.0131406
0.011701
0.0102941
0.00970611
0.00986514
0.00990064
0.0117353
0.0121513
0.0113263
0.0110332
0.0100909
0.0103741
0.0112571
0.0138927
0.0113059
0.0113518
0.0121272
0.0138191
0.00991855
0.0113744
0.00988592
0.00982564
0.0130549
0.0134948
0.0117218
0.00956577
0.0112352
0.0116989
0.0103455
0.0121056
0.0112686
0.0107623
0.0112778
0.0110074
0.0116315
0.0114611
0.0116388
0.0122621
0.0101462
0.00949656
0.0107582
0.0118139
0.00977347
0.00974581
0.0112276
0.0113964
0.0108731
0.0100605
0.00883612
0.0101792
0.0131647
0.0104288
0.0145208
0.0111948
0.0112086
0.00941508
0.0106655
0.0102209
0.016556
0.0114052
0.0103651
0.0102181
0.0108237
0.0103771
0.0113136
0.0101438
0.0120286
0.0102091
0.0128883
0.0103014
0.011735
0.0114597
0.013468
0.0122243
0.0116298
0.010794
0.0114349
0.0106081
0.0115856
0.0103307
0.0113868
0.0113133
0.0110552
0.0113851
0.0123623
0.0115686
0.0134401
0.0110803
0.0149723
0.0104693
0.0115018
0.0112485
0.0160244
0.0114531
0.0101371
0.0111676
0.0114376
0.0114202
0.0102249
0.0102928
0.0137526
0.0111998
0.0115253
0.0117935
0.0159244
0.0127355
0.0131436
0.0138922
0.0118471
0.0125137
0.0112855
0.0121703
0.012748
0.0115581
0.0112148
0.0124533
0.0110214
0.0126623
0.0110503
0.0124301
0.0131432
0.0121513
0.00977495
0.00974024
0.0101804
0.00994514
0.00979494
0.0102784
0.00865315
0.00857294
0.0088769
0.00922402
0.0108022
0.0113189
0.00961816
0.00972756
0.0141615
0.0106623
0.0105663
0.0109707
0.012878
0.00914184
0.0107471
0.0108353
0.011318
0.0109885
0.0120828
0.00894306
0.00918958
0.0126279
0.0120188
0.0130534
0.0122595
0.0124969
0.00986859
0.0151112
0.0142395
0.0112532
0.0136772
0.00999271
0.00975007
0.0108349
0.0140098
0.0152675
0.0150522
0.0112616
0.0120106
0.0147258
0.00907707
0.00947605
0.0107617
0.0113974
0.0143534
0.0136105
0.0115605
0.0106012
0.00906178
0.0112953
0.00884982
0.0126098
0.0154886
0.0114046
0.0112162
0.010025
0.00954773
0.00929691
0.00981289
0.00882675
0.00861801
0.0100107
0.0151608
0.0108485
0.0118599
0.0129047
0.0119087
0.0112836
0.0111059
0.012026
0.0101074
0.0157814
0.0137275
0.010984
0.00801272
0.0113608
0.0114247
0.0135643
0.0104612
0.0138692
0.0115024
0.010984
0.0104192
0.0120131
0.0114286
0.012804
0.0118395
0.0108836
0.0100135
0.0122949
0.00960929
0.011446
0.0115009
0.010995
0.0148358
0.0131094
0.0114381
0.0115991
0.013494
0.0119886
0.0127254
0.00942473
0.0107894
0.0113807
0.0108294
0.00983241
0.0115659
0.0115574
0.0120934
0.0129014
0.00940258
0.0105885
0.0104786
0.0100528
0.0104698
0.00912371
0.0102529
0.0102288
0.0109074
0.0117481
0.0110774
0.0105288
0.012537
0.0138003
0.0107246
0.0127254
0.0134001
0.0113088
0.0117641
0.0109273
0.0118103
0.0109763
0.0121309
0.0112121
0.00870474
0.0104265
0.0129897
0.0149579
0.0119709
0.0111496
0.0101915
0.01115
0.0110373
0.0113674
0.0113667
0.0116634
0.0113839
0.0107472
0.0104678
0.0120113
0.0109108
0.011509
0.0124503
0.0149846
0.0140816
0.0125131
0.0137768
0.0106482
0.0109593
0.0106958
0.0114067
0.0129726
0.0104966
0.0120886
0.0141152
0.009633
0.0139689
0.0104766
0.012444
0.0120526
0.010959
0.0119975
0.0113709
0.012879
0.0122075
0.0129559
0.0110366
0.0118624
0.0136809
0.0121568
0.0124253
0.00947253
0.00926212
0.0104608
0.0104973
0.010538
0.00926237
0.00955339
0.0092628
0.0091483
0.0091974
0.00929918
0.0128072
0.0106603
0.0101942
0.0121792
0.0114911
0.0103933
0.0114907
0.0126891
0.0106419
0.0116021
0.0115707
0.00910055
0.0113572
0.0103688
0.0109697
0.0107338
0.0120004
0.00888267
0.00831093
0.0089753
0.0099637
0.0105451
0.01187
0.0108529
0.0122156
0.0134308
0.0137901
0.0110945
0.011237
0.0118435
0.013465
0.0138121
0.0114111
0.0129565
0.0127797
0.0109029
0.0129002
0.0109619
0.00981816
0.0124762
0.00946541
0.0149611
0.012054
0.0138813
0.0116639
0.0123514
0.00989025
0.0112841
0.0171716
0.0123024
0.0115594
0.0130495
0.0114779
0.0112879
0.00952591
0.00976195
0.00953439
0.00922904
0.0100634
0.00957917
0.010172
0.00929247
0.00978624
0.0117341
0.0113548
0.0102197
0.0120261
0.00883723
0.00946003
0.0118822
0.012726
0.0126124
0.0134716
0.0121607
0.0129131
0.0124618
0.0111694
0.0105341
0.0136643
0.00936074
0.0120261
0.0108294
0.0117327
0.0107223
0.0110165
0.0120502
0.0110788
0.0115229
0.0107833
0.00853904
0.0109115
0.0106198
0.012166
0.0137749
0.0117163
0.0124123
0.0132609
0.0120459
0.0132799
0.0116022
0.0110257
0.0138137
0.0131073
0.0137429
0.0106417
0.0105523
0.00969546
0.0109808
0.0113983
0.0125227
0.011541
0.0106473
0.00941356
0.0112572
0.0101527
0.0102004
0.0122078
0.0109812
0.0116376
0.0117398
0.00938563
0.00972168
0.0112106
0.00930972
0.00943745
0.00962081
0.00993547
0.0102738
0.0112974
0.0102874
0.0104013
0.0120663
0.0130196
0.0085983
0.012092
0.0116836
0.0114693
0.0108325
0.0116276
0.0116122
0.01093
0.0114231
0.0113274
0.0105117
0.01219
0.00876622
0.0142481
0.00926528
0.0134254
0.00916532
0.0127777
0.0145305
0.0124703
0.0152689
0.0114164
0.0104397
0.0124964
0.011987
0.014334
0.00829903
0.00940013
0.0120311
0.00922493
0.0123563
0.0117335
0.0107972
0.0146261
0.0140839
0.0123879
0.0138664
0.0122166
0.0117683
0.0121733
0.0121578
0.0128378
0.0112192
0.0163639
0.012278
0.0109664
0.0119709
0.0124838
0.010663
0.0134998
0.0117926
0.0109096
0.0118579
0.00954426
0.0104623
0.0125894
0.0132661
0.0114171
0.00892892
0.0136402
0.0106652
0.0120104
0.0123047
0.00930512
0.00904599
0.0102561
0.00975898
0.0094837
0.00927607
0.00928375
0.00917312
0.0093123
0.012286
0.00993355
0.0103312
0.0121769
0.0119125
0.00924786
0.0122397
0.0106608
0.0137346
0.0100622
0.0105531
0.0103651
0.0111594
0.0116793
0.00866097
0.0122774
0.010333
0.0105975
0.0103908
0.0127677
0.0111808
0.00937719
0.00916253
0.00993884
0.0162471
0.0101709
0.0107932
0.0133124
0.00967182
0.0124102
0.0120977
0.0118303
0.0102453
0.0119019
0.0104186
0.0123629
0.0118996
0.0100438
0.0111891
0.011938
0.0133714
0.0140302
0.0115738
0.0128835
0.0108931
0.0113476
0.0125818
0.0115842
0.0118702
0.0116941
0.00958565
0.00970571
0.0109448
0.0103952
0.00916634
0.00966323
0.00963809
0.0102953
0.00940245
0.00991369
0.0105224
0.011505
0.0116517
0.0143635
0.00869117
0.0091013
0.0115842
0.012868
0.0103144
0.0122701
0.0110729
0.0118347
0.00845456
0.0103954
0.0102894
0.0126603
0.0126927
0.0126116
0.0107429
0.0110521
0.0111627
0.0117421
0.011144
0.0106611
0.0126487
0.0118847
0.0106973
0.0108868
0.0106597
0.0112315
0.0117028
0.012646
0.0121059
0.0117198
0.0147988
0.010079
0.0101316
0.011321
0.0112755
0.0131405
0.0109684
0.0128103
0.0111635
0.0145218
0.0103142
0.0117511
0.010234
0.0130542
0.0103238
0.0117227
0.0109397
0.0104602
0.00920315
0.00953458
0.00915454
0.00982597
0.0121371
0.0133778
0.0108918
0.0117486
0.0104654
0.0100953
0.0103118
0.00901525
0.0103949
0.00857331
0.0111339
0.0113615
0.0107961
0.010419
0.012865
0.0120448
0.0107189
0.011383
0.0107025
0.0110323
0.00990033
0.00991816
0.0111502
0.0119741
0.0150638
0.0129256
0.0109402
0.0125719
0.0117808
0.0113821
0.0111331
0.0107229
0.0112453
0.010944
0.0111276
0.0101667
0.0106042
0.0112897
0.0109846
0.010395
0.0142969
0.0132385
0.0102364
0.0137402
0.0134202
0.0114449
0.010268
0.010272
0.0128761
0.00957173
0.0132333
0.0119709
0.0151445
0.0121687
0.0106621
0.0136452
0.0138392
0.0106763
0.0137561
0.0122224
0.0115901
0.014479
0.0131081
0.0106987
0.0126159
0.0119773
0.0119843
0.0121127
0.0103416
0.010821
0.00971118
0.00975583
0.00932225
0.0125681
0.00918677
0.00920747
0.0123675
0.0124269
0.0115636
0.0113722
0.011996
0.0120115
0.00966133
0.00931627
0.0112842
0.00708434
0.0135583
0.0106542
0.0132219
0.0124512
0.0138261
0.00964315
0.00923956
0.0115774
0.0102375
0.00863294
0.0116125
0.00984913
0.0111587
0.0118279
0.0105052
0.0109397
0.00982283
0.00995963
0.00997871
0.0126451
0.0113098
0.00999116
0.0141462
0.0108164
0.0107709
0.0119267
0.0116092
0.0119312
0.0137234
0.0110143
0.00937922
0.0118627
0.0124468
0.0126598
0.0123304
0.0130759
0.0124674
0.0115987
0.0129183
0.0127203
0.0133661
0.0114958
0.0136426
0.010967
0.0113039
0.00888779
0.0109003
0.0103
0.00957288
0.010936
0.00943125
0.00923747
0.00933949
0.00942845
0.0117376
0.00961813
0.0100072
0.0103145
0.015538
0.0126098
0.0119203
0.00922158
0.0127032
0.00960779
0.0105669
0.0117604
0.0097626
0.0114564
0.0108116
0.0120494
0.0125496
0.0134583
0.0120047
0.0136595
0.0114222
0.0105839
0.0108447
0.010745
0.0122346
0.0119687
0.0137784
0.0120564
0.0120496
0.0101077
0.0096413
0.0104718
0.0104903
0.0116182
0.011053
0.0124603
0.0105156
0.0123042
0.0140289
0.0110153
0.0111167
0.011123
0.00994484
0.0108098
0.0117509
0.00949492
0.0115699
0.0110322
0.0113769
0.0122785
0.011193
0.0111364
0.00953531
0.00961328
0.01378
0.0105112
0.0122055
0.0100724
0.00978649
0.0095248
0.0146881
0.00877909
0.00997142
0.00970742
0.0106606
0.0119804
0.0100173
0.0106745
0.00967922
0.00922866
0.0107056
0.00986097
0.0120204
0.0136739
0.0120586
0.0130525
0.0136663
0.0111861
0.0104807
0.0105798
0.012679
0.0103271
0.0145534
0.0121692
0.0141136
0.0132334
0.0111601
0.0112138
0.0110249
0.0109555
0.0103427
0.0105254
0.0112078
0.0119316
0.0125388
0.0108803
0.0141382
0.0113841
0.0153481
0.0108097
0.0120229
0.0125809
0.0113576
0.0109728
0.0114326
0.0110257
0.0100496
0.0113381
0.014155
0.0113038
0.0120098
0.0123141
0.0127316
0.0123348
0.0121198
0.0109158
0.0111154
0.0098661
0.0105349
0.0111306
0.012375
0.0113121
0.0106665
0.0103556
0.0111879
0.012674
0.0152175
0.0109768
0.0112368
0.013314
0.0106407
0.0126342
0.0118797
0.0136132
0.0137961
0.0121377
0.00945027
0.00995824
0.00932554
0.010787
0.00975169
0.0121115
0.0130142
0.01275
0.0104467
0.012023
0.0105848
0.00996178
0.0119197
0.0103255
0.0106377
0.00974703
0.0096643
0.0126593
0.0126948
0.00923055
0.00925744
0.0124866
0.0124873
0.0109684
0.0107311
0.0118069
0.0116161
0.0103481
0.0129433
0.0101488
0.0105302
0.00851075
0.0101311
0.0123256
0.0108033
0.0114382
0.0127322
0.012067
0.0118226
0.00958742
0.00910586
0.00933071
0.00984834
0.0116519
0.0102966
0.0118581
0.0125836
0.0108552
0.0142218
0.0123653
0.0109371
0.0111385
0.0115713
0.013842
0.0127061
0.0110923
0.0115205
0.0123221
0.00947382
0.0118271
0.0119773
0.0123284
0.0132997
0.0121032
0.00995216
0.0115547
0.0103526
0.0113837
0.0105598
0.00959148
0.0112725
0.0098534
0.0152325
0.0101399
0.0109297
0.0104336
0.010645
0.00860618
0.0086778
0.0094353
0.010204
0.00857034
0.00951279
0.00982294
0.00978745
0.0103124
0.0112125
0.0110979
0.012093
0.0128322
0.0100749
0.0112022
0.00989247
0.0104726
0.0130021
0.010317
0.0122916
0.0155348
0.0118238
0.0114653
0.0122485
0.0128219
0.0105984
0.0112224
0.0105662
0.0122537
0.011302
0.0140516
0.0102221
0.0118925
0.0116128
0.0106126
0.00936961
0.00901816
0.00969539
0.0119783
0.0124572
0.0125732
0.0114534
0.0109315
0.0117986
0.0111855
0.0105169
0.0104854
0.0106097
0.011724
0.0110605
0.00969386
0.0112864
0.0128619
0.0115523
0.0109456
0.0107635
0.0102127
0.0118381
0.00913705
0.0135216
0.010385
0.0115545
0.00963432
0.00939625
0.00948055
0.0108562
0.00892437
0.00847215
0.0122689
0.00964465
0.00984604
0.00936944
0.00943027
0.00923908
0.0099734
0.0105441
0.0107845
0.0101689
0.0138096
0.0142312
0.010182
0.0104323
0.0105216
0.0143163
0.0126848
0.0112544
0.010864
0.0139003
0.0114769
0.0138121
0.013473
0.0107114
0.0112338
0.0128756
0.0106652
0.0136503
0.0132911
0.0138023
0.0124022
0.0141073
0.0125631
0.0116777
0.0105468
0.0122154
0.00878828
0.0110744
0.0105767
0.0106909
0.0104611
0.0107045
0.0117164
0.0134781
0.0111272
0.0113527
0.0116791
0.0115052
0.012203
0.0100129
0.0104643
0.00927431
0.00941491
0.0119492
0.0083523
0.00924974
0.0111335
0.0122472
0.00925179
0.0131659
0.010721
0.0117991
0.013115
0.0123589
0.0117215
0.00904404
0.0125754
0.0144162
0.0111607
0.0122531
0.0129416
0.0117158
0.0127888
0.0107205
0.0118221
0.0121618
0.0120902
0.0103505
0.00980604
0.00944136
0.00947911
0.00996263
0.0107626
0.00925865
0.0110788
0.0125169
0.0124633
0.0110021
0.010419
0.0119374
0.0124017
0.0126278
0.0100282
0.00907397
0.00921217
0.00849473
0.00998793
0.010365
0.0102377
0.0175555
0.0112498
0.0112146
0.0105022
0.00936266
0.00882279
0.0119176
0.0124379
0.0115268
0.0106654
0.00829864
0.00860293
0.0106034
0.00940496
0.0122527
0.0117001
0.0122455
0.0131163
0.0105076
0.0104113
0.010671
0.0115612
0.0101012
0.012164
0.0124304
0.012915
0.0110761
0.0103698
0.0136106
0.0129976
0.0106049
0.0119543
0.0127098
0.011486
0.0115046
0.0115107
0.0106065
0.011199
0.0124828
0.0116302
0.0126619
0.0126668
0.0102542
0.0101656
0.011567
0.010029
0.0124583
0.0123403
0.0119524
0.0101363
0.00968087
0.0100437
0.00925646
0.00965242
0.0087002
0.00858534
0.0105376
0.0102298
0.0110382
0.0097601
0.0104982
0.010815
0.00987559
0.012007
0.0119549
0.0114542
0.0127746
0.00925792
0.0107312
0.0109838
0.011653
0.0124241
0.0112682
0.012952
0.00943789
0.010067
0.0119529
0.012254
0.0116755
0.0130676
0.0115502
0.0117296
0.0109427
0.0118798
0.00887437
0.00847139
0.00929215
0.0124127
0.0100799
0.0100427
0.0107703
0.0117291
0.0102821
0.0106778
0.0107683
0.0113856
0.0111513
0.0115744
0.00959651
0.011002
0.0119839
0.0102883
0.0109682
0.011013
0.0137378
0.0140086
0.0133717
0.0115777
0.0112379
0.0112249
0.0120718
0.0111479
0.0112806
0.0119583
0.0098344
0.0114759
0.0106297
0.0128153
0.00854828
0.0100109
0.00931763
0.00922047
0.00899724
0.0102769
0.0110125
0.00817852
0.010689
0.00887824
0.0100601
0.0102764
0.0106985
0.0103023
0.00974208
0.00849522
0.0113373
0.00936349
0.0109326
0.013919
0.0138602
0.0105784
0.010983
0.0111072
0.00990812
0.0131133
0.0114051
0.0109609
0.0112016
0.011353
0.0111823
0.0112202
0.0118134
0.0091073
0.0103727
0.0115423
0.0115711
0.0111025
0.0114941
0.0114098
0.0102379
0.0108817
0.0122183
0.0164866
0.0111188
0.0114478
0.00993911
0.00940759
0.0106676
0.0105878
0.0122306
0.0113925
0.0120637
0.0132603
0.0122944
0.0114734
0.0101004
0.010582
0.00994529
0.0112325
0.010947
0.0101046
0.00928066
0.0108943
0.0103273
0.00976703
0.013161
0.0109719
0.0125316
0.0122911
0.00989166
0.0121082
0.0109333
0.0106921
0.00931823
0.0105574
0.0135385
0.0115265
0.0102491
0.00947674
0.0102785
0.0123606
0.011457
0.0144447
0.0143314
0.0145483
0.012714
0.012724
0.0121889
0.0118955
0.0116584
0.0101579
0.0123488
0.0123945
0.00969795
0.00978771
0.0125486
0.0125824
0.0108057
0.0109133
0.0158311
0.0155139
0.00909242
0.00986557
0.0110605
0.0102067
0.0113455
0.0167033
0.0146655
0.0096107
0.0107447
0.0110184
0.0132151
0.0115008
0.0119903
0.0103202
0.0101436
0.00913524
0.00884244
0.00928664
0.00943132
0.01126
0.0103901
0.00920671
0.00871652
0.00940053
0.00878667
0.0105771
0.0108158
0.0126114
0.0113405
0.0119105
0.0123837
0.0105452
0.0111494
0.0118142
0.011892
0.0113253
0.0121272
0.0114874
0.0121465
0.0113013
0.012857
0.0120982
0.0107124
0.0104418
0.0111458
0.0101299
0.0117582
0.0113195
0.0113587
0.0136247
0.0116897
0.0112414
0.0107568
0.0116114
0.0107498
0.0105872
0.0113236
0.0104381
0.00914317
0.0107182
0.00921885
0.0102387
0.0097716
0.0108692
0.0095374
0.0106358
0.0121015
0.0111399
0.0114841
0.0115346
0.0091583
0.0107717
0.011984
0.0106603
0.0113561
0.0101973
0.010174
0.0119852
0.00977586
0.0115943
0.0111248
0.0126244
0.0146975
0.0108836
0.0112309
0.0120693
0.0094522
0.0117083
0.0094643
0.0094633
0.0123359
0.010668
0.0136392
0.00973965
0.0106384
0.0113183
0.011344
0.0134232
0.0114758
0.0111008
0.0117872
0.00947439
0.0128246
0.0127973
0.011186
0.0114922
0.00999961
0.0116012
0.0103673
0.0102709
0.0113504
0.0112642
0.0109806
0.0118409
0.0115423
0.0117178
0.0131966
0.0111319
0.0129846
0.010184
0.0108663
0.0110609
0.00967787
0.0106181
0.0116516
0.0118918
0.0123747
0.00834475
0.00966583
0.00926677
0.00816169
0.00755976
0.00877284
0.00878865
0.0113461
0.00903566
0.0113421
0.0115683
0.00968449
0.0118024
0.0107698
0.00975779
0.00936459
0.0114568
0.0121873
0.0127832
0.0106703
0.0111947
0.00877598
0.0114867
0.0117853
0.0115
0.0132846
0.0133499
0.0133639
0.0117834
0.0117267
0.0108749
0.0110462
0.0112465
0.0125882
0.0124143
0.0127659
0.0114292
0.0115973
0.00969535
0.0112187
0.0104219
0.0124091
0.00999058
0.0108197
0.0116756
0.00945551
0.0116731
0.0120156
0.0123506
0.0124765
0.0125363
0.0103868
0.0116289
0.0106681
0.0106842
0.0107638
0.00900544
0.0104782
0.0107662
0.0135914
0.0107095
0.0125808
0.0111435
0.0106961
0.010799
0.00846943
0.0114152
0.0105986
0.0123182
0.010903
0.0101774
0.0131444
0.0101227
0.0101136
0.0121357
0.0123351
0.00919655
0.0102265
0.012507
0.0122056
0.011888
0.0117552
0.0106791
0.0120666
0.010547
0.010987
0.0109907
0.0101586
0.00863713
0.0102359
0.00876901
0.00835719
0.00921647
0.00974613
0.00913024
0.00817593
0.010375
0.0127357
0.0120912
0.0117108
0.0108552
0.0112832
0.0127772
0.012899
0.0124187
0.0102806
0.0118826
0.0101029
0.00868476
0.0101798
0.0104787
0.0107548
0.0102524
0.008923
0.00932011
0.00951019
0.0108544
0.00894171
0.00972122
0.0122811
0.0113002
0.0180605
0.0114673
0.0108555
0.0121234
0.0109202
0.0113659
0.0119604
0.0129442
0.00965953
0.0103035
0.0109004
0.0106554
0.0110278
0.0116123
0.0106516
0.00941683
0.0112656
0.0137174
0.0104385
0.013103
0.0113
0.00926867
0.00978869
0.00955503
0.0103849
0.00920516
0.00974926
0.00931405
0.00932009
0.00957637
0.0104096
0.0103133
0.0109913
0.0100745
0.0114411
0.0121441
0.0126277
0.0104008
0.0112583
0.0111105
0.00899589
0.0129611
0.0093998
0.0127545
0.0120932
0.0113691
0.0135864
0.0124082
0.0113738
0.0130324
0.0109894
0.0105916
0.0106697
0.0109236
0.0150432
0.00914228
0.0128017
0.0157012
0.0148794
0.0100252
0.0135228
0.00970296
0.00960173
0.00964459
0.0103336
0.0109921
0.0115692
0.0105955
0.00992794
0.012314
0.0101996
0.0118963
0.00981583
0.0115509
0.0110272
0.0109833
0.0112817
0.0101903
0.0132215
0.0118932
0.0113113
0.0128546
0.0120325
0.014711
0.0107392
0.0102976
0.011383
0.0103665
0.0129852
0.00903163
0.00917337
0.00967847
0.00991336
0.0109912
0.00885901
0.00876708
0.00863919
0.0108347
0.0108387
0.0112488
0.0106564
0.013048
0.0104009
0.0123149
0.0124093
0.0119781
0.0112481
0.0129265
0.0110435
0.0110644
0.00993042
0.0125064
0.0133857
0.0135235
0.0105724
0.0121866
0.00961724
0.0108103
0.0109971
0.0105184
0.0106094
0.0136016
0.0104572
0.0123774
0.0136227
0.00979355
0.0126361
0.0111229
0.0103191
0.0100748
0.0100755
0.0117089
0.0116944
0.0120237
0.0112577
0.0103014
0.0135353
0.015239
0.0134806
0.0107167
0.0109288
0.0103733
0.01158
0.0109931
0.0105147
0.0104161
0.0118461
0.0115842
0.0126158
0.0125938
0.0107151
0.0104158
0.0112218
0.00979343
0.0117132
0.0126775
0.0130553
0.0125019
0.0100408
0.0105823
0.0123694
0.0120521
0.0130487
0.0128204
0.011788
0.01166
0.0119934
0.0118828
0.0110074
0.0108613
0.00976784
0.0102668
0.0126028
0.011806
0.0139826
0.0126217
0.00917281
0.00908442
0.00877034
0.00851301
0.00853217
0.00980964
0.0100001
0.0105686
0.0101455
0.0117441
0.0097867
0.00927551
0.00947129
0.0099806
0.00837225
0.00994982
0.010665
0.0123913
0.00974934
0.0111483
0.0102799
0.0101121
0.00825259
0.0107964
0.00856161
0.0105055
0.0112792
0.01278
0.0123152
0.0120753
0.0108039
0.00899538
0.0103197
0.010363
0.0109772
0.0132779
0.0129856
0.0127435
0.012409
0.0114903
0.0123243
0.0112521
0.0115135
0.0112552
0.0108416
0.00961489
0.00961427
0.00901214
0.0117686
0.00983627
0.0106306
0.0113535
0.0103367
0.0104244
0.011362
0.0116466
0.010755
0.0114171
0.015
0.0105189
0.0106105
0.0108027
0.0100741
0.00996282
0.0103789
0.00900288
0.0102328
0.00988086
0.00884133
0.0092996
0.00930102
0.00914128
0.0112841
0.011011
0.0105082
0.0108636
0.0120794
0.0131313
0.00950794
0.0113256
0.0109818
0.0119483
0.0139839
0.00988133
0.0108691
0.0102222
0.0111346
0.0099205
0.00970917
0.0113367
0.00913129
0.00960006
0.0105019
0.0111133
0.0120706
0.00946135
0.0113466
0.00970316
0.0117144
0.0127864
0.0111291
0.0102232
0.00952737
0.011556
0.0109038
0.010388
0.0165184
0.0109008
0.0107223
0.0112721
0.0118308
0.01123
0.0113616
0.0110462
0.00947432
0.0103723
0.010481
0.0114582
0.00971566
0.0141574
0.0110065
0.0114606
0.0108412
0.0124287
0.0117311
0.0116093
0.011678
0.0111978
0.0100628
0.0136684
0.0104843
0.0099417
0.0104922
0.00980405
0.00978842
0.0139988
0.00949574
0.00893676
0.00953054
0.0103142
0.00986379
0.0117312
0.0118046
0.0113257
0.0117532
0.0118937
0.0110661
0.0115648
0.0100111
0.0106397
0.0134814
0.0135856
0.0102754
0.0123858
0.0120981
0.0105738
0.0136821
0.011502
0.0114952
0.00925137
0.0102065
0.0111286
0.0127004
0.0128089
0.00984137
0.0106735
0.0100892
0.0109881
0.0110463
0.00863578
0.0103218
0.0134348
0.0119323
0.0134909
0.0102356
0.00974126
0.0118836
0.0124787
0.0107095
0.0110452
0.00888653
0.00946151
0.0133285
0.0112855
0.012605
0.0130742
0.0125136
0.0102676
0.0111427
0.00978787
0.00991252
0.0129061
0.0128866
0.0138707
0.00991855
0.0112607
0.01142
0.00993499
0.00993063
0.0114722
0.0109755
0.0108491
0.0132329
0.0126824
0.0114789
0.0112272
0.0113777
0.0111411
0.0104273
0.0113373
0.0118536
0.0118992
0.00923048
0.0104481
0.00992751
0.0116663
0.0104619
0.0109017
0.0111643
0.00993431
0.0093629
0.0109626
0.00973636
0.00921738
0.0109178
0.00983228
0.00915098
0.00961314
0.00977187
0.0103825
0.0120262
0.00799064
0.00871035
0.00927238
0.00940041
0.00855204
0.00996259
0.00957953
0.0109193
0.0123639
0.0101906
0.0111893
0.00962955
0.0100944
0.00898824
0.00947963
0.00767281
0.0126554
0.00963907
0.0110124
0.0104697
0.0115669
0.0104309
0.0145283
0.0133759
0.00899223
0.0108018
0.00968133
0.0107875
0.00950761
0.00997695
0.0122381
0.0128497
0.0103545
0.0108481
0.0102993
0.0105644
0.0110759
0.014138
0.0134947
0.0094662
0.0114549
0.00975433
0.00973543
0.0101237
0.0089562
0.00992213
0.0093339
0.00996512
0.00949172
0.00972039
0.010406
0.0126304
0.0134529
0.0132626
0.0120425
0.00895111
0.00898048
0.00966695
0.0129954
0.0195101
0.00855671
0.0132551
0.010553
0.012894
0.0151308
0.012545
0.0112432
0.0117572
0.0106988
0.0106252
0.0113618
0.00957476
0.0105223
0.011556
0.00962934
0.01028
0.0122867
0.0112686
0.00965411
0.010391
0.0109357
0.0097928
0.011382
0.00996571
0.011576
0.0128671
0.010612
0.0114608
0.012374
0.00962736
0.00953172
0.0118174
0.0122884
0.0113672
0.011036
0.0104038
0.013538
0.0094737
0.0103186
0.0103741
0.0118927
0.0101094
0.012252
0.0108499
0.0120259
0.0110192
0.0132308
0.0116465
0.0115083
0.0133625
0.0107987
0.00879982
0.00804397
0.00912559
0.0110285
0.0101833
0.0101089
0.0112949
0.00914222
0.00883207
0.0105063
0.0106345
0.0103352
0.0107552
0.0118493
0.0144849
0.0111608
0.0137113
0.0116809
0.0111296
0.00900516
0.0102374
0.0106741
0.00986034
0.00944173
0.00921692
0.0103692
0.0108991
0.0119782
0.0133
0.0133562
0.0114908
0.011205
0.0103615
0.0100872
0.0093794
0.0113553
0.012036
0.00949906
0.0123349
0.013017
0.015088
0.0146554
0.00969101
0.0131511
0.00976093
0.0112603
0.0107608
0.0114173
0.00987294
0.00919609
0.0116159
0.0100269
0.0131669
0.0086958
0.014886
0.0144637
0.0091878
0.0122747
0.0124027
0.00996433
0.0110682
0.0102364
0.00933145
0.00967074
0.0109886
0.0118113
0.0116004
0.0119198
0.0109751
0.00938143
0.00966373
0.0100419
0.00954282
0.011272
0.010154
0.0105095
0.0115672
0.0116127
0.0144021
0.00996019
0.00980482
0.0098951
0.00837697
0.00988469
0.0120669
0.00993695
0.0117491
0.00940748
0.00874057
0.00924424
0.00781555
0.00844888
0.00985977
0.00947947
0.00913518
0.00926863
0.00846275
0.0100133
0.00852886
0.00899305
0.0105008
0.0100595
0.0120366
0.0112021
0.0101798
0.00956728
0.00954886
0.00852669
0.00974596
0.0116609
0.00966886
0.00873484
0.0105134
0.0100993
0.0122332
0.0106297
0.0132772
0.00979724
0.0102114
0.00957918
0.00904966
0.013013
0.0113359
0.0109321
0.010822
0.0126214
0.0109469
0.0119932
0.0105676
0.0111799
0.0116872
0.0111433
0.00984173
0.00943929
0.0121338
0.0104352
0.0106609
0.0107642
0.00994821
0.0105201
0.00949703
0.0100456
0.00879561
0.0102306
0.00936038
0.00868727
0.00974808
0.00929624
0.0115925
0.00948656
0.00995168
0.0110486
0.00890767
0.0107505
0.0144742
0.00917908
0.0107785
0.0102041
0.00983993
0.0107311
0.00930003
0.0117862
0.0106382
0.0100917
0.0103596
0.0144695
0.0100972
0.0138682
0.0103949
0.0111187
0.0107068
0.0110543
0.0117475
0.0101312
0.00957205
0.0125723
0.012333
0.0104059
0.0105621
0.0117392
0.0107934
0.0143621
0.0108662
0.0122502
0.0103696
0.0122591
0.00985923
0.0108332
0.0110018
0.0104747
0.0105391
0.0113047
0.0135628
0.0125819
0.0116812
0.0123103
0.00984291
0.0110331
0.0108572
0.0100191
0.0100679
0.0134339
0.010637
0.0119302
0.0122046
0.0108613
0.0125985
0.0114817
0.0101023
0.0122674
0.010793
0.00993615
0.0115236
0.0100436
0.0152197
0.0091593
0.0125725
0.00985768
0.0121766
0.0113551
0.0113607
0.0119329
0.00909005
0.00977611
0.0105244
0.00980019
0.00882044
0.0127569
0.0109439
0.0104527
0.0110665
0.0116356
0.0112487
0.00901118
0.0111073
0.0107279
0.0100963
0.0114153
0.00997487
0.0101199
0.0118394
0.0116932
0.0118522
0.0114073
0.0129209
0.0107085
0.0102184
0.0126366
0.00997241
0.0104827
0.00960703
0.00983726
0.010412
0.0136827
0.0120391
0.0130365
0.0111601
0.0108116
0.0107291
0.0110508
0.011661
0.0121245
0.0142465
0.0109342
0.0135647
0.0122705
0.0103951
0.00949185
0.0116074
0.0107473
0.0117378
0.0115528
0.00994212
0.0113957
0.00975125
0.0102539
0.00948523
0.0104346
0.0108182
0.0101159
0.0107105
0.0105522
0.00770335
0.0122021
0.0134191
0.00940303
0.00917483
0.00994379
0.0119545
0.0133382
0.0113618
0.0100847
0.0101039
0.0104561
0.00926031
0.00997865
0.00827375
0.00822555
0.00997448
0.0088089
0.00934449
0.00957007
0.0109816
0.00923924
0.010418
0.0116495
0.00844976
0.00847172
0.00982591
0.0103475
0.00958879
0.00958564
0.0104803
0.0108316
0.0102586
0.0113644
0.0119989
0.0108103
0.0102371
0.0110074
0.0122934
0.0128454
0.00925894
0.00893719
0.00998364
0.0131296
0.0110691
0.00952877
0.0126871
0.00970487
0.010688
0.00926854
0.0109929
0.0117124
0.00954814
0.00980035
0.0103932
0.00930133
0.00913651
0.00931839
0.0119566
0.00914113
0.0113382
0.0109696
0.00944042
0.0110284
0.010587
0.0112241
0.00893166
0.00974749
0.0101963
0.0106648
0.0103021
0.0101735
0.0142742
0.0102347
0.0123275
0.0121662
0.0101869
0.0110266
0.0105874
0.0101205
0.0100478
0.00994431
0.00985559
0.0119509
0.0101639
0.0133363
0.0109203
0.0100265
0.0117215
0.0166817
0.0159437
0.0104181
0.00948243
0.0101948
0.0110485
0.0102614
0.0104772
0.0145917
0.0102969
0.0116457
0.0104159
0.0119204
0.0158807
0.0113623
0.0105642
0.0125665
0.0112476
0.0128321
0.0101218
0.0120975
0.010547
0.013826
0.0117583
0.0101056
0.0108667
0.0117269
0.0104262
0.00961992
0.0107555
0.0117014
0.00971068
0.00910986
0.00986052
0.0112544
0.0126121
0.0125933
0.00987279
0.0127779
0.0107057
0.0128521
0.0171262
0.0137923
0.00854737
0.00872885
0.0146675
0.00922211
0.0128157
0.00900602
0.014601
0.0114139
0.0111246
0.0112396
0.0112227
0.00864292
0.00961734
0.0102452
0.00944092
0.00953462
0.0114556
0.0150831
0.0125869
0.0103854
0.0111343
0.00935203
0.011896
0.0100542
0.0138315
0.0154471
0.010718
0.0113889
0.00949785
0.00884837
0.0115629
0.0095274
0.0105777
0.0119465
0.0128658
0.0107058
0.0104014
0.0115748
0.0108958
0.0117607
0.0116955
0.0135054
0.0111334
0.0151909
0.0114826
0.0105271
0.00978663
0.0134427
0.0102859
0.0119934
0.0100947
0.0128596
0.00979572
0.0102975
0.0104678
0.0105648
0.0111103
0.0115266
0.0124083
0.010998
0.0113929
0.0110677
0.0148017
0.0113377
0.0114579
0.0111346
0.00915223
0.0108722
0.00947324
0.0100832
0.0107567
0.0123767
0.00922172
0.011193
0.0110964
0.00879307
0.0097059
0.0118169
0.0111748
0.0104949
0.0100195
0.0089545
0.010037
0.00938582
0.00887322
0.00913077
0.0108653
0.00977741
0.00914921
0.00977351
0.00793892
0.0113538
0.00821721
0.0112584
0.00999187
0.00842241
0.00877552
0.00865756
0.0102966
0.00989094
0.0119037
0.0118456
0.00929499
0.0115349
0.00880343
0.010054
0.0103043
0.0112705
0.0112459
0.0109677
0.0120664
0.0114073
0.0133644
0.0105723
0.0144767
0.012146
0.0102623
0.0108382
0.0105956
0.0107756
0.0102339
0.0111729
0.0112334
0.0119959
0.0114492
0.0111456
0.015106
0.0126517
0.0129168
0.0115143
0.00975037
0.0124264
0.0117782
0.0100227
0.0112438
0.0114387
0.00980212
0.00990021
0.0112543
0.011848
0.0114446
0.0113064
0.0130599
0.0110035
0.0117332
0.0122747
0.0111612
0.010662
0.00970784
0.00986291
0.00917183
0.0135624
0.0108047
0.00992312
0.00916591
0.00987443
0.0103827
0.0127514
0.00970621
0.010617
0.0096542
0.0116217
0.0088581
0.0129902
0.011798
0.0106112
0.00911817
0.0127316
0.0122894
0.010669
0.0106934
0.0103966
0.0120421
0.00951621
0.00954575
0.012189
0.0112726
0.0106567
0.00961353
0.00934556
0.0135109
0.0150037
0.0116832
0.0101625
0.010784
0.0109164
0.00954126
0.0114
0.0101905
0.0141252
0.0105046
0.0132274
0.0126687
0.0107728
0.0113043
0.0110524
0.0103994
0.0131223
0.0116032
0.0123776
0.0111452
0.0133841
0.0113379
0.0101453
0.00986199
0.0146257
0.011234
0.0101647
0.0100773
0.011217
0.0113933
0.0103188
0.0118229
0.0123027
0.0108931
0.0149503
0.0120585
0.0122313
0.0112443
0.0118594
0.0107213
0.0117322
0.0119901
0.0123638
0.0124486
0.00945846
0.0102579
0.0104421
0.010535
0.0093634
0.0105993
0.0110281
0.0108944
0.0102292
0.00975244
0.0115777
0.0118582
0.0114674
0.0123288
0.0117056
0.0107626
0.0110544
0.00914461
0.0111373
0.00995386
0.0104914
0.00996944
0.0101292
0.00878729
0.0106849
0.0118136
0.008775
0.0103681
0.0118328
0.00990008
0.0106203
0.0106726
0.0100077
0.0113651
0.0127155
0.0119408
0.00975586
0.0122719
0.00984557
0.00876318
0.00952099
0.010271
0.0101141
0.00995021
0.0116194
0.0113117
0.00896191
0.0111581
0.00990171
0.00877238
0.0103757
0.0104396
0.0100743
0.00920979
0.0128865
0.0117753
0.00965559
0.0129929
0.0122711
0.0110175
0.0113845
0.00809426
0.0103028
0.0110083
0.00912444
0.0104848
0.010937
0.00967839
0.0101639
0.00925808
0.0113859
0.0122435
0.0107254
0.011151
0.00944483
0.0107498
0.0112551
0.0102716
0.0117363
0.0113167
0.0110654
0.0123671
0.00971092
0.00926926
0.00981503
0.0106898
0.0100211
0.0117354
0.0109945
0.0127132
0.0104261
0.01083
0.0107198
0.0103688
0.0111802
0.0117752
0.0123212
0.0117188
0.0122978
0.0101721
0.0108172
0.0105869
0.0115942
0.0112534
0.0142125
0.0103475
0.0110557
0.0103949
0.0145467
0.0122575
0.0101457
0.00938052
0.0142231
0.0133477
0.0101562
0.0100584
0.0121732
0.0112912
0.0107615
0.00965333
0.01309
0.0111913
0.0112001
0.0114821
0.0122213
0.0106359
0.0108127
0.00926377
0.0120799
0.0109296
0.0101276
0.0135714
0.01273
0.0124714
0.0117796
0.00923688
0.0113837
0.00927832
0.0119131
0.0111722
0.0115122
0.0105174
0.012653
0.00918474
0.010889
0.0146037
0.0106548
0.00983855
0.0137516
0.0109833
0.0118943
0.0107428
0.00995034
0.00933869
0.0113046
0.0125145
0.00882088
0.0142311
0.0100712
0.0113561
0.0115672
0.0115131
0.00978835
0.00939234
0.0110973
0.0106064
0.0136421
0.0115218
0.00938396
0.0112467
0.0111081
0.013621
0.0121058
0.0124803
0.0123656
0.0107967
0.0112978
0.0126069
0.00999698
0.0101377
0.012671
0.0104167
0.0106763
0.0107287
0.0096157
0.010922
0.0109151
0.0094486
0.00897357
0.0109323
0.0105342
0.0118827
0.0128034
0.0117123
0.00984948
0.00847259
0.0106325
0.0119486
0.0112545
0.0122355
0.0125623
0.0111184
0.0137605
0.0101986
0.0130991
0.0138782
0.0105284
0.00912938
0.00917927
0.00899076
0.00839371
0.00901566
0.00880078
0.0125649
0.0106685
0.0110022
0.00969746
0.0113179
0.0090912
0.00864702
0.00947218
0.0148756
0.0126598
0.0101923
0.0109078
0.0100779
0.00976172
0.00853876
0.0114687
0.0096967
0.011331
0.0106451
0.0109269
0.0108751
0.0108851
0.00987639
0.0153991
0.0112858
0.0127995
0.0117775
0.0103467
0.0113573
0.0172127
0.0120352
0.0137264
0.00938954
0.0105075
0.0105476
0.0154708
0.0112994
0.0109832
0.0103884
0.0120882
0.0128162
0.00938841
0.00958676
0.0147854
0.0103613
0.0117293
0.0104894
0.00955953
0.0104305
0.0101165
0.00897735
0.00971626
0.00954256
0.0118888
0.0102555
0.00969111
0.0112386
0.0124939
0.0112312
0.0137123
0.0147614
0.011349
0.0112402
0.0106708
0.0128024
0.0118052
0.0144502
0.0112313
0.0101286
0.00922779
0.0138442
0.0117141
0.013895
0.0110208
0.0115088
0.0106591
0.00977355
0.0120036
0.0118611
0.0133913
0.00976376
0.0108294
0.012602
0.0106195
0.0123285
0.0112038
0.00901674
0.00999122
0.0106654
0.0127813
0.0113243
0.0117383
0.00857263
0.011409
0.0114805
0.0148948
0.012436
0.0148725
0.0110185
0.00953102
0.00966347
0.0115589
0.010408
0.0136442
0.0120218
0.012556
0.0119718
0.0117053
0.011666
0.0132455
0.0103171
0.012099
0.0120294
0.0136542
0.0104898
0.0106448
0.0100103
0.0149981
0.0110982
0.0108748
0.0110149
0.0106788
0.00868417
0.0117009
0.0101897
0.0111356
0.0105221
0.0107026
0.00942705
0.00958032
0.0105397
0.0113542
0.00970981
0.010759
0.0125607
0.0107035
0.013101
0.0113732
0.00915576
0.00852156
0.00903303
0.00944357
0.012405
0.0118673
0.0112832
0.0111384
0.011105
0.0143389
0.0113201
0.0150993
0.0154929
0.0107872
0.0106241
0.00958868
0.0113627
0.0094102
0.010205
0.010891
0.00884561
0.00926455
0.0105151
0.00896046
0.00921741
0.00913421
0.00869526
0.0110583
0.00834207
0.011648
0.00969248
0.00962708
0.0124676
0.0090598
0.0108863
0.0105933
0.0106769
0.0094024
0.0106572
0.00971044
0.0114374
0.0121058
0.0108121
0.010139
0.0101823
0.0111936
0.0110612
0.0128997
0.0120367
0.012378
0.0122963
0.0139933
0.014191
0.00994718
0.00997952
0.0112184
0.00951596
0.0103966
0.010576
0.00913255
0.00881145
0.010434
0.00955305
0.0103967
0.0113888
0.0132095
0.0126613
0.00991928
0.0113259
0.0111018
0.00926906
0.0128629
0.00988571
0.0107618
0.0113657
0.0120611
0.0111833
0.0130593
0.0139332
0.0124083
0.0104425
0.0121916
0.00996593
0.0109206
0.0105858
0.0111666
0.0109746
0.00933293
0.00887811
0.0108222
0.0101867
0.0135888
0.0138154
0.0123928
0.0127287
0.00902112
0.0121768
0.0107313
0.010739
0.0128301
0.0137608
0.0144864
0.0139107
0.0122858
0.010755
0.00865519
0.0140142
0.0118931
0.0106286
0.0137149
0.011994
0.00897013
0.0113686
0.0104187
0.0124601
0.00986533
0.00828021
0.0094075
0.0118622
0.0103378
0.0134782
0.010257
0.0102859
0.00985881
0.00986382
0.0114663
0.010773
0.00952377
0.0111456
0.0126082
0.0120479
0.0117876
0.0095526
0.00862814
0.0113912
0.010255
0.00990745
0.0175437
0.0127588
0.00877478
0.00910496
0.00969586
0.0123333
0.0107926
0.0117855
0.0117904
0.0131323
0.00964013
0.0112181
0.00923969
0.011433
0.0149231
0.00969411
0.0121254
0.00846521
0.00968879
0.0120181
0.0110325
0.0103
0.00969317
0.0108554
0.0108502
0.010903
0.0102592
0.0091724
0.0101804
0.0118603
0.0105895
0.00980936
0.00972785
0.0123352
0.0120464
0.00972022
0.011605
0.0105935
0.0112921
0.0115033
0.0123113
0.0106176
0.0105422
0.0124474
0.011792
0.0109152
0.0101709
0.00933233
0.0102937
0.0112897
0.0105521
0.00918034
0.00894508
0.0101869
0.0114237
0.0105104
0.0119193
0.0113969
0.00942015
0.0102833
0.0104474
0.0105943
0.0103013
0.00984209
0.0101695
0.0113089
0.0115433
0.0104008
0.0114805
0.00949798
0.0107227
0.0102933
0.0100658
0.00976661
0.011775
0.0101754
0.0107651
0.0133198
0.0114069
0.0125511
0.0128125
0.0139336
0.0109515
0.0118135
0.00904337
0.012704
0.0138601
0.0120333
0.0137925
0.0130625
0.0114108
0.0089668
0.00938596
0.0103904
0.0154889
0.0118131
0.0142611
0.0111564
0.0128218
0.0123748
0.0111558
0.0108277
0.0120104
0.0101468
0.0103054
0.0104646
0.0111824
0.00910722
0.00917681
0.0105812
0.010239
0.0113734
0.00896104
0.0102871
0.0129305
0.010399
0.00812926
0.00953762
0.0108503
0.00921163
0.00899273
0.0109453
0.0102067
0.00943236
0.0101894
0.0104122
0.00904762
0.00952667
0.0105939
0.00992725
0.0116474
0.00863564
0.00870915
0.00974805
0.0119855
0.00866846
0.00879171
0.0140339
0.0109168
0.0112816
0.0130772
0.00907731
0.0105071
0.011106
0.0105631
0.0118133
0.0109539
0.010912
0.011144
0.0123761
0.0106999
0.0111968
0.0106408
0.0133809
0.0129928
0.011492
0.0103292
0.0105519
0.0122329
0.0105147
0.0109927
0.0120167
0.0100669
0.00979991
0.0137213
0.0131882
0.0103245
0.0144569
0.0115776
0.0119602
0.0124916
0.011681
0.0138528
0.0148272
0.0125457
0.00976117
0.0119822
0.00864493
0.0115407
0.0131453
0.0135486
0.0119469
0.0124825
0.0109278
0.0134116
0.0143413
0.0113285
0.0118722
0.0128397
0.0113306
0.0173458
0.0134751
0.0104431
0.0103089
0.0103839
0.0105866
0.00865277
0.0116268
0.0122213
0.00970586
0.0113322
0.0161647
0.011873
0.0142648
0.0119276
0.0117973
0.0138108
0.0120618
0.00881002
0.0107253
0.0103655
0.0122712
0.0108268
0.00945634
0.00948711
0.012692
0.0110029
0.0104912
0.0117531
0.0118488
0.0104182
0.0111188
0.0102595
0.00884251
0.0152289
0.0105176
0.00982341
0.0100904
0.0119142
0.0092259
0.0103812
0.0100446
0.00896199
0.0157863
0.0127279
0.0107802
0.0113387
0.0103111
0.0110914
0.00955912
0.00986265
0.0104096
0.00970764
0.0102055
0.0113619
0.0141851
0.0095606
0.00952476
0.011749
0.011626
0.0115653
0.0139227
0.0101479
0.0103353
0.00781116
0.00962756
0.0119479
0.00945672
0.0104755
0.0115865
0.0116068
0.00849483
0.008817
0.0121362
0.0111741
0.0105145
0.011544
0.00952122
0.00963487
0.00980884
0.00915009
0.00951012
0.0103697
0.0103647
0.0101496
0.00948275
0.0103368
0.00958781
0.012207
0.0120017
0.00853932
0.00933211
0.0120781
0.0100028
0.0111827
0.0115058
0.00999194
0.00967035
0.010963
0.0102752
0.00933511
0.0117433
0.0101655
0.0111035
0.00925872
0.0110768
0.0116501
0.0117879
0.0115107
0.0119115
0.0111967
0.01206
0.0122078
0.0111056
0.0124055
0.0133166
0.0113454
0.0112463
0.0117753
0.0114352
0.011306
0.0105838
0.0118082
0.0158994
0.013342
0.0118898
0.0117689
0.0122759
0.0109214
0.0101506
0.0123171
0.00974355
0.0122306
0.0112413
0.0113731
0.0108994
0.012039
0.0122757
0.0109446
0.0110525
0.013212
0.0112793
0.0114459
0.0101007
0.0126322
0.010942
0.010024
0.0110575
0.00895336
0.00933852
0.0114808
0.0107494
0.00951397
0.0119177
0.00899212
0.0112752
0.00924232
0.0101544
0.00944481
0.00896068
0.0111753
0.00864587
0.011633
0.0125874
0.0115413
0.0102228
0.0100469
0.0144247
0.0110558
0.0139542
0.0132408
0.0110712
0.0112883
0.00989752
0.0100488
0.0108349
0.016397
0.0134595
0.0112711
0.0132846
0.0105564
0.0131401
0.0118279
0.0116275
0.0120101
0.0107256
0.0111949
0.0104363
0.0130462
0.0143094
0.0111447
0.00994322
0.0122419
0.0112792
0.00993435
0.0144698
0.0115526
0.00968141
0.0106005
0.013063
0.0114965
0.00984904
0.0174039
0.0110066
0.0126477
0.0120086
0.0105065
0.0111366
0.0118826
0.0110806
0.0116652
0.0130444
0.0104216
0.0120817
0.0105248
0.0104568
0.00917295
0.0100786
0.00992223
0.0088117
0.00994813
0.011206
0.0106901
0.00980858
0.0105471
0.0099454
0.0105242
0.0105145
0.0114678
0.0115126
0.0105609
0.0110571
0.0109104
0.00840537
0.00936164
0.0100002
0.00954547
0.00835199
0.00886027
0.010537
0.0118285
0.0119129
0.00988768
0.0115851
0.010209
0.0116706
0.0126835
0.0112516
0.0103179
0.0109468
0.0119441
0.0131078
0.0187157
0.0111058
0.0120551
0.0148061
0.0121371
0.0117937
0.0113281
0.0120879
0.0120686
0.0110162
0.0148103
0.0105161
0.0119198
0.0120664
0.00966796
0.0111713
0.010665
0.012845
0.0119859
0.0128846
0.013708
0.0102316
0.0114876
0.0123679
0.0116547
0.011044
0.00903838
0.00983025
0.0126961
0.01147
0.0102905
0.0151417
0.0149222
0.0139469
0.0139113
0.0141556
0.0109723
0.00884506
0.0127508
0.0136254
0.0113258
0.00869474
0.011966
0.0112786
0.0096479
0.00945523
0.0123403
0.0109226
0.0111451
0.0096945
0.00934184
0.0129213
0.0110024
0.0101574
0.00882479
0.0116983
0.0115278
0.00949079
0.00947635
0.00959812
0.0106364
0.00948218
0.010585
0.0097727
0.0100157
0.0101648
0.0103124
0.0117105
0.0092342
0.0113594
0.0111487
0.011552
0.0141103
0.0102261
0.0128223
0.00999823
0.0105373
0.0109465
0.013255
0.0147949
0.0109961
0.0110485
0.0121388
0.0132224
0.0110102
0.00892434
0.0142331
0.0132911
0.0125647
0.0116965
0.012144
0.0108808
0.00965711
0.0173521
0.0115987
0.0132128
0.0120164
0.0112466
0.0124998
0.0115356
0.0121385
0.0140799
0.0103118
0.0141547
0.0112745
0.0112241
0.0094699
0.010692
0.00903622
0.0131173
0.0124079
0.013062
0.0116217
0.0132538
0.00851243
0.00939374
0.00852872
0.00849791
0.00806584
0.011763
0.00913969
0.0101488
0.0104901
0.0111176
0.0104342
0.00960383
0.0109427
0.0129626
0.00952582
0.0109897
0.0122423
0.0125518
0.0126529
0.0112404
0.0112127
0.0137632
0.00955764
0.0119115
0.0100713
0.0112701
0.010388
0.0101863
0.0110195
0.0107364
0.0101382
0.0115425
0.0115872
0.0095439
0.0116092
0.0115755
0.0111018
0.0142525
0.0118558
0.0118332
0.0109019
0.0126721
0.0114662
0.0127629
0.0111645
0.0128794
0.0136454
0.010778
0.0104159
0.012044
0.0111662
0.011035
0.0111121
0.0114488
0.0110741
0.0107348
0.0114535
0.0106911
0.0123001
0.00987548
0.0119092
0.0117195
0.0124446
0.0110457
0.0121315
0.0112341
0.0105822
0.0111394
0.00912536
0.00912454
0.011171
0.00800656
0.00982311
0.0101349
0.0132196
0.0136829
0.00813514
0.00939183
0.0122799
0.0111369
0.0129422
0.0107499
0.0126992
0.0108986
0.0100877
0.0103713
0.0120418
0.0104815
0.0116913
0.00794839
0.0127851
0.0101262
0.0120058
0.0104302
0.0107833
0.0113529
0.0107648
0.0110369
0.0107161
0.0105824
0.0120638
0.0132093
0.0132921
0.0154437
0.011579
0.0117719
0.0104588
0.0116932
0.0114128
0.011187
0.0111879
0.0106517
0.0102854
0.0106674
0.00995691
0.011169
0.0117059
0.0124429
0.0108092
0.0113753
0.0119101
0.0105563
0.0142667
0.0135806
0.0122951
0.0116093
0.0126987
0.0122655
0.0118286
0.0123479
0.0112879
0.0121411
0.0112203
0.0128785
0.0123655
0.00955164
0.0106212
0.0114005
0.0102861
0.0102567
0.00894327
0.0109999
0.0128162
0.0149214
0.00794109
0.0126645
0.00877447
0.00879999
0.0119761
0.0123453
0.0102619
0.0109483
0.0109417
0.0111935
0.0118724
0.0113818
0.0107584
0.0113682
0.010808
0.0137967
0.0136888
0.0112363
0.0096385
0.0108576
0.0105683
0.00813795
0.0130867
0.0127137
0.0124777
0.0106784
0.0105744
0.0126126
0.0120285
0.0106179
0.0106156
0.0120459
0.0138837
0.0122676
0.0127091
0.0128613
0.011757
0.0113272
0.0130984
0.0120563
0.0131301
0.0118079
0.0144133
0.0114471
0.012683
0.0101502
0.0117369
0.0102021
0.0129374
0.0107401
0.0112985
0.0105471
0.012448
0.0113505
0.0122791
0.0111666
0.0155135
0.0117604
0.0134538
0.0127418
0.0107468
0.0139453
0.00827664
0.00891361
0.0115122
0.0115956
0.0109403
0.0106412
0.0109011
0.0112541
0.0154474
0.0130289
0.0123509
0.00894562
0.00917604
0.0127874
0.010938
0.014148
0.00738412
0.0109132
0.0139246
0.012224
0.0119609
0.0109592
0.0111305
0.0111725
0.0112338
0.0101519
0.0125744
0.0149911
0.0109428
0.0107392
0.0122198
0.0113364
0.0096967
0.00849898
0.015038
0.0131174
0.0128587
0.0123286
0.0117862
0.0133896
0.0113999
0.0108089
0.0110017
0.0115963
0.0127673
0.0150751
0.0143996
0.0113804
0.0116443
0.0120432
0.012569
0.0095105
0.0111208
0.0122903
0.0113875
0.0105138
0.0102797
0.0121704
0.0118661
0.0115129
0.0120954
0.0117935
0.0124395
0.0120476
0.0120028
0.011191
0.0104422
0.0101774
0.00938924
0.0136837
0.011399
0.0112713
0.0144715
0.0127197
0.0116771
0.00762838
0.0106251
0.00980213
0.0111498
0.0125578
0.0119108
0.0108987
0.0106524
0.0121667
0.01082
0.0102557
0.0107789
0.0106974
0.011356
0.0137817
0.0116336
0.0117388
0.011398
0.012423
0.0135948
0.0106087
0.0122196
0.0124756
0.0115573
0.0127097
0.00831064
0.0124861
0.0114868
0.0134779
0.0122792
0.0137202
0.0114324
0.0141101
0.0106656
0.0108184
0.0118678
0.0102791
0.0115951
0.0106544
0.0102429
0.0117666
0.0109123
0.0143525
0.010061
0.00982169
0.0121092
0.0124923
0.00973944
0.0121602
0.0086628
0.0114298
0.0104458
0.0132664
0.0118276
0.0116122
0.0101239
0.0133345
0.0115615
0.0115139
0.0145461
0.0160117
0.0161524
0.010495
0.0110663
0.0102004
0.0123503
0.0104736
0.00985898
0.0104899
0.0112505
0.0116749
0.0133577
0.0103217
0.0105267
0.0126917
0.0128681
0.0112449
0.0112464
0.00817932
0.0116603
0.0153118
0.00974169
0.00868233
0.011871
0.0122473
0.0118144
0.0127609
0.0103947
0.0104632
0.0135558
0.0130255
0.0115836
0.0140263
0.0120076
0.0148391
0.0126128
0.0122632
0.0148971
0.0108156
0.0110075
0.0110259
0.00998151
0.00979857
0.0119285
0.0111954
0.01285
0.0121335
0.0132238
0.010725
0.0118963
0.010689
0.0109063
0.0141731
0.0109099
0.0114674
0.0135319
0.0121363
0.0111538
0.0121145
0.0122033
0.0107988
0.0107921
0.0133847
0.010057
0.0108884
0.011281
0.0107564
0.012563
0.0107303
0.0112161
0.0110168
0.0130635
0.0108539
0.0117309
0.0126037
0.0122778
0.0110651
0.0117911
0.0122933
0.0122164
0.00859451
0.0119697
0.0124654
0.0116073
0.0108183
0.0140453
0.0146548
0.010529
0.0106882
0.0154231
0.012391
0.0101575
0.0132612
0.0112486
0.0110426
0.011435
0.0113575
0.0119109
0.0126367
0.0124067
0.0114185
0.0113353
0.0111315
0.0140715
0.00947999
0.0087282
0.0120461
0.0101569
0.0112823
0.0118224
0.0117174
0.00912902
0.0104355
0.0103902
0.0118748
0.00919896
0.0112362
0.0114115
0.0129963
0.0116077
0.0115964
0.0112417
0.0129321
0.0124633
0.0112651
0.0114553
0.0131878
0.00902561
0.0128388
0.00832319
0.00980176
0.00965261
0.00991608
0.012735
0.0101493
0.0101225
0.0107043
0.0134321
0.0110166
0.0112068
0.0102914
0.0111375
0.0112532
0.0113974
0.0118334
0.0106047
0.0138906
0.00959218
0.0130247
0.011211
0.0107785
0.0098183
0.0106632
0.0100745
0.010382
0.00985213
0.010985
0.00955139
0.0109612
0.00959247
0.00980526
0.014661
0.0125077
0.0129001
0.0102362
0.0131613
0.0100971
0.0117581
0.00947612
0.0110761
0.0111901
0.0104014
0.0100899
0.0117461
0.0115557
0.00925153
0.0101093
0.00969699
0.0119239
0.0142416
0.0112372
0.0108703
0.0136
0.0131739
0.0107543
0.0157957
0.0113479
0.0110451
0.00953706
0.0117566
0.00942723
0.010055
0.0107074
0.00930874
0.00991907
0.00971328
0.00971298
0.0102976
0.00921123
0.013187
0.0124362
0.00992468
0.0119265
0.011593
0.00992002
0.0113854
0.0111858
0.0115328
0.0112292
0.0111916
0.0128186
0.0112263
0.00954701
0.0103899
0.012964
0.0107864
0.0113026
0.0106461
0.0124011
0.0129826
0.010938
0.0110741
0.0146517
0.0113514
0.00945299
0.0117334
0.012087
0.010634
0.0112991
0.00995201
0.00995194
0.0106068
0.0100287
0.00916361
0.0098622
0.00927491
0.00946823
0.010837
0.0125537
0.0103114
0.0109208
0.0102965
0.0127549
0.013285
0.0105217
0.0107072
0.0111358
0.0103026
0.0104673
0.00946106
0.0109892
0.0110812
0.0128933
0.0120445
0.0113945
0.0119298
0.011678
0.0107729
0.013034
0.0119073
0.0125613
0.0105897
0.0121136
0.0103356
0.0109966
0.0115701
0.0148407
0.0146408
0.0106374
0.0107029
0.00899683
0.00995468
0.0103665
0.0107957
0.0113223
0.0121492
0.0105941
0.0129595
0.0108048
0.0111564
0.0110615
0.00958756
0.00920346
0.0106307
0.0102762
0.0121675
0.0106638
0.0125465
0.0111801
0.0122475
0.0110515
0.00998256
0.0134163
0.0108115
0.0108097
0.0112565
0.0135609
0.0123056
0.0158645
0.0153859
0.011217
0.013294
0.0127955
0.01168
0.0104466
0.0114122
0.0108558
0.0107765
0.0109757
0.00892652
0.0096411
0.0110413
0.0131212
0.0117002
0.0104242
0.0100933
0.0122718
0.0109303
0.0107935
0.0117292
0.010966
0.0112635
0.0145266
0.0124544
0.0115324
0.0112878
0.0118826
0.0117241
0.0128208
0.0105825
0.0110166
0.0134661
0.0111524
0.0125084
0.00992587
0.0113431
0.0107434
0.00990261
0.0113239
0.0100427
0.0114529
0.0106669
0.0117416
0.011219
0.0100041
0.00911431
0.00968794
0.00847378
0.0112319
0.0101132
0.0109734
0.00939642
0.0110483
0.0109248
0.0106929
0.0105848
0.0124954
0.011955
0.00864075
0.010218
0.0124874
0.0109168
0.0119059
0.0120422
0.0126157
0.0105245
0.0124939
0.0125834
0.0126436
0.0132998
0.0102539
0.0114568
0.0144797
0.0116539
0.00876517
0.0116528
0.0120637
0.0106748
0.0115664
0.0111487
0.00830321
0.00821358
0.0105005
0.0103524
0.0112047
0.0111161
0.0123639
0.0117209
0.0112139
0.00905043
0.0122201
0.0127137
0.00845372
0.0143903
0.0123776
0.0113333
0.012042
0.0106925
0.0138063
0.0121648
0.0124474
0.0111693
0.0148719
0.0139384
0.0134025
0.0117684
0.012136
0.0126164
0.0105055
0.0104973
0.0105792
0.00969314
0.0118222
0.00914192
0.0100352
0.0106478
0.00817502
0.0112036
0.0106736
0.0109475
0.0103202
0.0107233
0.0118804
0.0113489
0.0101989
0.0106955
0.0120988
0.0133276
0.00924128
0.00953759
0.01169
0.011253
0.0126308
0.0122464
0.012347
0.0121284
0.0115896
0.014242
0.0131453
0.0115075
0.0144408
0.0132246
0.0127271
0.0118197
0.0113305
0.0110025
0.0155909
0.0106937
0.0121746
0.0131462
0.00960326
0.0118812
0.00986098
0.0109627
0.0117991
0.0115445
0.00937783
0.0098962
0.0141633
0.0092557
0.00848997
0.0172637
0.011406
0.0114168
0.0108344
0.0124485
0.0107296
0.00979203
0.0109792
0.0128582
0.011948
0.0135325
0.0119051
0.0116183
0.0140357
0.0166093
0.0100151
0.0095262
0.0115291
0.00973969
0.0116619
0.0112813
0.0113382
0.00830813
0.0117382
0.0108961
0.0130874
0.0116102
0.012167
0.010587
0.0115494
0.0116961
0.0115372
0.0123185
0.0139753
0.0132904
0.0118034
0.014869
0.0112361
0.0123891
0.0133857
0.0134668
0.012841
0.0100476
0.0119193
0.00919593
0.0129608
0.0108745
0.0118878
0.0111134
0.0121816
0.0113497
0.0105902
0.00975407
0.0128933
0.0115875
0.0122735
0.0120393
0.0118242
0.0138994
0.00988997
0.0173134
0.0118484
0.0106834
0.0171188
0.011463
0.0103601
0.0109116
0.0112179
0.00985508
0.00902553
0.0125268
0.0110693
0.00950353
0.0132871
0.0108392
0.010909
0.0109529
0.0114211
0.0132091
0.0136439
0.0123752
0.0117393
0.0111655
0.0120846
0.0114239
0.0110666
0.0127672
0.0134102
0.0110473
0.0107959
0.0115529
0.010442
0.015003
0.01396
0.0117023
0.0117871
0.0105678
0.00959968
0.0109977
0.0115847
0.0105373
0.0105608
0.0110111
0.0111739
0.0116758
0.0120113
0.0112103
0.0120927
0.0110575
0.0128477
0.00979241
0.0116874
0.0115113
0.0119048
0.0107813
0.0111388
0.0138251
0.0111065
0.0105981
0.0124874
0.00966668
0.0133532
0.0112393
0.0126226
0.0108191
0.00926349
0.01071
0.00993992
0.0123883
0.0115989
0.0110344
0.0123464
0.0109268
0.010934
0.0102335
0.0103911
0.0130887
0.0126183
0.0107771
0.0112134
0.011035
0.0093089
0.0105336
0.0121591
0.0110149
0.0106658
0.0117194
0.00990474
0.0116468
0.0108381
0.0109512
0.0115913
0.0122081
0.0121426
0.0110874
0.0106725
0.0115091
0.0107237
0.0119039
0.0109473
0.0145641
0.00976634
0.0111985
0.0112357
0.0113927
0.0111599
0.0108358
0.012293
0.00974775
0.0103361
0.0120761
0.00963699
0.0114816
0.0105778
0.0114442
0.012055
0.0114259
0.0115545
0.0112484
0.0108108
0.0111766
0.0102647
0.00954168
0.0106131
0.0118446
0.0132051
0.0093834
0.0110332
0.00931965
0.00989812
0.0115026
0.0119625
0.00908787
0.00825161
0.00988664
0.0108592
0.0109213
0.0111351
0.011843
0.0109378
0.012047
0.00869476
0.0146138
0.0109934
0.0113415
0.00925006
0.0104676
0.0101874
0.0111336
0.0108725
0.0105254
0.012557
0.0112148
0.0126739
0.0145149
0.0123738
0.0128972
0.00998808
0.00974208
0.0119247
0.0107336
0.0112121
0.0120141
0.0108589
0.0106255
0.0131218
0.00873745
0.0126219
0.0122192
0.0107242
0.0113044
0.0115072
0.0123223
0.0123323
0.0104069
0.0122148
0.0115446
0.0111604
0.0148818
0.0118447
0.0127795
0.0101194
0.010804
0.0104216
0.0107834
0.0104429
0.00914778
0.00952513
0.00917629
0.0124872
0.0102488
0.0132792
0.0104349
0.010188
0.0134816
0.0106042
0.0108755
0.0108166
0.0103893
0.010234
0.0120788
0.0110794
0.0124473
0.0119768
0.00867852
0.00926361
0.00976551
0.0120154
0.0105789
0.0110934
0.0130238
0.0111944
0.00981029
0.0111558
0.0110434
0.0128306
0.0125734
0.0120868
0.0104623
0.00966655
0.0117969
0.00940324
0.0110071
0.00986188
0.0108697
0.010344
0.0111747
0.00912802
0.011307
0.0125209
0.0112762
0.0102155
0.0131363
0.0115
0.011092
0.010904
0.0114238
0.0102441
0.0107272
0.0118004
0.0110539
0.0110583
0.0122668
0.0110313
0.0107218
0.0113673
0.0113665
0.0119975
0.0107977
0.00998392
0.0115392
0.0112983
0.0101704
0.0115698
0.0111688
0.0108721
0.0140948
0.0134028
0.0107813
0.0104372
0.00964947
0.0113681
0.00764036
0.0109536
0.00790253
0.0104324
0.00996005
0.00980726
0.0147405
0.0109898
0.00951039
0.0112152
0.0119869
0.011983
0.0115957
0.0102203
0.0100819
0.0107852
0.0110959
0.0110122
0.0128018
0.0117198
0.00993807
0.0107937
0.00964318
0.0127137
