2 1 7 199 185 184 5 190 186 
0 185 5 2 4 7 8 199 184 
0 199 8 4 1 5 7 185 198 
3 3 3 3 3 3 3 3 3 
5 7 8 2 1 6 185 190 0 
6 4 185 190 1 7 8 2 191 
5 7 191 190 186 188 184 185 189 
6 0 4 8 185 10 199 198 19 
10 2 4 7 9 199 11 19 5 
8 202 199 11 200 219 201 210 216 
8 11 7 19 198 4 0 6 185 
210 18 19 10 9 8 200 20 17 
3 3 3 3 3 3 3 3 3 
3 3 3 3 3 3 3 3 3 
3 3 3 3 3 3 3 3 3 
3 3 3 3 3 3 3 3 3 
17 209 213 210 237 238 204 212 217 
16 18 238 20 21 239 19 11 210 
17 19 11 20 210 10 192 7 194 
20 18 194 192 11 7 10 210 17 
19 192 21 17 18 11 210 194 193 
24 156 20 17 192 239 194 193 196 
3 3 3 3 3 3 3 3 3 
3 3 3 3 3 3 3 3 3 
25 21 147 26 156 192 193 194 20 
26 24 207 197 205 147 144 202 196 
25 24 205 147 144 156 146 158 204 
3 3 3 3 3 3 3 3 3 
3 3 3 3 3 3 3 3 3 
3 3 3 3 3 3 3 3 3 
3 3 3 3 3 3 3 3 3 
3 3 3 3 3 3 3 3 3 
33 34 279 36 40 41 274 278 142 
32 40 36 41 43 34 245 247 244 
32 279 52 40 42 53 41 43 33 
3 3 3 3 3 3 3 3 3 
32 33 278 41 279 246 247 37 50 
56 54 55 50 246 49 36 57 247 
3 3 3 3 3 3 3 3 3 
3 3 3 3 3 3 3 3 3 
33 43 41 34 245 36 247 244 240 
40 36 244 43 247 245 240 33 34 
43 240 250 34 41 249 242 245 241 
42 240 40 41 34 33 245 36 247 
3 3 3 3 3 3 3 3 3 
3 3 3 3 3 3 3 3 3 
3 3 3 3 3 3 3 3 3 
3 3 3 3 3 3 3 3 3 
49 50 54 276 143 138 139 53 52 
50 55 48 37 54 53 276 143 138 
276 49 48 37 278 36 54 53 143 
3 3 3 3 3 3 3 3 3 
53 250 34 54 252 58 59 253 249 
52 143 54 48 279 34 50 276 138 
55 59 56 37 48 52 252 53 49 
54 49 37 48 50 246 56 36 52 
59 57 58 54 37 246 247 36 253 
56 58 247 246 37 36 253 59 252 
253 59 56 57 252 247 255 246 37 
54 56 58 252 253 247 57 246 37 
3 3 3 3 3 3 3 3 3 
3 3 3 3 3 3 3 3 3 
3 3 3 3 3 3 3 3 3 
3 3 3 3 3 3 3 3 3 
65 67 73 88 66 74 75 153 152 
64 160 72 88 73 161 86 162 70 
67 64 75 74 153 152 71 154 159 
71 64 154 66 153 159 69 75 152 
164 70 88 69 89 73 71 72 162 
68 159 73 71 74 67 70 88 66 
71 68 88 164 72 73 89 69 160 
67 70 69 88 68 160 65 89 64 
73 65 160 68 162 164 165 90 89 
72 64 74 69 68 65 164 160 162 
73 75 66 69 64 159 67 153 152 
232 66 74 159 152 67 64 153 156 
3 3 3 3 3 3 3 3 3 
3 3 3 3 3 3 3 3 3 
3 3 3 3 3 3 3 3 3 
3 3 3 3 3 3 3 3 3 
165 81 290 289 90 97 82 295 98 
82 87 80 161 290 165 90 289 97 
81 87 295 294 290 97 80 98 293 
3 3 3 3 3 3 3 3 3 
85 105 106 91 87 289 294 107 97 
84 91 86 87 89 106 289 105 160 
85 89 87 161 88 160 65 162 72 
81 106 82 86 84 85 161 294 289 
89 68 64 160 86 65 71 70 161 
88 91 164 90 86 68 85 162 165 
91 165 289 89 164 80 162 72 68 
85 90 289 89 84 106 87 105 164 
3 3 3 3 3 3 3 3 3 
3 3 3 3 3 3 3 3 3 
3 3 3 3 3 3 3 3 3 
3 3 3 3 3 3 3 3 3 
97 104 98 107 103 288 105 289 290 
96 98 290 104 288 289 103 107 105 
102 96 97 103 100 291 290 104 107 
3 3 3 3 3 3 3 3 3 
101 102 103 291 98 294 107 292 106 
100 294 291 292 293 106 82 295 107 
103 98 100 294 291 107 101 96 97 
102 100 98 96 107 104 97 294 291 
96 105 107 288 97 103 98 289 290 
104 106 84 107 288 289 87 91 85 
107 87 105 84 294 289 91 85 288 
106 104 294 96 105 103 100 97 98 
3 3 3 3 3 3 3 3 3 
3 3 3 3 3 3 3 3 3 
3 3 3 3 3 3 3 3 3 
3 3 3 3 3 3 3 3 3 
114 113 223 118 115 221 263 260 120 
112 263 223 260 115 114 221 118 220 
262 117 112 263 115 113 223 221 118 
119 112 123 114 122 118 117 121 120 
117 118 221 119 262 112 122 115 263 
114 116 119 262 115 221 263 118 122 
116 119 112 115 221 122 113 114 223 
122 117 116 115 118 112 221 123 262 
121 123 115 122 112 118 119 114 117 
120 123 115 112 118 122 119 114 117 
119 123 115 118 112 221 116 117 120 
122 120 115 121 118 119 112 114 117 
3 3 3 3 3 3 3 3 3 
3 3 3 3 3 3 3 3 3 
3 3 3 3 3 3 3 3 3 
3 3 3 3 3 3 3 3 3 
129 130 214 215 142 213 236 141 136 
128 130 133 214 136 132 215 230 228 
136 214 128 141 215 236 213 143 142 
3 3 3 3 3 3 3 3 3 
133 215 129 228 230 140 231 226 224 
136 129 224 132 272 231 137 225 273 
3 3 3 3 3 3 3 3 3 
3 3 3 3 3 3 3 3 3 
130 137 139 133 129 143 224 132 231 
136 272 139 133 224 132 231 129 130 
139 276 272 277 48 54 50 53 143 
138 136 137 143 272 48 54 50 53 
141 236 229 230 226 228 148 132 149 
140 226 130 142 236 229 228 230 143 
143 225 279 141 226 130 140 236 48 
53 139 142 48 136 130 279 54 50 
145 147 204 149 205 146 212 213 26 
144 212 149 215 213 204 146 26 147 
235 147 144 158 149 156 26 24 204 
158 144 24 146 26 156 21 239 157 
149 229 235 228 236 140 213 141 130 
148 215 145 144 228 235 146 236 229 
3 3 3 3 3 3 3 3 3 
3 3 3 3 3 3 3 3 3 
153 233 232 156 66 75 239 157 24 
154 157 152 67 66 64 75 74 156 
153 159 67 157 66 71 64 69 156 
3 3 3 3 3 3 3 3 3 
157 158 21 24 147 152 239 192 26 
156 153 158 159 154 152 24 21 239 
147 156 159 157 146 235 234 232 233 
154 158 69 157 67 75 74 232 234 
161 162 65 88 86 72 73 64 87 
165 81 160 86 162 87 65 72 88 
165 160 161 164 72 90 89 68 65 
3 3 3 3 3 3 3 3 3 
68 89 165 90 162 72 160 161 80 
80 161 90 164 162 81 89 72 68 
3 3 3 3 3 3 3 3 3 
3 3 3 3 3 3 3 3 3 
3 3 3 3 3 3 3 3 3 
3 3 3 3 3 3 3 3 3 
3 3 3 3 3 3 3 3 3 
3 3 3 3 3 3 3 3 3 
3 3 3 3 3 3 3 3 3 
3 3 3 3 3 3 3 3 3 
3 3 3 3 3 3 3 3 3 
3 3 3 3 3 3 3 3 3 
178 177 188 189 186 184 190 180 179 
176 180 178 179 189 188 186 181 184 
180 176 177 189 179 186 188 181 184 
180 178 177 181 176 186 189 188 184 
178 179 181 177 176 186 189 188 184 
180 179 177 178 176 186 189 188 184 
3 3 3 3 3 3 3 3 3 
3 3 3 3 3 3 3 3 3 
186 190 185 189 0 5 1 7 176 
184 186 1 5 190 7 0 199 2 
184 185 188 191 7 189 178 176 190 
3 3 3 3 3 3 3 3 3 
191 176 189 190 186 177 178 184 185 
188 184 178 176 190 186 185 177 180 
191 184 188 6 189 5 185 186 7 
188 190 6 186 7 5 184 185 176 
194 193 20 196 19 24 21 198 7 
192 196 24 197 194 20 21 19 202 
192 198 19 196 7 193 20 21 24 
3 3 3 3 3 3 3 3 3 
197 193 202 192 194 198 20 21 24 
196 207 201 25 193 202 9 198 192 
199 194 196 202 7 9 201 197 10 
198 2 0 9 8 7 202 194 196 
201 210 219 216 11 208 9 218 206 
197 202 207 200 219 9 210 216 208 
201 196 9 198 197 200 11 199 8 
3 3 3 3 3 3 3 3 3 
205 144 217 213 212 237 209 130 215 
204 207 26 144 25 213 217 147 24 
259 207 219 257 218 217 260 220 222 
197 25 205 206 219 201 217 260 259 
209 217 216 210 200 219 9 201 11 
208 213 210 16 217 200 216 204 212 
11 209 208 16 18 200 19 20 17 
3 3 3 3 3 3 3 3 3 
213 215 145 144 214 132 130 149 204 
212 209 217 16 236 130 215 204 237 
215 130 128 129 212 213 132 145 149 
214 212 149 132 130 145 213 144 128 
257 256 208 217 218 200 219 9 201 
204 257 213 208 216 206 207 209 144 
219 206 260 216 223 256 222 200 9 
218 206 207 200 9 201 210 216 208 
221 260 263 222 218 223 112 118 262 
116 262 112 220 223 222 118 263 113 
223 220 221 260 218 263 200 256 206 
112 222 221 260 258 113 256 261 218 
225 133 273 272 231 142 226 279 274 
224 231 226 273 142 279 272 133 141 
225 141 231 142 230 140 229 228 236 
3 3 3 3 3 3 3 3 3 
229 230 132 149 140 148 236 235 226 
228 140 148 236 235 149 226 230 141 
231 228 132 226 140 229 236 141 148 
225 230 226 224 133 273 272 140 228 
233 75 234 152 159 158 235 156 66 
232 152 239 234 235 158 159 156 66 
235 232 159 233 158 152 75 156 146 
234 146 239 238 158 148 236 149 233 
237 140 130 213 229 235 141 148 149 
236 238 16 213 204 212 209 217 130 
239 237 17 235 16 213 236 156 152 
238 233 235 21 152 17 156 24 157 
241 43 42 242 245 250 249 41 40 
242 240 249 248 244 254 255 41 43 
241 245 244 240 41 248 247 255 249 
3 3 3 3 3 3 3 3 3 
245 242 247 255 248 41 40 36 33 
242 244 240 41 40 36 33 43 247 
247 37 57 36 56 49 50 54 55 
246 253 244 57 58 255 41 36 37 
254 249 255 244 241 41 242 247 245 
250 248 241 255 254 252 240 244 41 
249 52 42 252 240 53 54 34 41 
3 3 3 3 3 3 3 3 3 
255 253 52 250 54 59 58 249 56 
252 58 255 247 56 59 57 246 41 
255 248 249 244 241 247 252 253 240 
254 252 253 248 249 244 247 41 242 
257 216 223 258 218 261 259 206 217 
258 256 216 206 217 259 223 261 218 
257 259 261 223 256 112 218 222 221 
206 258 260 261 257 223 256 218 217 
263 259 220 261 222 223 218 206 113 
260 259 258 223 257 256 206 220 218 
114 263 221 116 117 112 220 118 222 
262 260 114 113 220 112 221 115 223 
3 3 3 3 3 3 3 3 3 
3 3 3 3 3 3 3 3 3 
3 3 3 3 3 3 3 3 3 
3 3 3 3 3 3 3 3 3 
3 3 3 3 3 3 3 3 3 
3 3 3 3 3 3 3 3 3 
3 3 3 3 3 3 3 3 3 
3 3 3 3 3 3 3 3 3 
137 277 224 138 133 139 273 225 231 
274 225 224 277 272 231 133 279 278 
273 278 279 142 32 143 36 34 53 
3 3 3 3 3 3 3 3 3 
50 138 277 48 278 54 53 143 49 
276 272 138 278 273 48 139 274 36 
279 274 36 277 276 50 273 246 41 
278 32 34 142 274 36 143 53 225 
3 3 3 3 3 3 3 3 3 
3 3 3 3 3 3 3 3 3 
3 3 3 3 3 3 3 3 3 
3 3 3 3 3 3 3 3 3 
3 3 3 3 3 3 3 3 3 
3 3 3 3 3 3 3 3 3 
3 3 3 3 3 3 3 3 3 
3 3 3 3 3 3 3 3 3 
104 289 97 105 96 98 290 84 106 
290 288 91 90 97 84 80 106 87 
289 97 291 293 81 80 295 82 98 
292 290 101 100 98 293 294 97 80 
291 101 293 294 290 295 100 98 106 
295 294 292 290 291 101 97 80 81 
293 101 107 295 292 82 106 87 100 
293 82 294 290 97 80 81 98 291 
3 3 3 3 3 3 3 3 3 
3 3 3 3 3 3 3 3 3 
3 3 3 3 3 3 3 3 3 
3 3 3 3 3 3 3 3 3 
3 3 3 3 3 3 3 3 3 
3 3 3 3 3 3 3 3 3 
3 3 3 3 3 3 3 3 3 
3 3 3 3 3 3 3 3 3 
