0 1 7 166
1 30 3 0
2 3 28 256
3 5 1 2
4 5 263 10
5 6 3 4
6 7 5 8
7 160 0 6
8 9 143 6
9 11 15 8
10 11 4 248
11 13 9 10
12 13 255 18
13 15 11 12
14 15 17 136
15 9 13 14
16 17 23 150
17 14 19 16
18 19 12 240
19 21 17 18
20 21 247 26
21 22 19 20
22 23 21 25
23 144 16 22
24 25 31 158
25 22 27 24
26 27 20 264
27 29 25 26
28 29 271 2
29 31 27 28
30 31 1 152
31 24 29 30
32 33 39 47
33 72 34 32
34 35 33 78
35 56 36 34
36 37 35 63
37 68 38 36
38 39 37 66
39 40 32 38
40 41 47 39
41 66 43 40
42 43 65 304
43 45 41 42
44 45 311 74
45 46 43 44
46 47 45 72
47 32 40 46
48 49 55 90
49 320 50 48
50 51 49 326
51 102 53 50
52 53 101 120
53 55 51 52
54 55 127 92
55 48 53 54
56 57 63 35
57 78 59 56
58 59 77 104
59 61 57 58
60 61 111 70
61 62 59 60
62 63 61 68
63 36 56 62
64 65 71 96
65 42 67 64
66 67 41 38
67 69 65 66
68 69 37 62
69 70 67 68
70 71 69 60
71 98 64 70
72 73 33 46
73 74 79 72
74 75 73 44
75 88 76 74
76 77 75 94
77 58 79 76
78 79 57 34
79 73 77 78
80 81 87 306
81 316 82 80
82 83 81 315
83 324 84 82
84 85 83 323
85 332 86 84
86 87 85 331
87 308 80 86
88 89 75 328
89 91 95 88
90 91 335 48
91 92 89 90
92 93 91 54
93 112 95 92
94 95 118 76
95 89 93 94
96 97 318 64
97 99 103 96
98 99 71 128
99 100 97 98
100 101 99 134
101 52 103 100
102 103 51 312
103 97 101 102
104 105 111 58
105 118 107 104
106 107 117 196
107 109 105 106
108 109 195 130
109 110 107 108
110 111 109 128
111 60 104 110
112 113 93 126
113 114 119 112
114 115 113 124
115 172 116 114
116 117 115 171
117 106 119 116
118 119 105 94
119 113 117 118
120 121 127 52
121 134 123 120
122 123 133 180
123 125 121 122
124 125 178 114
125 126 123 124
126 127 125 112
127 54 120 126
128 129 98 110
129 130 135 128
130 131 129 108
131 188 132 130
132 133 131 186
133 122 135 132
134 135 121 100
135 129 133 134
136 137 143 14
137 150 139 136
138 139 149 208
139 141 137 138
140 141 215 162
141 142 139 140
142 143 141 160
143 8 136 142
144 145 151 23
145 158 146 144
146 147 145 157
147 200 148 146
148 149 147 206
149 138 151 148
150 151 137 16
151 144 149 150
152 153 159 30
153 166 155 152
154 155 165 224
155 156 153 154
156 157 155 230
157 146 159 156
158 159 145 24
159 152 157 158
160 161 7 142
161 162 167 160
162 163 161 140
163 216 164 162
164 165 163 222
165 154 167 164
166 167 153 0
167 161 165 166
168 169 175 203
169 198 170 168
170 171 169 197
171 116 173 170
172 173 115 178
173 175 171 172
174 175 177 204
175 168 173 174
176 177 183 210
177 174 179 176
178 179 172 124
179 181 177 178
180 181 122 186
181 182 179 180
182 183 181 184
183 212 176 182
184 185 219 182
185 187 191 184
186 187 180 132
187 188 185 186
188 189 187 131
189 194 191 188
190 191 193 220
191 185 189 190
192 193 199 226
193 190 194 192
194 195 193 189
195 108 196 194
196 197 195 106
197 170 199 196
198 199 169 228
199 192 197 198
200 201 147 230
201 202 207 200
202 203 201 229
203 168 204 202
204 205 203 174
205 210 207 204
206 207 209 148
207 201 205 206
208 209 215 138
209 206 211 208
210 211 205 176
211 213 209 210
212 213 183 218
213 214 211 212
214 215 213 216
215 140 208 214
216 217 163 214
217 218 223 216
218 219 217 212
219 184 220 218
220 221 219 190
221 226 223 220
222 223 225 164
223 217 221 222
224 225 231 154
225 222 227 224
226 227 221 192
227 228 225 226
228 229 227 198
229 202 231 228
230 231 200 156
231 224 229 230
232 233 239 275
233 300 234 232
234 235 233 299
235 292 236 234
236 237 235 291
237 284 238 236
238 239 237 283
239 276 232 238
240 241 247 18
241 254 243 240
242 243 252 272
243 245 241 242
244 245 279 266
245 246 243 244
246 247 245 265
247 20 240 246
248 249 255 10
249 262 251 248
250 251 260 296
251 253 249 250
252 253 303 242
253 254 251 252
254 255 253 241
255 12 248 254
256 257 263 2
257 270 259 256
258 259 268 288
259 261 257 258
260 261 295 250
261 262 259 260
262 263 261 249
263 4 256 262
264 265 271 26
265 246 267 264
266 267 244 280
267 269 265 266
268 269 287 258
269 270 267 268
270 271 269 257
271 28 264 270
272 273 279 242
273 302 274 272
274 275 273 301
275 232 276 274
276 277 275 239
277 282 278 276
278 279 277 281
279 244 272 278
280 281 287 266
281 278 282 280
282 283 281 277
283 238 284 282
284 285 283 237
285 290 286 284
286 287 285 289
287 268 280 286
288 289 295 258
289 286 290 288
290 291 289 285
291 236 292 290
292 293 291 235
293 298 294 292
294 295 293 297
295 260 288 294
296 297 303 250
297 294 298 296
298 299 297 293
299 234 300 298
300 301 299 233
301 274 302 300
302 303 301 273
303 252 296 302
304 305 311 42
305 318 307 304
306 307 317 80
307 309 305 306
308 309 87 330
309 310 307 308
310 311 309 328
311 44 304 310
312 313 319 102
313 326 314 312
314 315 313 325
315 82 316 314
316 317 315 81
317 306 319 316
318 319 305 96
319 312 317 318
320 321 49 334
321 322 327 320
322 323 321 333
323 84 324 322
324 325 323 83
325 314 327 324
326 327 313 50
327 321 325 326
328 329 88 310
329 330 335 328
330 331 329 308
331 86 332 330
332 333 331 85
333 322 334 332
334 335 333 320
335 90 329 334
