0.0143215 0.206621 0.0596067
0.297642 0.0546801 0.0143215
9.52826e-006 0.286949 0.0500448
0.191017 0.0546801 9.52826e-006
9.88268e-006 0.0500447 0.286947
0.0607828 0.191017 9.88268e-006
0.00212516 0.0607828 0.302737
0.0903476 0.206621 0.00212516
0.0088716 0.0234695 0.302737
0.0461865 0.213157 0.0088716
1.3542e-006 0.286947 0.0516089
0.208171 0.0461865 1.3542e-006
4.6185e-006 0.0516109 0.286936
0.0433399 0.208171 4.6185e-006
0.00896128 0.302245 0.0130467
0.213157 0.0433399 0.00896128
0.00212393 0.206361 0.0593177
0.302245 0.052521 0.00212393
2.09738e-005 0.286936 0.0500467
0.190997 0.052521 2.09738e-005
1.60289e-007 0.0500389 0.286937
0.0464365 0.190997 1.60289e-007
0.0143503 0.0464365 0.294079
0.0594059 0.206361 0.0143503
0.00354399 0.210268 0.0417809
0.294079 0.0492523 0.00354399
4.48724e-006 0.286937 0.0516093
0.208178 0.0492523 4.48724e-006
2.92823e-006 0.0516101 0.286949
0.0505166 0.208178 2.92823e-006
0.00354129 0.297642 0.0433517
0.210268 0.0505166 0.00354129
0.0284369 0.143862 0.232393
0.0880461 0.491622 0.0284369
0.0284336 0.491622 0.0880483
0.232394 0.14386 0.0284336
0.0284336 0.14386 0.232394
0.08804 0.491622 0.0284336
0.0284369 0.491622 0.0880377
0.232393 0.143862 0.0284369
0.0295917 0.0740273 0.232393
0.192012 0.0417597 0.0295917
0.00297217 0.166836 0.0424526
0.0418446 0.0417597 0.00297217
0.00297282 0.0424521 0.166827
0.0417587 0.0418446 0.00297282
0.0295905 0.0417587 0.192014
0.232393 0.0740273 0.0295905
0.0138215 0.363321 0.333634
0.054843 0.224416 0.0138215
0.0138134 0.224416 0.0548381
0.33363 0.363329 0.0138134
0.00621181 0.201661 0.15294
0.113337 0.363329 0.00621181
0.00620931 0.152938 0.201649
0.363321 0.113337 0.00620931
0.0295878 0.0740243 0.232394
0.192019 0.0655918 0.0295878
0.0152704 0.173557 0.0122443
0.0419624 0.0655918 0.0152704
0.0152698 0.012244 0.173565
0.0655928 0.0419624 0.0152698
0.029589 0.0655928 0.192017
0.232394 0.0740243 0.029589
0.0871295 0.511379 0.0527376
0.166836 0.0894788 0.0871295
0.00590951 0.192012 0.0880377
0.499055 0.0894788 0.00590951
0.00591305 0.08804 0.192017
0.107437 0.499055 0.00591305
0.02011 0.107437 0.173565
0.0454634 0.511379 0.02011
0.00592437 0.0880461 0.192014
0.0894705 0.499079 0.00592437
0.0871321 0.0894705 0.166827
0.0527404 0.51139 0.0871321
0.0201144 0.51139 0.0454632
0.173557 0.107428 0.0201144
0.00592792 0.192019 0.0880483
0.499079 0.107428 0.00592792
0.00538177 0.0275738 0.0276305
0.054815 0.0226506 0.00538177
0.00306158 0.0226506 0.0692798
0.062986 0.0251434 0.00306158
0.00306161 0.0251434 0.062986
0.0692797 0.0226506 0.00306161
0.00538184 0.0226506 0.0548149
0.0276303 0.0275738 0.00538184
0.168361 0.0527404 0.0963717
0.118164 0.33583 0.168361
0.00650594 0.0981382 0.333634
0.318264 0.118164 0.00650594
0.00502544 0.318264 0.201649
0.205124 0.0809046 0.00502544
0.0609675 0.165626 0.0454632
0.33583 0.0809046 0.0609675
0.168392 0.0963814 0.0527376
0.335792 0.118166 0.168392
0.0609631 0.0454634 0.165631
0.0809015 0.335792 0.0609631
0.00500934 0.0809015 0.205125
0.201661 0.318208 0.00500934
0.0065601 0.33363 0.0981449
0.118166 0.318208 0.0065601
0.0104834 0.0164657 0.0122443
0.0173221 0.010421 0.0104834
2.71791e-005 0.000211398 0.00158464
0.000168634 0.010421 2.71791e-005
2.7169e-005 0.00158373 0.000211348
0.010421 0.000168634 2.7169e-005
0.0104834 0.010421 0.0173223
0.012244 0.0164657 0.0104834
0.00120899 0.205124 0.0286203
0.0321052 0.0197855 0.00120899
1.88658e-005 0.0321052 0.000246165
0.00192759 0.000214454 1.88658e-005
6.40798e-005 0.000214454 0.00264844
0.000211398 0.0370753 6.40798e-005
0.0184749 0.0173221 0.165626
0.0197855 0.0370753 0.0184749
0.00128314 0.0141637 0.15294
0.0286198 0.0213778 0.00128314
1.8904e-005 0.000246112 0.00146573
0.00010747 0.0213778 1.8904e-005
1.89084e-005 0.00146628 0.000246165
0.021378 0.00010747 1.89084e-005
0.00128337 0.021378 0.0286203
0.152938 0.0141637 0.00128337
0.0184755 0.165631 0.0173223
0.0370761 0.0197861 0.0184755
6.40707e-005 0.0370761 0.000211348
0.00264266 0.000214416 6.40707e-005
1.88682e-005 0.000214416 0.00192375
0.000246112 0.0321058 1.88682e-005
0.0012107 0.0286198 0.205125
0.0197861 0.0321058 0.0012107
0.0243207 0.198578 0.0130467
0.323681 0.00712626 0.0243207
0.026718 0.336876 0.0227897
0.163446 0.00712626 0.026718
0.0239271 0.0224955 0.335324
0.017347 0.163446 0.0239271
0.0228284 0.017347 0.324739
0.0234695 0.198578 0.0228284
0.046134 0.199581 0.0594059
0.250189 0.0447392 0.046134
0.0546829 0.0447392 0.253958
0.0450956 0.24483 0.0546829
0.00846239 0.24483 0.00720649
0.336876 0.0710056 0.00846239
0.00708044 0.323681 0.0593177
0.199581 0.0710056 0.00708044
0.0104848 0.199595 0.0433517
0.292121 0.0460291 0.0104848
0.0116053 0.252862 0.0103454
0.182564 0.0460291 0.0116053
0.0125796 0.182564 0.0106703
0.253958 0.0538184 0.0125796
0.0107799 0.250189 0.0417809
0.199595 0.0538184 0.0107799
0.00675916 0.0903476 0.324739
0.0966809 0.228977 0.00675916
0.00698548 0.0966809 0.335324
0.00601548 0.223066 0.00698548
0.045623 0.223066 0.0389871
0.252862 0.0470081 0.045623
0.0443133 0.292121 0.0596067
0.228977 0.0470081 0.0443133
0.0437507 0.251429 0.000802443
0.226206 0.438643 0.0437507
0.00079738 0.438643 0.00152911
0.00264844 0.0020405 0.00079738
0.000271845 0.00192759 0.00206183
0.397819 0.0020405 0.000271845
0.00765278 0.346385 0.00716957
0.251429 0.397819 0.00765278
0.0212145 0.135363 0.0215969
0.346385 0.464374 0.0212145
0.000192097 0.00206183 0.00146628
0.000616324 0.464374 0.000192097
0.000191947 0.00146573 0.00205884
0.446884 0.000616324 0.000191947
0.0207373 0.446884 0.344454
0.0204904 0.135363 0.0207373
0.00364379 0.00523512 0.344454
0.328122 0.228493 0.00364379
0.000271462 0.00205884 0.00192375
0.00203687 0.328122 0.000271462
0.000794997 0.00203687 0.00264266
0.00152718 0.333906 0.000794997
0.0421772 0.221694 0.0411397
0.228493 0.333906 0.0421772
0.00856245 0.172871 0.0102599
0.221694 0.414846 0.00856245
0.000294575 0.414846 0.00152718
0.00158373 0.00118485 0.000294575
0.000294622 0.00118485 0.00158464
0.00152911 0.445852 0.000294622
0.0101535 0.226206 0.00991157
0.172871 0.445852 0.0101535
0.0448662 0.0450956 0.232835
0.0424079 0.251108 0.0448662
0.0425824 0.0424079 0.226451
0.000802443 0.2513 0.0425824
0.00782508 0.2513 0.00716957
0.346161 0.00793318 0.00782508
0.00711412 0.344593 0.00720649
0.251108 0.00793318 0.00711412
0.0219844 0.141331 0.0227897
0.344593 0.0215011 0.0219844
0.0216518 0.346161 0.0215969
0.13555 0.0215011 0.0216518
0.0208282 0.0204904 0.344397
0.0210699 0.13555 0.0208282
0.0210148 0.0210699 0.342888
0.0224955 0.141331 0.0210148
0.005901 0.00601548 0.342888
0.00536592 0.228974 0.005901
0.00453147 0.00536592 0.344397
0.00523512 0.228856 0.00453147
0.0367694 0.228856 0.0411397
0.221676 0.0359948 0.0367694
0.0380412 0.229246 0.0389871
0.228974 0.0359948 0.0380412
0.00997865 0.174734 0.0103454
0.229246 0.00974482 0.00997865
0.0103968 0.221676 0.0102599
0.172937 0.00974482 0.0103968
0.0107262 0.172937 0.00991157
0.226451 0.01064 0.0107262
0.0104705 0.232835 0.0106703
0.174734 0.01064 0.0104705
0.000766049 0.0036748 0.0117925
0.0113664 0.00385266 0.000766049
0.000766038 0.00385266 0.0113664
0.0117922 0.00367478 0.000766038
0.000766033 0.00367478 0.0117922
0.0113663 0.00385266 0.000766033
0.000766045 0.00385266 0.0113663
0.0117925 0.0036748 0.000766045
5.10196e-007 0.18165 0.0500467
0.271855 0.0170617 5.10196e-007
4.23091e-006 0.265067 2.15034e-006
0.177399 0.0170617 4.23091e-006
4.33406e-006 2.23057e-006 0.265067
0.0170618 0.177399 4.33406e-006
3.21463e-007 0.0170618 0.271855
0.0500389 0.18165 3.21463e-007
3.81768e-007 0.197205 0.0516089
0.271857 0.0175011 3.81768e-007
9.28066e-007 0.265073 8.04051e-007
0.192269 0.0175011 9.28066e-007
2.30423e-007 3.82555e-007 0.265067
0.0175005 0.192269 2.30423e-007
1.01051e-006 0.0175005 0.271855
0.0516109 0.197205 1.01051e-006
9.27672e-006 0.181632 0.0500448
0.271857 0.0170551 9.27672e-006
3.22364e-006 0.265073 1.04818e-005
0.1774 0.0170551 3.22364e-006
3.33271e-006 1.04211e-005 0.265073
0.017055 0.1774 3.33271e-006
9.08935e-006 0.017055 0.271857
0.0500447 0.181632 9.08935e-006
7.00488e-007 0.197202 0.0516093
0.271855 0.0175005 7.00488e-007
1.81237e-007 0.265067 1.194e-006
0.192269 0.0175005 1.81237e-007
8.57665e-007 7.93588e-007 0.265073
0.0175011 0.192269 8.57665e-007
2.0852e-006 0.0175011 0.271857
0.0516101 0.197202 2.0852e-006
1.16573e-005 0.177405 2.15034e-006
0.265067 0.628403 1.16573e-005
0.00455937 0.628403 0.00821623
0.0117925 0.0111822 0.00455937
0.00455936 0.0111822 0.0117925
0.00821625 0.628403 0.00455936
1.1083e-005 0.628403 0.265067
2.23057e-006 0.177405 1.1083e-005
4.37289e-006 0.19227 1.194e-006
0.265067 0.633378 4.37289e-006
0.00451147 0.633378 0.00821625
0.0113663 0.011724 0.00451147
0.00451147 0.011724 0.0113663
0.00821625 0.633374 0.00451147
3.39693e-007 0.633374 0.265071
7.93588e-007 0.19227 3.39693e-007
9.41579e-006 0.177392 1.04818e-005
0.265071 0.62839 9.41579e-006
0.00455905 0.62839 0.00821625
0.0117922 0.0111818 0.00455905
0.00455907 0.0111818 0.0117922
0.00821623 0.62839 0.00455907
8.85e-006 0.62839 0.265071
1.04211e-005 0.177392 8.85e-006
3.62629e-007 0.19227 8.04051e-007
0.265071 0.633375 3.62629e-007
0.00451154 0.633375 0.00821623
0.0113664 0.011724 0.00451154
0.00451154 0.011724 0.0113664
0.00821623 0.63338 0.00451154
4.35227e-006 0.63338 0.265067
3.82555e-007 0.19227 4.35227e-006
0.000104563 0.0619589 0.0424526
0.118505 0.0269396 0.000104563
0.00820092 0.0336767 0.0276305
0.0395528 0.0269396 0.00820092
0.00820112 0.0276303 0.0336765
0.0269398 0.0395528 0.00820112
0.000104404 0.0269398 0.118507
0.0424521 0.0619589 0.000104404
0.0179072 0.16411 0.0981449
0.310253 0.276429 0.0179072
0.0321636 0.276429 0.0536804
0.0692798 0.0557099 0.0321636
0.0117244 0.0557099 0.054815
0.0336767 0.191857 0.0117244
0.0960447 0.118505 0.0963814
0.16411 0.191857 0.0960447
0.0420715 0.054843 0.31025
0.304877 0.195169 0.0420715
0.0232156 0.304877 0.0536803
0.062986 0.0665314 0.0232156
0.0232155 0.0665314 0.062986
0.0536804 0.304876 0.0232155
0.0420765 0.310253 0.0548381
0.195169 0.304876 0.0420765
0.0960572 0.0963717 0.118507
0.191872 0.164115 0.0960572
0.0117244 0.191872 0.0336765
0.0548149 0.0557099 0.0117244
0.0321636 0.0557099 0.0692797
0.0536803 0.276418 0.0321636
0.0179394 0.276418 0.31025
0.0981382 0.164115 0.0179394
