0.303431 0.327415 0.132152
0.352716 0.148796 0.303431
0.419844 0.489304 0.217864
0.450671 0.148796 0.419844
0.419844 0.217863 0.489303
0.147834 0.450671 0.419844
0.305616 0.147834 0.354249
0.125881 0.327415 0.305616
0.303153 0.140399 0.354249
0.144563 0.330513 0.303153
0.41958 0.489303 0.209441
0.458365 0.144563 0.41958
0.419584 0.209435 0.489297
0.144998 0.458365 0.419584
0.306544 0.354336 0.141904
0.330513 0.144998 0.306544
0.306924 0.327764 0.130173
0.354336 0.149132 0.306924
0.419856 0.489297 0.217865
0.450666 0.149132 0.419856
0.419851 0.217867 0.4893
0.150094 0.450666 0.419851
0.304856 0.150094 0.352203
0.13218 0.327764 0.304856
0.307477 0.329309 0.131655
0.352203 0.144093 0.307477
0.419576 0.4893 0.209435
0.458367 0.144093 0.419576
0.419579 0.209441 0.489304
0.143907 0.458367 0.419579
0.305119 0.352716 0.131439
0.329309 0.143907 0.305119
0.200274 0.0916336 0.226464
0.0689137 0.303835 0.200274
0.200275 0.303835 0.0689145
0.226464 0.0916335 0.200275
0.200275 0.0916335 0.226464
0.068914 0.303835 0.200275
0.200274 0.303835 0.0689131
0.226464 0.0916336 0.200274
0.209462 0.169346 0.226464
0.207211 0.320723 0.209462
0.375048 0.499524 0.522205
0.223612 0.320723 0.375048
0.375039 0.522202 0.499524
0.320712 0.223612 0.375039
0.209462 0.320712 0.207203
0.226464 0.169346 0.209462
0.724776 0.984675 0.104211
0.745408 0.0952348 0.724776
0.72477 0.0952348 0.745405
0.104211 0.984684 0.72477
0.689053 0.143668 0.76186
0.142043 0.984684 0.689053
0.689052 0.761848 0.14367
0.984675 0.142043 0.689052
0.209462 0.169345 0.226464
0.207204 0.32805 0.209462
0.390807 0.503165 0.525129
0.260966 0.32805 0.390807
0.390815 0.525132 0.503165
0.328061 0.260966 0.390815
0.209462 0.328061 0.207212
0.226464 0.169345 0.209462
0.428749 0.695363 0.13561
0.499524 0.12976 0.428749
0.199595 0.207211 0.0689131
0.395713 0.12976 0.199595
0.199595 0.068914 0.207212
0.131899 0.395713 0.199595
0.406867 0.131899 0.503165
0.142182 0.695363 0.406867
0.199587 0.0689137 0.207203
0.129765 0.395715 0.199587
0.42875 0.129765 0.499524
0.135613 0.69537 0.42875
0.406869 0.69537 0.142185
0.503165 0.131904 0.406869
0.199586 0.207204 0.0689145
0.395715 0.131904 0.199586
0.612467 0.632374 0.386743
0.530112 0.528176 0.612467
0.594726 0.528176 0.481846
0.479207 0.583571 0.594726
0.594724 0.583571 0.479204
0.481846 0.528173 0.594724
0.612465 0.528173 0.530111
0.38674 0.632374 0.612465
1.00363 0.135613 1.00635
0.0915179 1.11688 1.00363
0.757634 0.821306 0.104211
1.0202 0.0915179 0.757634
0.699434 1.0202 0.14367
0.83875 0.0972501 0.699434
0.867883 1.01089 0.142185
1.11688 0.0972501 0.867883
1.00366 1.00636 0.13561
1.11684 0.0915158 1.00366
0.86788 0.142182 1.01089
0.0972498 1.11684 0.86788
0.699443 0.0972498 0.838749
0.143668 1.02016 0.699443
0.757676 0.104211 0.821313
0.0915158 1.02016 0.757676
0.535566 0.339903 0.525129
0.395438 0.379172 0.535566
0.367074 0.24148 0.227715
0.282358 0.379172 0.367074
0.367109 0.2277 0.241508
0.379175 0.282358 0.367109
0.535569 0.379175 0.395438
0.525132 0.339903 0.535569
0.509104 0.83875 0.318289
0.477157 0.20386 0.509104
0.315009 0.477157 0.308885
0.22851 0.198965 0.315009
0.402087 0.198965 0.251866
0.24148 0.510729 0.402087
0.605676 0.395438 1.01089
0.20386 0.510729 0.605676
0.62849 0.341821 0.76186
0.318295 0.486845 0.62849
0.488058 0.308913 0.292961
0.336486 0.486845 0.488058
0.488027 0.292977 0.308885
0.486845 0.336486 0.488027
0.62848 0.486845 0.318289
0.761848 0.341821 0.62848
0.605673 1.01089 0.395438
0.510729 0.203857 0.605673
0.40213 0.510729 0.241508
0.251871 0.199012 0.40213
0.315051 0.199012 0.228512
0.308913 0.477158 0.315051
0.509104 0.318295 0.838749
0.203857 0.477158 0.509104
0.220268 0.198938 0.141904
0.221381 0.175704 0.220268
0.201908 0.120468 0.222627
0.0998824 0.175704 0.201908
0.183658 0.222573 0.133232
0.173905 0.0998824 0.183658
0.207028 0.173905 0.227527
0.140399 0.198938 0.207028
0.229495 0.200374 0.13218
0.207264 0.142753 0.229495
0.170544 0.142753 0.108778
0.174635 0.112436 0.170544
0.162832 0.112436 0.147199
0.120468 0.12973 0.162832
0.211621 0.221381 0.130173
0.200374 0.12973 0.211621
0.208369 0.199326 0.131439
0.216657 0.144131 0.208369
0.167878 0.115214 0.173717
0.103445 0.144131 0.167878
0.180663 0.103445 0.170107
0.108778 0.142948 0.180663
0.2179 0.207264 0.131655
0.199326 0.142948 0.2179
0.210832 0.125881 0.227527
0.126144 0.210508 0.210832
0.162874 0.126144 0.133232
0.147377 0.122322 0.162874
0.166765 0.122322 0.173614
0.115214 0.142415 0.166765
0.20831 0.216657 0.132152
0.210508 0.142415 0.20831
0.1814 0.00112858 0.17382
0.00106227 0.0976008 0.1814
0.220896 0.0976008 0.0806963
0.251866 0.0666044 0.220896
0.172918 0.22851 0.103254
0.0911995 0.0666044 0.172918
0.152477 0.00121232 0.15028
0.00112858 0.0911995 0.152477
0.227486 0.000974335 0.237307
0.00121232 0.124641 0.227486
0.278808 0.103254 0.292977
0.112251 0.124641 0.278808
0.278686 0.292961 0.103325
0.128707 0.112251 0.278686
0.227377 0.128707 0.00134057
0.23705 0.000974335 0.227377
0.151814 0.150575 0.00134057
0.101759 0.00123304 0.151814
0.173003 0.103325 0.228512
0.0667248 0.101759 0.173003
0.220868 0.0667248 0.251871
0.0807659 0.115818 0.220868
0.166315 0.00111834 0.180826
0.00123304 0.115818 0.166315
0.177842 0.0010255 0.18128
0.00111834 0.105113 0.177842
0.216437 0.105113 0.0807659
0.2277 0.0943107 0.216437
0.216313 0.0943107 0.227715
0.0806963 0.0995469 0.216313
0.181306 0.00106227 0.177654
0.0010255 0.0995469 0.181306
0.164581 0.174635 0.0367974
0.180777 0.0388812 0.164581
0.166137 0.180777 0.00149617
0.17382 0.00158888 0.166137
0.152362 0.00158888 0.15028
0.00170652 0.150044 0.152362
0.150818 0.0416829 0.147199
0.0388812 0.150044 0.150818
0.218861 0.0337137 0.222627
0.0416829 0.236693 0.218861
0.226865 0.00170652 0.237307
0.00137051 0.236693 0.226865
0.226762 0.23705 0.00188338
0.236603 0.00137051 0.226762
0.21183 0.236603 0.0460996
0.222573 0.0337137 0.21183
0.149333 0.147377 0.0460996
0.150432 0.0422903 0.149333
0.151783 0.150432 0.00188338
0.150575 0.00173038 0.151783
0.166981 0.00173038 0.180826
0.00158289 0.179664 0.166981
0.162324 0.0388955 0.173614
0.0422903 0.179664 0.162324
0.170866 0.035355 0.173717
0.0388955 0.180883 0.170866
0.177195 0.00158289 0.18128
0.00144245 0.180883 0.177195
0.181138 0.00144245 0.177654
0.00149617 0.177225 0.181138
0.178132 0.0367974 0.170107
0.035355 0.177225 0.178132
0.577482 0.541372 0.446362
0.430047 0.567676 0.577482
0.577482 0.567676 0.430048
0.446361 0.541369 0.577482
0.577483 0.541369 0.446362
0.430047 0.567676 0.577483
0.577483 0.567676 0.430047
0.446363 0.541372 0.577483
0.569296 0.584846 0.217865
0.637904 0.380268 0.569296
0.607493 0.540422 0.538038
0.49454 0.380268 0.607493
0.607494 0.538039 0.540422
0.380269 0.49454 0.607494
0.569296 0.380269 0.637904
0.217867 0.584846 0.569296
0.571416 0.596902 0.209441
0.637904 0.365997 0.571416
0.604758 0.540424 0.518074
0.505487 0.365997 0.604758
0.604753 0.518068 0.540422
0.365991 0.505487 0.604753
0.571413 0.365991 0.637904
0.209435 0.596902 0.571413
0.569302 0.584841 0.217864
0.637904 0.380272 0.569302
0.607484 0.540425 0.538032
0.494536 0.380272 0.607484
0.607484 0.538031 0.540424
0.380271 0.494536 0.607484
0.569301 0.380271 0.637904
0.217863 0.584841 0.569301
0.571414 0.596901 0.209435
0.637904 0.365991 0.571414
0.604753 0.540422 0.518069
0.505487 0.365991 0.604753
0.604758 0.518075 0.540425
0.365997 0.505487 0.604758
0.571418 0.365997 0.637904
0.209441 0.596901 0.571418
0.576152 0.172959 0.538038
0.189007 0.962235 0.576152
0.522561 0.962235 0.202018
0.446362 0.178902 0.522561
0.522562 0.178902 0.446363
0.202018 0.962235 0.522562
0.576153 0.962235 0.189007
0.538039 0.172959 0.576153
0.559769 0.176786 0.518069
0.189007 0.929363 0.559769
0.51707 0.929363 0.202018
0.430047 0.187652 0.51707
0.51707 0.187652 0.430047
0.202018 0.92936 0.51707
0.559777 0.92936 0.189005
0.518075 0.176786 0.559777
0.576162 0.172959 0.538032
0.189005 0.962227 0.576162
0.522562 0.962227 0.202018
0.446362 0.178905 0.522562
0.522561 0.178905 0.446361
0.202018 0.962227 0.522561
0.576161 0.962227 0.189005
0.538031 0.172959 0.576161
0.559778 0.176786 0.518074
0.189005 0.929361 0.559778
0.51707 0.929361 0.202018
0.430048 0.187652 0.51707
0.51707 0.187652 0.430047
0.202018 0.929364 0.51707
0.559769 0.929364 0.189007
0.518068 0.176786 0.559769
0.531227 0.244492 0.522205
0.337415 0.535369 0.531227
0.498707 0.289794 0.386743
0.376385 0.535369 0.498707
0.498704 0.38674 0.289795
0.535365 0.376385 0.498704
0.531224 0.535365 0.337415
0.522202 0.244492 0.531224
0.688807 0.126072 0.821313
0.104791 0.855172 0.688807
0.57651 0.855172 0.264519
0.481846 0.242789 0.57651
0.546345 0.242789 0.530112
0.289794 0.845662 0.546345
0.604974 0.337415 1.00636
0.126072 0.845662 0.604974
0.704145 0.745408 0.104793
0.861116 0.0917201 0.704145
0.552061 0.861116 0.264519
0.479204 0.240574 0.552061
0.552064 0.240574 0.479207
0.264519 0.86112 0.552064
0.704152 0.104791 0.745405
0.0917201 0.86112 0.704152
0.604964 1.00635 0.337415
0.845673 0.126069 0.604964
0.546345 0.845673 0.289795
0.530111 0.242789 0.546345
0.57651 0.242789 0.481846
0.264519 0.855165 0.57651
0.688828 0.855165 0.104793
0.821306 0.126069 0.688828
