1 1008 0
3.0343064666e-001 
3.2741478086e-001 
1.3215202093e-001 
3.5271632671e-001 
1.4879618585e-001 
3.0343064666e-001 
4.1984432936e-001 
4.8930412531e-001 
2.1786396205e-001 
4.5067116618e-001 
1.4879618585e-001 
4.1984432936e-001 
4.1984370351e-001 
2.1786306798e-001 
4.8930346966e-001 
1.4783447981e-001 
4.5067116618e-001 
4.1984370351e-001 
3.0561646819e-001 
1.4783447981e-001 
3.5424920917e-001 
1.2588068843e-001 
3.2741478086e-001 
3.0561646819e-001 
3.0315318704e-001 
1.4039944112e-001 
3.5424920917e-001 
1.4456337690e-001 
3.3051288128e-001 
3.0315318704e-001 
4.1957995296e-001 
4.8930346966e-001 
2.0944140851e-001 
4.5836493373e-001 
1.4456337690e-001 
4.1957995296e-001 
4.1958367825e-001 
2.0943494141e-001 
4.8929721117e-001 
1.4499787986e-001 
4.5836493373e-001 
4.1958367825e-001 
3.0654376745e-001 
3.5433584452e-001 
1.4190430939e-001 
3.3051288128e-001 
1.4499787986e-001 
3.0654376745e-001 
3.0692359805e-001 
3.2776418328e-001 
1.3017281890e-001 
3.5433584452e-001 
1.4913199842e-001 
3.0692359805e-001 
4.1985559464e-001 
4.8929721117e-001 
2.1786454320e-001 
4.5066550374e-001 
1.4913199842e-001 
4.1985559464e-001 
4.1985052824e-001 
2.1786728501e-001 
4.8929962516e-001 
1.5009376407e-001 
4.5066550374e-001 
4.1985052824e-001 
3.0485558510e-001 
1.5009376407e-001 
3.5220322013e-001 
1.3218024373e-001 
3.2776418328e-001 
3.0485558510e-001 
3.0747720599e-001 
3.2930907607e-001 
1.3165523112e-001 
3.5220322013e-001 
1.4409264922e-001 
3.0747720599e-001 
4.1957589984e-001 
4.8929962516e-001 
2.0943494141e-001 
4.5836722851e-001 
1.4409264922e-001 
4.1957589984e-001 
4.1957888007e-001 
2.0944081247e-001 
4.8930412531e-001 
1.4390708506e-001 
4.5836722851e-001 
4.1957888007e-001 
3.0511856079e-001 
3.5271632671e-001 
1.3143940270e-001 
3.2930907607e-001 
1.4390708506e-001 
3.0511856079e-001 
2.0027440786e-001 
9.1633617878e-002 
2.2646436095e-001 
6.8913653493e-002 
3.0383524299e-001 
2.0027440786e-001 
2.0027530193e-001 
3.0383524299e-001 
6.8914502859e-002 
2.2646430135e-001 
9.1633453965e-002 
2.0027530193e-001 
2.0027533174e-001 
9.1633453965e-002 
2.2646433115e-001 
6.8913973868e-002 
3.0383524299e-001 
2.0027533174e-001 
2.0027442276e-001 
3.0383524299e-001 
6.8913124502e-002 
2.2646442056e-001 
9.1633617878e-002 
2.0027442276e-001 
2.0946152508e-001 
1.6934584081e-001 
2.2646442056e-001 
2.0721134543e-001 
3.2072320580e-001 
2.0946152508e-001 
3.7504789233e-001 
4.9952411652e-001 
5.2220535278e-001 
2.2361163795e-001 
3.2072320580e-001 
3.7504789233e-001 
3.7503942847e-001 
5.2220249176e-001 
4.9952429533e-001 
3.2071238756e-001 
2.2361163795e-001 
3.7503942847e-001 
2.0946176350e-001 
3.2071238756e-001 
2.0720286667e-001 
2.2646436095e-001 
1.6934584081e-001 
2.0946176350e-001 
7.2477608919e-001 
9.8467463255e-001 
1.0421069711e-001 
7.4540835619e-001 
9.5234833658e-002 
7.2477608919e-001 
7.2477048635e-001 
9.5234833658e-002 
7.4540495872e-001 
1.0421114415e-001 
9.8468434811e-001 
7.2477048635e-001 
6.8905293941e-001 
1.4366823435e-001 
7.6186037064e-001 
1.4204302430e-001 
9.8468434811e-001 
6.8905293941e-001 
6.8905156851e-001 
7.6184785366e-001 
1.4366982877e-001 
9.8467463255e-001 
1.4204302430e-001 
6.8905156851e-001 
2.0946225524e-001 
1.6934536397e-001 
2.2646430135e-001 
2.0720365644e-001 
3.2804954052e-001 
2.0946225524e-001 
3.9080733061e-001 
5.0316452980e-001 
5.2512878180e-001 
2.6096573472e-001 
3.2804954052e-001 
3.9080733061e-001 
3.9081525803e-001 
5.2513200045e-001 
5.0316470861e-001 
3.2806062698e-001 
2.6096573472e-001 
3.9081525803e-001 
2.0946200192e-001 
3.2806062698e-001 
2.0721215010e-001 
2.2646433115e-001 
1.6934536397e-001 
2.0946200192e-001 
4.2874920368e-001 
6.9536274672e-001 
1.3561029732e-001 
4.9952411652e-001 
1.2975981832e-001 
4.2874920368e-001 
1.9959528744e-001 
2.0721134543e-001 
6.8913124502e-002 
3.9571255445e-001 
1.2975981832e-001 
1.9959528744e-001 
1.9959452748e-001 
6.8913973868e-002 
2.0721215010e-001 
1.3189867139e-001 
3.9571255445e-001 
1.9959452748e-001 
4.0686738491e-001 
1.3189867139e-001 
5.0316470861e-001 
1.4218188822e-001 
6.9536274672e-001 
4.0686738491e-001 
1.9958677888e-001 
6.8913653493e-002 
2.0720286667e-001 
1.2976513803e-001 
3.9571481943e-001 
1.9958677888e-001 
4.2875027657e-001 
1.2976513803e-001 
4.9952429533e-001 
1.3561321795e-001 
6.9536978006e-001 
4.2875027657e-001 
4.0686914325e-001 
6.9536978006e-001 
1.4218477905e-001 
5.0316452980e-001 
1.3190405071e-001 
4.0686914325e-001 
1.9958601892e-001 
2.0720365644e-001 
6.8914502859e-002 
3.9571481943e-001 
1.3190405071e-001 
1.9958601892e-001 
6.1246657372e-001 
6.3237416744e-001 
3.8674288988e-001 
5.3011155128e-001 
5.2817618847e-001 
6.1246657372e-001 
5.9472614527e-001 
5.2817618847e-001 
4.8184582591e-001 
4.7920727730e-001 
5.8357053995e-001 
5.9472614527e-001 
5.9472382069e-001 
5.8357053995e-001 
4.7920396924e-001 
4.8184576631e-001 
5.2817267179e-001 
5.9472382069e-001 
6.1246460676e-001 
5.2817267179e-001 
5.3011149168e-001 
3.8673952222e-001 
6.3237416744e-001 
6.1246460676e-001 
1.0036276579e+000 
1.3561321795e-001 
1.0063529015e+000 
9.1517858207e-002 
1.1168767214e+000 
1.0036276579e+000 
7.5763356686e-001 
8.2130604982e-001 
1.0421069711e-001 
1.0202003717e+000 
9.1517858207e-002 
7.5763356686e-001 
6.9943374395e-001 
1.0202003717e+000 
1.4366982877e-001 
8.3874982595e-001 
9.7250111401e-002 
6.9943374395e-001 
8.6788320541e-001 
1.0108890533e+000 
1.4218477905e-001 
1.1168767214e+000 
9.7250111401e-002 
8.6788320541e-001 
1.0036563873e+000 
1.0063637495e+000 
1.3561029732e-001 
1.1168447733e+000 
9.1515846550e-002 
1.0036563873e+000 
8.6787968874e-001 
1.4218188822e-001 
1.0108915567e+000 
9.7249835730e-002 
1.1168447733e+000 
8.6787968874e-001 
6.9944256544e-001 
9.7249835730e-002 
8.3874863386e-001 
1.4366823435e-001 
1.0201578140e+000 
6.9944256544e-001 
7.5767576694e-001 
1.0421114415e-001 
8.2131272554e-001 
9.1515846550e-002 
1.0201578140e+000 
7.5767576694e-001 
5.3556573391e-001 
3.3990272880e-001 
5.2512878180e-001 
3.9543777704e-001 
3.7917235494e-001 
5.3556573391e-001 
3.6707442999e-001 
2.4147957563e-001 
2.2771534324e-001 
2.8235837817e-001 
3.7917235494e-001 
3.6707442999e-001 
3.6710914969e-001 
2.2769962251e-001 
2.4150812626e-001 
3.7917545438e-001 
2.8235837817e-001 
3.6710914969e-001 
5.3556889296e-001 
3.7917545438e-001 
3.9543783665e-001 
5.2513200045e-001 
3.3990272880e-001 
5.3556889296e-001 
5.0910449028e-001 
8.3874982595e-001 
3.1828945875e-001 
4.7715687752e-001 
2.0385983586e-001 
5.0910449028e-001 
3.1500867009e-001 
4.7715687752e-001 
3.0888512731e-001 
2.2850969434e-001 
1.9896486402e-001 
3.1500867009e-001 
4.0208739042e-001 
1.9896486402e-001 
2.5186592340e-001 
2.4147957563e-001 
5.1072871685e-001 
4.0208739042e-001 
6.0567557812e-001 
3.9543777704e-001 
1.0108890533e+000 
2.0385983586e-001 
5.1072871685e-001 
6.0567557812e-001 
6.2848979235e-001 
3.4182113409e-001 
7.6186037064e-001 
3.1829494238e-001 
4.8684537411e-001 
6.2848979235e-001 
4.8805814981e-001 
3.0891266465e-001 
2.9296091199e-001 
3.3648553491e-001 
4.8684537411e-001 
4.8805814981e-001 
4.8802691698e-001 
2.9297703505e-001 
3.0888512731e-001 
4.8684549332e-001 
3.3648553491e-001 
4.8802691698e-001 
6.2847971916e-001 
4.8684549332e-001 
3.1828945875e-001 
7.6184785366e-001 
3.4182113409e-001 
6.2847971916e-001 
6.0567319393e-001 
1.0108915567e+000 
3.9543783665e-001 
5.1072907448e-001 
2.0385660231e-001 
6.0567319393e-001 
4.0212962031e-001 
5.1072907448e-001 
2.4150812626e-001 
2.5187051296e-001 
1.9901165366e-001 
4.0212962031e-001 
3.1505084038e-001 
1.9901165366e-001 
2.2851203382e-001 
3.0891266465e-001 
4.7715780139e-001 
3.1505084038e-001 
5.0910365582e-001 
3.1829494238e-001 
8.3874863386e-001 
2.0385660231e-001 
4.7715780139e-001 
5.0910365582e-001 
2.2026841342e-001 
1.9893822074e-001 
1.4190430939e-001 
2.2138062119e-001 
1.7570391297e-001 
2.2026841342e-001 
2.0190826058e-001 
1.2046783417e-001 
2.2262690961e-001 
9.9882364273e-002 
1.7570391297e-001 
2.0190826058e-001 
1.8365819752e-001 
2.2257295251e-001 
1.3323242962e-001 
1.7390482128e-001 
9.9882364273e-002 
1.8365819752e-001 
2.0702844858e-001 
1.7390482128e-001 
2.2752729058e-001 
1.4039944112e-001 
1.9893822074e-001 
2.0702844858e-001 
2.2949469090e-001 
2.0037385821e-001 
1.3218024373e-001 
2.0726425946e-001 
1.4275258780e-001 
2.2949469090e-001 
1.7054395378e-001 
1.4275258780e-001 
1.0877843201e-001 
1.7463484406e-001 
1.1243569106e-001 
1.7054395378e-001 
1.6283197701e-001 
1.1243569106e-001 
1.4719855785e-001 
1.2046783417e-001 
1.2972983718e-001 
1.6283197701e-001 
2.1162132919e-001 
2.2138062119e-001 
1.3017281890e-001 
2.0037385821e-001 
1.2972983718e-001 
2.1162132919e-001 
2.0836909115e-001 
1.9932571054e-001 
1.3143940270e-001 
2.1665662527e-001 
1.4413106441e-001 
2.0836909115e-001 
1.6787755489e-001 
1.1521369219e-001 
1.7371699214e-001 
1.0344485193e-001 
1.4413106441e-001 
1.6787755489e-001 
1.8066307902e-001 
1.0344485193e-001 
1.7010676861e-001 
1.0877843201e-001 
1.4294812083e-001 
1.8066307902e-001 
2.1789968014e-001 
2.0726425946e-001 
1.3165523112e-001 
1.9932571054e-001 
1.4294812083e-001 
2.1789968014e-001 
2.1083183587e-001 
1.2588068843e-001 
2.2752729058e-001 
1.2614440918e-001 
2.1050804853e-001 
2.1083183587e-001 
1.6287386417e-001 
1.2614440918e-001 
1.3323242962e-001 
1.4737689495e-001 
1.2232227623e-001 
1.6287386417e-001 
1.6676472127e-001 
1.2232227623e-001 
1.7361411452e-001 
1.1521369219e-001 
1.4241495728e-001 
1.6676472127e-001 
2.0831008255e-001 
2.1665662527e-001 
1.3215202093e-001 
2.1050804853e-001 
1.4241495728e-001 
2.0831008255e-001 
1.8140006065e-001 
1.1285789078e-003 
1.7381960154e-001 
1.0622735135e-003 
9.7600787878e-002 
1.8140006065e-001 
2.2089578211e-001 
9.7600787878e-002 
8.0696307123e-002 
2.5186592340e-001 
6.6604390740e-002 
2.2089578211e-001 
1.7291815579e-001 
2.2850969434e-001 
1.0325396806e-001 
9.1199509799e-002 
6.6604390740e-002 
1.7291815579e-001 
1.5247671306e-001 
1.2123209890e-003 
1.5028004348e-001 
1.1285789078e-003 
9.1199509799e-002 
1.5247671306e-001 
2.2748559713e-001 
9.7433512565e-004 
2.3730677366e-001 
1.2123209890e-003 
1.2464094162e-001 
2.2748559713e-001 
2.7880758047e-001 
1.0325396806e-001 
2.9297703505e-001 
1.1225087941e-001 
1.2464094162e-001 
2.7880758047e-001 
2.7868577838e-001 
2.9296091199e-001 
1.0332489014e-001 
1.2870739400e-001 
1.1225087941e-001 
2.7868577838e-001 
2.2737690806e-001 
1.2870739400e-001 
1.3405656209e-003 
2.3704975843e-001 
9.7433512565e-004 
2.2737690806e-001 
1.5181392431e-001 
1.5057547390e-001 
1.3405656209e-003 
1.0175909847e-001 
1.2330416357e-003 
1.5181392431e-001 
1.7300310731e-001 
1.0332489014e-001 
2.2851203382e-001 
6.6724762321e-002 
1.0175909847e-001 
1.7300310731e-001 
2.2086849809e-001 
6.6724762321e-002 
2.5187051296e-001 
8.0765888095e-002 
1.1581767350e-001 
2.2086849809e-001 
1.6631543636e-001 
1.1183414608e-003 
1.8082609773e-001 
1.2330416357e-003 
1.1581767350e-001 
1.6631543636e-001 
1.7784166336e-001 
1.0254958179e-003 
1.8128006160e-001 
1.1183414608e-003 
1.0511311889e-001 
1.7784166336e-001 
2.1643711627e-001 
1.0511311889e-001 
8.0765888095e-002 
2.2769962251e-001 
9.4310745597e-002 
2.1643711627e-001 
2.1631279588e-001 
9.4310745597e-002 
2.2771534324e-001 
8.0696307123e-002 
9.9546886981e-002 
2.1631279588e-001 
1.8130613863e-001 
1.0622735135e-003 
1.7765413225e-001 
1.0254958179e-003 
9.9546886981e-002 
1.8130613863e-001 
1.6458059847e-001 
1.7463484406e-001 
3.6797404289e-002 
1.8077659607e-001 
3.8881242275e-002 
1.6458059847e-001 
1.6613729298e-001 
1.8077659607e-001 
1.4961675042e-003 
1.7381960154e-001 
1.5888846247e-003 
1.6613729298e-001 
1.5236175060e-001 
1.5888846247e-003 
1.5028004348e-001 
1.7065233551e-003 
1.5004444122e-001 
1.5236175060e-001 
1.5081816912e-001 
4.1682932526e-002 
1.4719855785e-001 
3.8881242275e-002 
1.5004444122e-001 
1.5081816912e-001 
2.1886064112e-001 
3.3713690937e-002 
2.2262690961e-001 
4.1682932526e-002 
2.3669251800e-001 
2.1886064112e-001 
2.2686491907e-001 
1.7065233551e-003 
2.3730677366e-001 
1.3705077581e-003 
2.3669251800e-001 
2.2686491907e-001 
2.2676162422e-001 
2.3704975843e-001 
1.8833802314e-003 
2.3660267889e-001 
1.3705077581e-003 
2.2676162422e-001 
2.1183016896e-001 
2.3660267889e-001 
4.6099625528e-002 
2.2257295251e-001 
3.3713690937e-002 
2.1183016896e-001 
1.4933273196e-001 
1.4737689495e-001 
4.6099625528e-002 
1.5043164790e-001 
4.2290277779e-002 
1.4933273196e-001 
1.5178349614e-001 
1.5043164790e-001 
1.8833802314e-003 
1.5057547390e-001 
1.7303753411e-003 
1.5178349614e-001 
1.6698102653e-001 
1.7303753411e-003 
1.8082609773e-001 
1.5828888863e-003 
1.7966446280e-001 
1.6698102653e-001 
1.6232366860e-001 
3.8895461708e-002 
1.7361411452e-001 
4.2290277779e-002 
1.7966446280e-001 
1.6232366860e-001 
1.7086562514e-001 
3.5355046391e-002 
1.7371699214e-001 
3.8895461708e-002 
1.8088322878e-001 
1.7086562514e-001 
1.7719544470e-001 
1.5828888863e-003 
1.8128006160e-001 
1.4424470719e-003 
1.8088322878e-001 
1.7719544470e-001 
1.8113762140e-001 
1.4424470719e-003 
1.7765413225e-001 
1.4961675042e-003 
1.7722478509e-001 
1.8113762140e-001 
1.7813232541e-001 
3.6797404289e-002 
1.7010676861e-001 
3.5355046391e-002 
1.7722478509e-001 
1.7813232541e-001 
5.7748234272e-001 
5.4137200117e-001 
4.4636210799e-001 
4.3004745245e-001 
5.6767582893e-001 
5.7748234272e-001 
5.7748240232e-001 
5.6767582893e-001 
4.3004751205e-001 
4.4636091590e-001 
5.4136854410e-001 
5.7748240232e-001 
5.7748299837e-001 
5.4136854410e-001 
4.4636175036e-001 
4.3004715443e-001 
5.6767576933e-001 
5.7748299837e-001 
5.7748293877e-001 
5.6767576933e-001 
4.3004712462e-001 
4.4636297226e-001 
5.4137200117e-001 
5.7748293877e-001 
5.6929570436e-001 
5.8484649658e-001 
2.1786454320e-001 
6.3790357113e-001 
3.8026812673e-001 
5.6929570436e-001 
6.0749316216e-001 
5.4042166471e-001 
5.3803843260e-001 
4.9454036355e-001 
3.8026812673e-001 
6.0749316216e-001 
6.0749381781e-001 
5.3803938627e-001 
5.4042172432e-001 
3.8026911020e-001 
4.9454036355e-001 
6.0749381781e-001 
5.6929624081e-001 
3.8026911020e-001 
6.3790357113e-001 
2.1786728501e-001 
5.8484649658e-001 
5.6929624081e-001 
5.7141649723e-001 
5.9690177441e-001 
2.0944140851e-001 
6.3790446520e-001 
3.6599707603e-001 
5.7141649723e-001 
6.0475772619e-001 
5.4042446613e-001 
5.1807403564e-001 
5.0548654795e-001 
3.6599707603e-001 
6.0475772619e-001 
6.0475337505e-001 
5.1806789637e-001 
5.4042166471e-001 
3.6599099636e-001 
5.0548654795e-001 
6.0475337505e-001 
5.7141321898e-001 
3.6599099636e-001 
6.3790357113e-001 
2.0943494141e-001 
5.9690177441e-001 
5.7141321898e-001 
5.6930172443e-001 
5.8484089375e-001 
2.1786396205e-001 
6.3790446520e-001 
3.8027167320e-001 
5.6930172443e-001 
6.0748422146e-001 
5.4042452574e-001 
5.3803187609e-001 
4.9453589320e-001 
3.8027167320e-001 
6.0748422146e-001 
6.0748350620e-001 
5.3803092241e-001 
5.4042446613e-001 
3.8027071953e-001 
4.9453589320e-001 
6.0748350620e-001 
5.6930118799e-001 
3.8027071953e-001 
6.3790446520e-001 
2.1786306798e-001 
5.8484089375e-001 
5.6930118799e-001 
5.7141435146e-001 
5.9690093994e-001 
2.0943494141e-001 
6.3790357113e-001 
3.6599111557e-001 
5.7141435146e-001 
6.0475337505e-001 
5.4042172432e-001 
5.1806885004e-001 
5.0548666716e-001 
3.6599111557e-001 
6.0475337505e-001 
6.0475772619e-001 
5.1807504892e-001 
5.4042452574e-001 
3.6599719524e-001 
5.0548666716e-001 
6.0475772619e-001 
5.7141762972e-001 
3.6599719524e-001 
6.3790446520e-001 
2.0944081247e-001 
5.9690093994e-001 
5.7141762972e-001 
5.7615184784e-001 
1.7295855284e-001 
5.3803843260e-001 
1.8900716305e-001 
9.6223473549e-001 
5.7615184784e-001 
5.2256137133e-001 
9.6223473549e-001 
2.0201827586e-001 
4.4636210799e-001 
1.7890165746e-001 
5.2256137133e-001 
5.2256202698e-001 
1.7890165746e-001 
4.4636297226e-001 
2.0201779902e-001 
9.6223467588e-001 
5.2256202698e-001 
5.7615309954e-001 
9.6223467588e-001 
1.8900685012e-001 
5.3803938627e-001 
1.7295855284e-001 
5.7615309954e-001 
5.5976879597e-001 
1.7678588629e-001 
5.1806885004e-001 
1.8900685012e-001 
9.2936265469e-001 
5.5976879597e-001 
5.1706993580e-001 
9.2936265469e-001 
2.0201779902e-001 
4.3004712462e-001 
1.8765248358e-001 
5.1706993580e-001 
5.1706999540e-001 
1.8765248358e-001 
4.3004715443e-001 
2.0201778412e-001 
9.2936015129e-001 
5.1706999540e-001 
5.5977731943e-001 
9.2936015129e-001 
1.8900464475e-001 
5.1807504892e-001 
1.7678588629e-001 
5.5977731943e-001 
5.7616239786e-001 
1.7295852304e-001 
5.3803187609e-001 
1.8900464475e-001 
9.6222716570e-001 
5.7616239786e-001 
5.2256220579e-001 
9.6222716570e-001 
2.0201778412e-001 
4.4636175036e-001 
1.7890496552e-001 
5.2256220579e-001 
5.2256149054e-001 
1.7890496552e-001 
4.4636091590e-001 
2.0201824605e-001 
9.6222716570e-001 
5.2256149054e-001 
5.7616102695e-001 
9.6222716570e-001 
1.8900495768e-001 
5.3803092241e-001 
1.7295852304e-001 
5.7616102695e-001 
5.5977761745e-001 
1.7678625882e-001 
5.1807403564e-001 
1.8900495768e-001 
9.2936092615e-001 
5.5977761745e-001 
5.1707023382e-001 
9.2936092615e-001 
2.0201824605e-001 
4.3004751205e-001 
1.8765205145e-001 
5.1707023382e-001 
5.1707017422e-001 
1.8765205145e-001 
4.3004745245e-001 
2.0201827586e-001 
9.2936354876e-001 
5.1707017422e-001 
5.5976909399e-001 
9.2936354876e-001 
1.8900716305e-001 
5.1806789637e-001 
1.7678625882e-001 
5.5976909399e-001 
5.3122699261e-001 
2.4449160695e-001 
5.2220535278e-001 
3.3741506934e-001 
5.3536885977e-001 
5.3122699261e-001 
4.9870672822e-001 
2.8979396820e-001 
3.8674288988e-001 
3.7638485432e-001 
5.3536885977e-001 
4.9870672822e-001 
4.9870386720e-001 
3.8673952222e-001 
2.8979465365e-001 
5.3536546230e-001 
3.7638485432e-001 
4.9870386720e-001 
5.3122359514e-001 
5.3536546230e-001 
3.3741483092e-001 
5.2220249176e-001 
2.4449160695e-001 
5.3122359514e-001 
6.8880665302e-001 
1.2607188523e-001 
8.2131272554e-001 
1.0479092598e-001 
8.5517215729e-001 
6.8880665302e-001 
5.7651025057e-001 
8.5517215729e-001 
2.6451891661e-001 
4.8184582591e-001 
2.4278901517e-001 
5.7651025057e-001 
5.4634475708e-001 
2.4278901517e-001 
5.3011155128e-001 
2.8979396820e-001 
8.4566158056e-001 
5.4634475708e-001 
6.0497432947e-001 
3.3741506934e-001 
1.0063637495e+000 
1.2607188523e-001 
8.4566158056e-001 
6.0497432947e-001 
7.0414501429e-001 
7.4540835619e-001 
1.0479293764e-001 
8.6111569405e-001 
9.1720059514e-002 
7.0414501429e-001 
5.5206090212e-001 
8.6111569405e-001 
2.6451888680e-001 
4.7920396924e-001 
2.4057403207e-001 
5.5206090212e-001 
5.5206352472e-001 
2.4057403207e-001 
4.7920727730e-001 
2.6451891661e-001 
8.6111980677e-001 
5.5206352472e-001 
7.0415163040e-001 
1.0479092598e-001 
7.4540495872e-001 
9.1720059514e-002 
8.6111980677e-001 
7.0415163040e-001 
6.0496383905e-001 
1.0063529015e+000 
3.3741483092e-001 
8.4567284584e-001 
1.2606902421e-001 
6.0496383905e-001 
5.4634469748e-001 
8.4567284584e-001 
2.8979465365e-001 
5.3011149168e-001 
2.4278901517e-001 
5.4634469748e-001 
5.7651025057e-001 
2.4278901517e-001 
4.8184576631e-001 
2.6451888680e-001 
8.5516464710e-001 
5.7651025057e-001 
6.8882793188e-001 
8.5516464710e-001 
1.0479293764e-001 
8.2130604982e-001 
1.2606902421e-001 
6.8882793188e-001 
