3.690771103 0 0
-42.80147171 1.098955393 -3.99505496
0.9613005519 -0.02732211538 0.274143666
0.8553280234 0.07321092486 0.5128881335
0.830873847 0.2726631463 0.4850808382
0.9472538233 0.2008893192 0.2497069985
0.830511868 0.2719862759 -0.4860797524
0.9474152923 0.2002868354 -0.2495785207
0.8568394184 0.06929785013 -0.5109052062
0.9677882195 -0.03064985573 -0.2498926967
0.4975363612 0.04204828292 -0.8664234877
0.2509751916 0.1225758269 -0.9602013826
0.4908642471 0.2770146728 -0.8260237575
0.2505764663 0.2180304229 -0.9432254434
-0.4910951257 0.2809747159 -0.8245475888
-0.2509971261 0.2221265584 -0.9421572089
-0.5046063066 0.06767319888 -0.8606931567
-0.2505454123 0.126737088 -0.9597733617
-0.9685599208 0.02355496585 -0.2476626486
-0.8593087792 0.1002944708 -0.501527071
-0.8302048445 0.2757968903 -0.484454304
-0.9457523823 0.2098454982 -0.2480266243
-0.8304723501 0.2760404646 0.4838567674
-0.945595026 0.2100093067 0.2484878302
-0.8543274999 0.09713553637 0.5105772018
-0.9632723927 0.01989955455 0.2677879035
-0.2448868454 0.042798087 0.9686066508
-0.4970548451 0.1006570011 0.8618611693
-0.4915862679 0.2813073993 0.8241414428
-0.2517243922 0.2190534025 0.9426826835
0.491594702 0.2778304219 0.8253150582
0.2512654662 0.2154829502 0.9436274171
0.4961441755 0.02757400833 0.8678021431
0.251727283 0.1017187834 0.9624379277
-0.1028355435 0.5931503773 0.7984969616
-0.2643529177 0.2906802297 0.9195773005
-0.2643547356 -0.2906716168 0.9195795655
-0.1028370261 -0.5931484699 0.7984981537
0.102832675 -0.5931472778 0.7984995842
0.2643440664 -0.2906706035 0.919582963
0.2643422782 0.2906792462 0.919580698
0.1028312072 0.5931492448 0.7984984517
0.09545084089 0.8935496211 0.4387004972
0.2169230729 0.8975789547 0.3837921023
0.3077250123 0.9076759219 0.285359174
0.1210355237 0.965337038 0.2312465161
-0.3077146113 0.9076820612 0.2853505909
-0.1210310683 0.9653391838 0.2312392741
-0.2169216722 0.8975833654 0.3837825656
-0.0954554677 0.8935502768 0.4386983514
-0.556588769 -0.09361966699 -0.8254964352
-0.2773171961 0.1279122084 -0.9522256255
0.2773143351 0.1279148012 -0.9522261024
0.5565863252 -0.09360736609 -0.8254993558
0.3964963555 -0.7913740277 -0.4653147459
0.2873931229 -0.5831896067 -0.7597993612
-0.3964888453 -0.7913829088 -0.4653059244
-0.2873926759 -0.5831975937 -0.7597934604
-0.09566325694 -0.8962392807 0.4331324697
-0.2182461917 -0.9021062255 0.3722538948
-0.2636353672 -0.9423724413 0.2059867978
-0.1226181313 -0.9759172201 0.180417046
0.2636453509 -0.9423679113 0.2059943378
0.1226230413 -0.975915432 0.1804239899
0.2182477713 -0.9021020532 0.3722632229
0.09565863758 -0.8962387443 0.4331347048
0.8236936927 0.2548815012 0.506521523
0.6031417847 0.6060254574 0.5186069608
0.3929791451 0.5966885686 0.6996643543
0.5701098442 0.3110769987 0.7603984475
0.394934535 -0.6005997658 0.6952025294
0.5718750358 -0.3204790354 0.7551503181
0.5677846074 -0.6639716029 0.4865823388
0.7871003747 -0.390303731 0.477635771
-0.3929843009 0.5966969132 0.6996542215
-0.5701124668 0.3110847473 0.7603933215
-0.6031333208 0.6060382128 0.5186017156
-0.8236905336 0.2548880875 0.5065233707
-0.7870980501 -0.3903053105 0.4776383638
-0.5677757859 -0.6639828682 0.4865772128
-0.3949396312 -0.6006079912 0.6951926351
-0.5718774199 -0.3204870224 0.7551451921
0.03094640747 0.9980118275 0.05490688235
0.08437586576 0.9961080551 0.0254833959
0.0850219205 0.9960095882 -0.02713421732
0.03161680698 0.9960817099 -0.08259359747
-0.03161737323 0.9960816503 -0.08259360492
-0.08502201736 0.996009469 -0.02713423595
-0.08437596262 0.9961080551 0.02548330277
-0.03094690293 0.9980118275 0.05490679294
-0.8775163293 0.4021079838 0.2612932324
-0.9872570038 -0.004591840785 0.159067899
-0.8858594298 0.1644432992 -0.4338334799
-0.9765871763 -0.06630122662 -0.2046502084
-0.761010468 -0.5626266599 -0.322977066
-0.6468981504 -0.7580221295 -0.08321799338
-0.6807808876 -0.70113343 0.2120125294
-0.8693323731 -0.4711813927 0.1491620094
0.877527833 0.4020835459 0.2612921298
0.9872569442 -0.004630237352 0.1590671986
0.6807827353 -0.7011315823 0.2120127082
0.8693214059 -0.4712014496 0.1491628736
0.6468890309 -0.7580299377 -0.08321755379
0.7610057592 -0.5626311302 -0.3229804337
0.8858597875 0.164436087 -0.4338354468
0.9765847921 -0.06632997841 -0.2046521306
-0.1395697743 -0.9879757166 0.0665159896
-0.1443815827 -0.9872598648 0.06687273085
-0.005777128972 -0.9999659061 0.005897676572
-0.00479634339 -0.9999656677 0.006748490967
0.005777000915 -0.9999659061 0.00589629449
0.00479688542 -0.9999656677 0.006748805754
0.144386217 -0.9872590303 0.06687376648
0.1395733058 -0.9879751205 0.06651671976
-0.2929267883 -0.9517170191 -0.09180719405
-0.1971727908 -0.9803661108 -0.002279603388
-0.02784999087 -0.9995920062 -0.006349269301
-0.01841833256 -0.9998300076 0.0008659149753
-0.01843975484 -0.9998255372 0.002969190013
-0.02117519081 -0.9997572899 0.00608539395
-0.3149328232 -0.9466472864 0.0683818832
-0.1905094683 -0.9816501141 0.008327650838
0.1107402295 -0.9680225253 -0.225097701
0.121855095 -0.9869707823 -0.1050717682
0.01245045476 -0.9998812079 -0.009093023837
0.01149237156 -0.9997557998 -0.01887481473
-0.01245097443 -0.9998811483 -0.009093769826
-0.01149199717 -0.9997557998 -0.01887477562
-0.1218494028 -0.9869717956 -0.1050685346
-0.1107354984 -0.9680239558 -0.2250943482
0.3149369061 -0.9466457963 0.06838399917
0.1905126274 -0.9816493392 0.008329385892
0.02117823437 -0.9997572303 0.006084284279
0.01843779534 -0.9998255968 0.002967701294
0.01841608249 -0.9998300076 0.000866909686
0.02785248123 -0.9995919466 -0.006348249037
0.2929320931 -0.9517152309 -0.09180919081
0.1971757114 -0.9803655148 -0.002278224099
-0.250399977 -0.004273626488 -0.9681330323
-0.5106819868 -0.09171964973 -0.8548633456
-0.5241448283 -0.2002309412 -0.8277558088
-0.2535190582 -0.1152600423 -0.9604390264
0.4919839799 -0.3016486764 -0.8166761398
0.2447141409 -0.1581490934 -0.9566106796
0.4889575839 -0.1563514471 -0.8581810594
0.2478218377 -0.02560777962 -0.968467176
-0.9487270713 -0.1183599085 0.2931005657
-0.8187887669 -0.1486257613 0.5545226932
-0.791908443 -0.2162583172 0.5710635185
-0.8957012296 -0.2847677767 0.3415063322
-0.9384893775 -0.3093424737 -0.1534437835
-0.8636238575 -0.2601011693 -0.4318580329
-0.8680746555 -0.09619515389 -0.4870245457
-0.9612038732 -0.1827225089 -0.2066388577
0.2454946637 -0.07999839634 0.966091454
0.4605023265 -0.1775724292 0.8697157502
0.417429626 -0.2945695519 0.8596402407
0.2190203965 -0.227439791 0.948841989
-0.2070066333 -0.2004583925 0.9575827122
-0.4367072582 -0.1799068302 0.8814308047
-0.4718979001 -0.06157933548 0.8795000315
-0.2250301838 -0.1101044789 0.9681107402
0.8491139412 -0.1894797981 -0.4930547178
0.9254870415 -0.3206862211 -0.2015789449
0.8026928306 -0.4246602356 -0.4187456667
0.8576473594 -0.4944433868 -0.1413035542
0.8222670555 -0.4648459554 0.3283216655
0.7404476404 -0.3787930608 0.5552054048
0.8235663772 -0.1726202071 0.5403153896
0.9007618427 -0.3063445389 0.3078655601
-0.8756428957 -0.3193892837 0.362270534
-0.751388669 -0.2739152908 0.6003211737
-0.6439958215 -0.6627469063 0.3821466267
-0.3704382181 -0.9276615977 0.04711129516
-0.3016839325 -0.9218628407 -0.2432191521
-0.6991792321 -0.6854244471 -0.2033267468
-0.8612116575 -0.3268864155 -0.3891783953
-0.9272491336 -0.3501823545 -0.1325948238
-0.2713223994 -0.1581623107 -0.9494044185
-0.542152524 -0.2397986948 -0.8053366542
-0.2993074954 -0.9222019911 -0.2448644787
-0.3314368129 -0.6133139133 -0.7169348598
0.2649538219 -0.9395786524 -0.2167749554
0.3006152213 -0.6686768532 -0.6800747514
0.509173274 -0.361338973 -0.7811381221
0.2553246915 -0.2189213336 -0.941744566
0.7835532427 -0.5063192248 -0.3601182103
0.83194381 -0.5407111049 -0.1245025322
0.2672314942 -0.9392889738 -0.215228796
0.596967876 -0.7821165919 -0.1786701381
0.3135658801 -0.9487189054 0.04011037573
0.5581214428 -0.755890727 0.3422421813
0.6978850365 -0.4339369535 0.5697850585
0.792881012 -0.5059212446 0.3396813273
0.1968240887 -0.2654742301 0.9438133836
0.3929028213 -0.3152185678 0.8638661504
0.2359260321 -0.6511878371 0.7213135958
0.001346288715 -0.9136996269 0.4063881934
-0.001081157592 -0.9136990309 0.4063900113
-0.2512772679 -0.6088818908 0.7524111867
-0.4089108109 -0.216548875 0.8865091205
-0.204044342 -0.220126614 0.9538921118
-0.7593317032 -0.2686594129 0.5926527977
-0.8775625229 -0.3166229427 0.3600472212
-0.7533155084 -0.268340379 0.6004242301
-0.876891017 -0.3158170283 0.3623833358
-0.9296030402 -0.3436108232 -0.1333032846
-0.8616749048 -0.3244930506 -0.3901546001
-0.859657526 -0.3221275508 -0.3965131342
-0.9293265939 -0.3435682356 -0.1353253871
-0.2652699649 -0.1543786973 -0.9517347217
-0.5390275121 -0.2316604853 -0.8098041415
-0.5427570939 -0.2340115309 -0.8066309094
-0.2711486816 -0.1555195898 -0.949890554
0.5106500983 -0.354202956 -0.7834390998
0.2554427981 -0.2154988647 -0.942501545
0.5051468611 -0.3502130806 -0.7887821198
0.2522443831 -0.2131959945 -0.943885684
0.7838050127 -0.4984594882 -0.3703889549
0.8385094404 -0.5299586654 -0.1266712248
0.7857120037 -0.5015937686 -0.3620226681
0.8371464014 -0.5323334932 -0.1257258207
0.7968997955 -0.4988133013 0.3407872021
0.6985706687 -0.4329809844 0.5696722269
0.7023377419 -0.4344435036 0.5638976097
0.7976446748 -0.4986651838 0.3392580152
0.2037517875 -0.2668791413 0.9419452548
0.3975991905 -0.3156485856 0.8615572453
0.3932396472 -0.3120882511 0.8648487329
0.1967057139 -0.2644770443 0.9441180229
-0.2045264691 -0.2141804397 0.9551416636
-0.4095561802 -0.2146871239 0.8866640925
-0.4142824709 -0.2172448337 0.8838409185
-0.2021699548 -0.2160864472 0.9552140832
-0.01566898823 -0.9998635054 -0.005234145559
-0.005416584201 -0.9998725653 -0.01501358114
0.005416592117 -0.9998725653 -0.01501357276
0.01566876285 -0.9998636246 -0.005234137643
0.01566876844 -0.9998636246 0.005234127864
0.005416597705 -0.9998725653 0.01501355693
-0.005416588392 -0.9998725653 0.01501356531
-0.01566899568 -0.9998635054 0.005234136246
-0.9002133608 0.3663120568 -0.2354386896
-0.7861962318 0.4162172973 -0.4567917287
-0.7634323239 0.473097533 -0.4397156835
-0.8627198339 0.4547033906 -0.2212672979
-0.7634326816 0.4730968475 0.4397157431
-0.8627200723 0.4547035098 0.2212664038
-0.7861946225 0.4162210226 0.4567909539
-0.9002118111 0.3663157821 0.2354386896
0.2395607382 0.3776472509 -0.8944233656
0.4653265178 0.4229471385 -0.7775518894
0.4475519061 0.4798131287 -0.7546367049
0.2256717831 0.4673680067 -0.8547744751
-0.4475476742 0.4798187613 -0.7546357512
-0.2256762534 0.4673677385 -0.8547735214
-0.4653247893 0.4229418337 -0.7775557637
-0.2395666093 0.3776406646 -0.8944246173
0.9002135396 0.3663152158 0.2354329079
0.7861999273 0.4162177145 0.456784904
0.763435781 0.4730929732 0.4397144318
0.8627208471 0.4547027647 0.2212652713
0.7634354234 0.4730936587 -0.4397143126
0.8627206087 0.4547026455 -0.2212661654
0.786200285 0.4162173271 -0.4567846954
0.9002135396 0.366314739 -0.2354336381
-0.2395653725 0.3776447773 0.8944231868
-0.4653229713 0.4229453504 0.7775549293
-0.4475479424 0.4798167944 0.7546368241
-0.2256762683 0.4673666358 0.8547740579
0.4475521445 0.4798111618 0.754637897
0.2256718427 0.467366904 0.8547750711
0.4653257728 0.422947377 0.777552247
0.239559412 0.3776480854 0.894423306
-0.9513380527 0.1905808002 -0.2421462834
-0.8601507545 -0.09393253177 -0.5013155341
-0.6572226882 -0.6990960836 -0.2816436887
-0.3689540625 -0.9294279218 -0.00604914641
-0.3689540923 -0.9294279218 0.006048787851
-0.6572221518 -0.6990968585 0.2816428542
-0.8601507545 -0.09393449128 0.5013153553
-0.9513383508 0.190579921 0.2421460003
-0.243650943 0.2158127427 0.9455469847
-0.5054689646 -0.0733903423 0.8597180247
-0.2873424888 -0.6844682693 0.6700280905
-0.006361484528 -0.9238500595 0.382701844
0.006358885206 -0.9238500595 0.382701844
0.2873384356 -0.6844716668 0.6700263023
0.5054696798 -0.07340089232 0.8597166538
0.2436503619 0.2158064246 0.9455485344
0.9513379335 0.1905835122 0.2421445251
0.8601526618 -0.09393695742 0.5013116002
0.6572256684 -0.6990938187 0.2816422582
0.3689594269 -0.929425776 0.00604879763
0.3689593971 -0.929425776 -0.006049187388
0.6572261453 -0.6990930438 -0.2816430628
0.8601527214 -0.09393494576 -0.5013118386
0.9513377547 0.1905844361 -0.2421448231
0.2436503321 0.2158088684 -0.9455480576
0.505469799 -0.07339885831 -0.859716773
0.2873387039 -0.6844708323 -0.6700270176
0.006358874496 -0.9238500595 -0.3827019036
-0.006361483596 -0.9238499403 -0.3827019036
-0.2873428464 -0.6844674349 -0.6700288057
-0.5054690838 -0.07338836789 -0.8597181439
-0.2436509132 0.2158151567 -0.9455465078
0.1858902574 0.9614768028 0.202502057
0.2398367822 0.9486687183 0.2061698735
0.08480620384 0.9911492467 0.1021327898
0.0538902767 0.9887663126 0.1394168437
-0.08480687439 0.9911491871 0.1021327451
-0.05389132351 0.9887661934 0.1394168884
-0.2398324311 0.9486700892 0.2061683089
-0.185886398 0.9614778757 0.2025003582
0.8142527342 0.5517819524 -0.1803580374
0.6822497249 0.6293798685 -0.3720433414
0.4553793669 0.8704192042 -0.1870833188
0.2932495773 0.955991745 -0.009196306579
0.2922857404 0.9552761316 0.04490471631
0.292743504 0.9518025517 0.09150490165
0.586194694 0.7921551466 0.1698996574
0.6066427231 0.7899949551 0.08884057403
-0.4788307548 0.4627659619 -0.7460353374
-0.2089879066 0.5716081262 -0.7934658527
-0.247910127 0.8346529007 -0.4918283522
-0.0336369276 0.9323244691 -0.3600549996
0.03363551944 0.9323244691 -0.3600549996
0.2479153275 0.8346482515 -0.4918335676
0.4788326919 0.4627598822 -0.7460379601
0.2089917958 0.5716011524 -0.7934699655
-0.5861769915 0.7921687365 0.1698976606
-0.6066401005 0.7899967432 0.08884280175
-0.2927550972 0.9517987967 0.09150737524
-0.292296946 0.9552727342 0.04490694031
-0.2932608128 0.9559882283 -0.009194246493
-0.4553841352 0.8704177737 -0.1870774776
-0.682256341 0.6293765903 -0.3720367551
-0.8142517805 0.5517850518 -0.1803529412
