9408
20096
11278
11348
30308
20192
16878
22026
5274
19012
21994
11224
27402
11378
11258
30450
31816
30766
30950
31396
30396
30004
30074
30492
30170
30418
30274
30140
30254
30008
30454
29502
14698
19204
30268
18152
12540
30128
30322
30326
14028
8324
6824
12572
10794
4784
4052
10348
6220
14836
5712
3104
4988
14810
5696
17538
14822
3710
5786
4746
10796
11234
11034
13590
12892
15474
15298
11162
13398
11258
11694
10452
10214
10084
17354
11842
13170
14936
13374
14698
12736
16594
12748
13696
16772
14072
14936
16416
15304
15750
17276
11730
16432
14468
14706
17004
16330
12304
13758
16124
16998
31456
19304
17306
18530
28104
22854
21008
20602
16920
16100
27256
21500
11588
20086
26926
28744
18306
24652
20242
11888
14498
30982
6198
2682
12646
23808
12324
12284
15490
22098
15620
20932
21860
30398
28248
18244
19184
16030
18396
27848
19600
18536
30160
26408
27424
27406
26746
27172
27154
25388
21082
27158
27854
28764
20196
27762
29170
27856
20160
27648
20188
21758
29014
20462
22176
25290
21500
25118
24996
29806
20278
27730
25658
18956
24996
25082
24346
26644
19092
14480
20562
22822
9366
4974
13210
15256
17202
28164
14996
27528
13978
14624
16938
17044
14220
15102
19124
17290
3026
8970
8978
7808
8810
8952
9584
10400
12204
10216
11012
8564
8592
7922
7604
8922
8952
10398
12392
7880
8910
14238
10506
13308
10118
12148
10428
10428
11180
10486
15142
12524
10876
20368
14992
10496
9686
8874
10188
10238
13662
6952
15694
6312
8998
12946
8434
11034
23576
7424
8556
6312
12698
12324
7272
10104
11936
4266
17888
18026
4990
0
0
0
0
0
0
0
0
0
0
0
0
0
0
0
0
0
0
0
0
50542
48942
48964
50984
50382
50212
50978
39996
50418
50858
49226
43544
29996
32998
33556
31660
30626
29996
34230
34902
18500
50246
31028
50930
55644
53592
54874
47948
10390
16522
50456
53966
21700
52870
51532
46786
55448
50286
53112
54232
29986
29978
29978
29620
29994
29986
29870
29984
29994
29996
29996
29990
29880
29990
29986
31006
23062
38802
29996
29990
3322
3322
3322
6360
7224
7170
5242
5132
5132
17514
10380
20796
3020
5816
29984
29980
29764
28266
29924
4396
29734
28952
26864
27100
27028
21274
7800
22400
27212
27836
29194
13368
21112
29744
23520
25132
30342
13368
13842
18708
13872
16152
26658
9420
20868
4170
29356
16818
18976
18474
8626
17232
19510
18014
22620
11072
14532
2956
7818
7402
