8 1 4 10 9 798 797 11 22 
2 0 8 4 740 5 31 9 10 
1 799 30 29 31 8 18 26 16 
3 3 3 3 3 3 3 3 3 
0 5 1 10 22 21 17 9 8 
4 740 22 1 742 23 21 741 0 
3 3 3 3 3 3 3 3 3 
3 3 3 3 3 3 3 3 3 
9 0 1 799 798 2 10 4 796 
8 10 798 0 797 4 1 796 799 
9 0 11 4 797 1 8 796 798 
32 10 17 35 18 33 34 28 0 
3 3 3 3 3 3 3 3 3 
3 3 3 3 3 3 3 3 3 
3 3 3 3 3 3 3 3 3 
3 3 3 3 3 3 3 3 3 
20 18 17 30 21 2 26 29 31 
16 11 32 21 4 18 33 35 34 
16 32 29 28 30 17 33 35 34 
3 3 3 3 3 3 3 3 3 
16 26 21 23 30 2 18 29 31 
20 23 22 16 17 4 5 742 740 
21 23 742 5 740 4 0 10 17 
24 21 20 22 760 26 742 766 25 
23 26 760 25 766 22 20 742 21 
31 767 24 26 23 760 766 30 747 
24 20 25 30 23 760 766 2 18 
3 3 3 3 3 3 3 3 3 
32 29 18 33 42 776 77 17 35 
30 2 18 28 776 777 799 794 26 
31 16 26 29 2 20 18 1 8 
25 30 747 741 767 2 1 18 26 
11 18 33 28 35 34 17 30 16 
32 40 34 28 42 18 17 35 11 
40 41 32 35 33 36 44 45 802 
32 37 34 11 797 36 18 17 33 
37 35 34 44 41 45 802 42 46 
36 35 808 796 797 44 802 798 792 
3 3 3 3 3 3 3 3 3 
3 3 3 3 3 3 3 3 3 
41 34 42 33 44 32 36 35 46 
40 42 34 44 45 802 37 36 46 
41 40 33 28 44 45 46 77 802 
3 3 3 3 3 3 3 3 3 
45 41 46 36 42 34 802 37 40 
44 46 42 41 802 37 34 36 77 
45 44 47 77 42 841 802 41 37 
842 74 843 76 77 46 78 72 776 
3 3 3 3 3 3 3 3 3 
3 3 3 3 3 3 3 3 3 
3 3 3 3 3 3 3 3 3 
3 3 3 3 3 3 3 3 3 
3 3 3 3 3 3 3 3 3 
3 3 3 3 3 3 3 3 3 
3 3 3 3 3 3 3 3 3 
3 3 3 3 3 3 3 3 3 
3 3 3 3 3 3 3 3 3 
3 3 3 3 3 3 3 3 3 
3 3 3 3 3 3 3 3 3 
3 3 3 3 3 3 3 3 3 
3 3 3 3 3 3 3 3 3 
3 3 3 3 3 3 3 3 3 
3 3 3 3 3 3 3 3 3 
3 3 3 3 3 3 3 3 3 
67 69 66 65 843 839 854 838 836 
64 843 839 66 67 69 842 47 74 
64 67 839 854 836 838 949 840 842 
69 64 66 948 952 949 839 854 838 
69 73 952 87 82 81 956 72 78 
68 67 64 73 74 81 87 952 82 
3 3 3 3 3 3 3 3 3 
3 3 3 3 3 3 3 3 3 
73 78 74 76 81 77 47 776 68 
68 72 74 69 81 87 952 82 956 
73 47 72 69 76 843 77 78 776 
3 3 3 3 3 3 3 3 3 
78 72 77 776 47 74 46 28 42 
76 776 47 46 28 42 74 78 72 
76 72 79 776 81 777 80 77 74 
80 78 769 768 777 76 72 776 81 
79 83 81 769 82 78 68 87 76 
80 82 73 68 78 72 87 952 69 
83 80 87 81 68 73 952 69 956 
82 80 769 84 770 87 86 85 99 
85 86 87 83 99 770 98 624 625 
86 99 84 98 770 83 87 103 96 
85 87 84 98 625 624 770 83 99 
86 624 84 82 68 956 83 81 73 
3 3 3 3 3 3 3 3 3 
3 3 3 3 3 3 3 3 3 
3 3 3 3 3 3 3 3 3 
3 3 3 3 3 3 3 3 3 
3 3 3 3 3 3 3 3 3 
3 3 3 3 3 3 3 3 3 
3 3 3 3 3 3 3 3 3 
3 3 3 3 3 3 3 3 3 
98 97 590 625 103 86 99 85 588 
96 106 103 591 590 98 625 588 633 
96 99 85 86 625 103 102 97 104 
85 103 98 770 84 102 772 86 83 
101 104 102 105 822 823 816 817 821 
100 828 102 788 823 790 822 105 104 
103 101 100 788 99 822 823 105 104 
104 102 97 99 106 98 86 85 96 
105 103 100 106 822 823 102 101 98 
104 106 100 821 822 820 576 817 818 
105 97 104 591 103 98 102 99 100 
3 3 3 3 3 3 3 3 3 
3 3 3 3 3 3 3 3 3 
3 3 3 3 3 3 3 3 3 
3 3 3 3 3 3 3 3 3 
3 3 3 3 3 3 3 3 3 
3 3 3 3 3 3 3 3 3 
3 3 3 3 3 3 3 3 3 
3 3 3 3 3 3 3 3 3 
3 3 3 3 3 3 3 3 3 
3 3 3 3 3 3 3 3 3 
3 3 3 3 3 3 3 3 3 
3 3 3 3 3 3 3 3 3 
3 3 3 3 3 3 3 3 3 
3 3 3 3 3 3 3 3 3 
3 3 3 3 3 3 3 3 3 
3 3 3 3 3 3 3 3 3 
3 3 3 3 3 3 3 3 3 
3 3 3 3 3 3 3 3 3 
3 3 3 3 3 3 3 3 3 
3 3 3 3 3 3 3 3 3 
3 3 3 3 3 3 3 3 3 
130 135 129 138 134 137 160 132 139 
128 139 138 137 208 212 1116 1119 130 
128 1117 145 135 1116 139 144 149 1114 
3 3 3 3 3 3 3 3 3 
134 133 135 161 160 167 147 137 162 
132 135 145 146 147 151 986 144 130 
132 135 160 128 161 137 162 138 130 
128 133 132 130 134 160 144 145 1116 
137 168 170 162 210 1002 1000 171 160 
136 138 210 162 208 160 128 161 132 
137 128 139 129 208 160 162 136 210 
129 1116 1119 138 130 212 137 208 128 
3 3 3 3 3 3 3 3 3 
3 3 3 3 3 3 3 3 3 
3 3 3 3 3 3 3 3 3 
3 3 3 3 3 3 3 3 3 
145 1114 130 1117 149 203 1115 1116 139 
130 144 146 133 151 149 1117 1114 203 
147 145 133 986 151 144 130 149 984 
146 167 133 989 984 132 986 985 990 
151 149 196 203 150 221 220 218 219 
148 203 151 145 144 1117 130 1114 220 
219 226 986 227 148 220 151 221 218 
148 150 986 149 146 145 220 203 221 
3 3 3 3 3 3 3 3 3 
3 3 3 3 3 3 3 3 3 
3 3 3 3 3 3 3 3 3 
3 3 3 3 3 3 3 3 3 
3 3 3 3 3 3 3 3 3 
3 3 3 3 3 3 3 3 3 
3 3 3 3 3 3 3 3 3 
3 3 3 3 3 3 3 3 3 
161 162 134 132 137 166 167 173 147 
160 162 167 132 166 173 137 134 172 
161 160 173 137 172 136 132 134 166 
3 3 3 3 3 3 3 3 3 
166 976 165 174 175 962 981 173 161 
164 981 962 174 175 166 976 171 169 
164 161 167 172 173 976 989 175 165 
161 147 166 989 132 984 146 133 986 
169 170 136 172 174 1002 1000 171 961 
168 175 174 172 171 961 165 962 166 
168 171 1002 136 1000 960 997 1003 1001 
170 961 960 1002 174 1000 136 168 962 
173 168 162 175 169 166 174 165 160 
172 162 161 166 160 137 136 164 976 
962 175 169 961 168 171 165 170 960 
169 174 172 166 165 171 168 961 962 
3 3 3 3 3 3 3 3 3 
3 3 3 3 3 3 3 3 3 
3 3 3 3 3 3 3 3 3 
3 3 3 3 3 3 3 3 3 
3 3 3 3 3 3 3 3 3 
3 3 3 3 3 3 3 3 3 
3 3 3 3 3 3 3 3 3 
3 3 3 3 3 3 3 3 3 
3 3 3 3 3 3 3 3 3 
3 3 3 3 3 3 3 3 3 
3 3 3 3 3 3 3 3 3 
3 3 3 3 3 3 3 3 3 
3 3 3 3 3 3 3 3 3 
3 3 3 3 3 3 3 3 3 
3 3 3 3 3 3 3 3 3 
3 3 3 3 3 3 3 3 3 
193 200 197 198 194 575 218 217 213 
192 218 217 194 197 213 575 198 200 
1107 552 200 193 574 192 559 575 198 
3 3 3 3 3 3 3 3 3 
221 197 148 198 203 220 149 150 151 
196 198 192 218 193 221 194 200 220 
197 201 203 202 192 196 200 193 194 
3 3 3 3 3 3 3 3 3 
201 192 1107 194 198 193 197 1106 1104 
200 202 1107 198 1106 1104 554 1109 1108 
201 1104 203 198 1114 1112 1105 1098 1113 
202 198 149 148 196 144 1114 1117 130 
3 3 3 3 3 3 3 3 3 
3 3 3 3 3 3 3 3 3 
3 3 3 3 3 3 3 3 3 
3 3 3 3 3 3 3 3 3 
209 213 212 210 137 138 139 128 129 
208 217 210 213 575 212 193 138 137 
1000 1011 209 137 208 217 136 170 1001 
3 3 3 3 3 3 3 3 3 
208 572 575 213 1119 139 570 573 1118 
575 208 217 209 193 212 572 574 194 
3 3 3 3 3 3 3 3 3 
3 3 3 3 3 3 3 3 3 
217 239 218 236 1011 227 219 237 224 
216 209 1011 213 193 210 218 236 239 
220 216 193 236 197 217 221 219 227 
227 220 150 236 218 239 216 237 224 
221 219 218 150 148 203 149 151 196 
220 196 148 218 197 150 219 203 149 
3 3 3 3 3 3 3 3 3 
3 3 3 3 3 3 3 3 3 
233 225 237 226 228 236 227 239 218 
226 224 229 236 237 228 233 150 986 
227 225 229 224 150 985 986 236 237 
226 219 236 150 239 218 216 237 224 
229 234 224 991 233 237 232 238 1012 
226 228 985 225 990 991 233 234 224 
3 3 3 3 3 3 3 3 3 
3 3 3 3 3 3 3 3 3 
233 234 1008 1013 1010 238 1009 239 997 
232 224 238 234 237 228 236 239 991 
232 1012 233 1013 228 991 229 224 1022 
3 3 3 3 3 3 3 3 3 
237 219 227 218 224 216 239 226 150 
236 224 238 239 233 227 218 219 216 
233 239 237 232 236 224 1010 234 1013 
238 216 237 1010 1011 236 227 218 219 
3 3 3 3 3 3 3 3 3 
3 3 3 3 3 3 3 3 3 
3 3 3 3 3 3 3 3 3 
3 3 3 3 3 3 3 3 3 
3 3 3 3 3 3 3 3 3 
3 3 3 3 3 3 3 3 3 
3 3 3 3 3 3 3 3 3 
3 3 3 3 3 3 3 3 3 
3 3 3 3 3 3 3 3 3 
3 3 3 3 3 3 3 3 3 
3 3 3 3 3 3 3 3 3 
3 3 3 3 3 3 3 3 3 
3 3 3 3 3 3 3 3 3 
3 3 3 3 3 3 3 3 3 
3 3 3 3 3 3 3 3 3 
3 3 3 3 3 3 3 3 3 
257 295 294 296 297 264 258 267 292 
256 258 267 294 296 264 266 300 301 
261 257 271 267 259 294 264 296 256 
355 271 260 258 261 642 354 284 257 
261 259 355 642 258 271 354 284 288 
258 288 260 642 293 259 355 648 291 
3 3 3 3 3 3 3 3 3 
3 3 3 3 3 3 3 3 3 
265 297 300 267 266 301 257 613 270 
264 266 300 609 608 613 267 270 611 
267 613 265 270 264 612 609 257 258 
257 270 266 271 258 264 613 265 300 
616 612 269 285 617 270 613 609 614 
286 285 638 287 276 268 616 299 639 
271 267 613 284 266 285 268 612 609 
259 270 258 267 284 613 266 268 285 
280 352 358 273 275 354 345 353 281 
274 272 275 280 287 292 277 352 358 
275 277 273 292 287 272 280 290 291 
274 658 273 657 290 292 272 358 289 
277 639 638 269 287 299 298 295 619 
274 276 295 299 292 287 638 639 269 
3 3 3 3 3 3 3 3 3 
3 3 3 3 3 3 3 3 3 
282 281 272 352 273 287 354 345 358 
280 282 284 352 354 272 345 358 353 
280 286 284 281 287 354 270 285 271 
3 3 3 3 3 3 3 3 3 
285 282 354 355 270 271 281 352 345 
284 286 269 268 270 612 617 616 613 
269 285 282 287 276 274 273 280 277 
286 269 282 280 276 274 277 273 299 
291 289 261 642 648 657 640 649 260 
288 290 291 648 657 275 292 642 261 
291 289 275 657 292 274 272 273 358 
288 290 293 292 289 275 657 648 642 
293 294 291 274 277 275 295 290 289 
292 291 294 261 290 288 289 256 257 
292 293 295 256 258 257 296 264 267 
277 296 256 294 299 292 297 257 276 
297 295 256 257 294 264 258 267 299 
298 296 264 301 295 266 300 257 267 
297 299 302 639 301 303 276 295 277 
298 277 295 639 276 638 287 269 302 
931 264 265 608 301 609 611 266 257 
302 297 264 300 298 303 931 639 266 
301 303 298 639 299 297 930 928 929 
302 639 928 930 301 931 929 932 933 
3 3 3 3 3 3 3 3 3 
3 3 3 3 3 3 3 3 3 
3 3 3 3 3 3 3 3 3 
3 3 3 3 3 3 3 3 3 
3 3 3 3 3 3 3 3 3 
3 3 3 3 3 3 3 3 3 
3 3 3 3 3 3 3 3 3 
3 3 3 3 3 3 3 3 3 
3 3 3 3 3 3 3 3 3 
3 3 3 3 3 3 3 3 3 
3 3 3 3 3 3 3 3 3 
3 3 3 3 3 3 3 3 3 
3 3 3 3 3 3 3 3 3 
3 3 3 3 3 3 3 3 3 
3 3 3 3 3 3 3 3 3 
3 3 3 3 3 3 3 3 3 
660 321 322 324 325 326 351 662 647 
320 323 322 326 324 660 331 351 327 
661 320 321 323 660 363 324 662 647 
321 327 326 322 1163 1158 324 331 351 
325 351 326 320 660 348 644 646 647 
324 348 644 351 647 646 349 350 347 
327 330 323 324 351 331 321 325 320 
330 326 323 1163 1162 324 331 321 351 
329 1181 1182 1180 1172 1176 1179 1183 330 
330 328 331 1177 1182 1181 1180 1172 1176 
329 327 326 331 1181 1162 324 321 351 
351 1177 329 330 326 324 321 327 323 
3 3 3 3 3 3 3 3 3 
3 3 3 3 3 3 3 3 3 
3 3 3 3 3 3 3 3 3 
3 3 3 3 3 3 3 3 3 
341 337 364 342 1159 365 340 366 367 
336 421 338 364 1159 342 341 420 418 
337 427 349 341 340 421 346 342 343 
3 3 3 3 3 3 3 3 3 
341 346 349 338 342 343 644 347 421 
336 340 342 338 346 349 343 364 337 
341 343 367 340 366 365 336 346 338 
367 342 346 347 357 344 340 353 345 
347 357 345 643 645 343 353 340 346 
344 643 354 352 272 358 353 280 281 
347 340 349 343 644 325 646 645 338 
344 346 343 645 644 353 345 643 357 
349 350 351 325 426 427 644 324 646 
348 427 346 338 350 340 644 325 351 
351 348 426 349 427 325 424 1177 425 
350 331 348 324 326 325 426 1177 349 
354 353 272 358 280 345 281 355 643 
352 356 358 344 359 357 354 272 345 
352 355 643 345 284 642 272 358 353 
354 259 260 284 261 642 352 345 643 
357 353 358 359 352 344 272 275 658 
356 359 344 367 343 353 358 347 345 
352 356 272 353 359 658 275 357 354 
357 361 356 367 658 656 358 353 344 
362 361 663 661 366 365 363 650 651 
360 359 656 362 367 366 365 363 657 
360 363 365 361 366 342 367 364 1158 
1158 365 362 661 322 366 360 361 320 
365 1159 336 337 342 341 421 338 1163 
366 364 363 362 1158 342 360 361 336 
365 367 342 362 361 363 360 340 336 
343 366 357 359 342 361 356 344 362 
3 3 3 3 3 3 3 3 3 
3 3 3 3 3 3 3 3 3 
3 3 3 3 3 3 3 3 3 
3 3 3 3 3 3 3 3 3 
3 3 3 3 3 3 3 3 3 
3 3 3 3 3 3 3 3 3 
3 3 3 3 3 3 3 3 3 
3 3 3 3 3 3 3 3 3 
3 3 3 3 3 3 3 3 3 
3 3 3 3 3 3 3 3 3 
3 3 3 3 3 3 3 3 3 
3 3 3 3 3 3 3 3 3 
3 3 3 3 3 3 3 3 3 
3 3 3 3 3 3 3 3 3 
3 3 3 3 3 3 3 3 3 
3 3 3 3 3 3 3 3 3 
390 385 386 394 416 389 413 431 419 
384 416 419 386 390 394 413 431 395 
384 395 431 413 385 419 390 394 416 
3 3 3 3 3 3 3 3 3 
1160 1157 1161 1152 389 1153 416 1162 1174 
390 394 1152 388 1161 1153 416 1157 1160 
384 389 394 416 386 385 1152 1153 417 
3 3 3 3 3 3 3 3 3 
393 400 409 1164 408 410 395 394 1165 
395 392 410 394 409 1164 400 1161 1165 
395 384 390 389 393 1164 1161 392 1165 
394 410 393 386 412 413 402 415 392 
3 3 3 3 3 3 3 3 3 
3 3 3 3 3 3 3 3 3 
3 3 3 3 3 3 3 3 3 
3 3 3 3 3 3 3 3 3 
401 403 408 392 1165 409 393 1164 1170 
400 1166 1165 1164 1170 1161 1175 1167 403 
413 408 412 403 415 1178 428 431 429 
404 400 402 1166 408 1178 405 1165 1167 
403 405 1178 1173 402 429 1179 1169 1167 
404 1167 1178 1169 403 1173 402 429 1179 
3 3 3 3 3 3 3 3 3 
3 3 3 3 3 3 3 3 3 
414 409 400 402 415 403 410 392 1165 
408 410 393 392 400 1164 395 394 414 
409 395 414 415 393 412 402 413 408 
3 3 3 3 3 3 3 3 3 
413 415 395 402 410 428 1178 431 403 
412 386 402 431 395 415 410 428 1178 
408 415 410 412 402 400 403 409 393 
414 410 412 408 402 413 395 428 1178 
385 417 390 384 419 1153 1152 388 389 
416 419 418 1153 1152 1157 1154 1156 420 
419 417 420 1154 421 427 430 338 337 
418 431 417 430 420 416 385 386 427 
427 418 421 419 430 386 416 431 417 
337 420 418 427 1154 338 419 430 417 
3 3 3 3 3 3 3 3 3 
3 3 3 3 3 3 3 3 3 
426 425 430 427 431 1177 351 350 1176 
424 428 429 426 431 402 430 427 1177 
424 350 1177 1176 351 427 425 430 431 
420 338 349 430 421 424 350 426 431 
429 425 431 402 424 430 413 386 419 
428 1178 425 1176 431 402 426 1177 1182 
419 431 424 427 420 426 425 418 421 
419 430 386 428 413 425 424 402 429 
3 3 3 3 3 3 3 3 3 
3 3 3 3 3 3 3 3 3 
3 3 3 3 3 3 3 3 3 
3 3 3 3 3 3 3 3 3 
3 3 3 3 3 3 3 3 3 
3 3 3 3 3 3 3 3 3 
3 3 3 3 3 3 3 3 3 
3 3 3 3 3 3 3 3 3 
3 3 3 3 3 3 3 3 3 
3 3 3 3 3 3 3 3 3 
3 3 3 3 3 3 3 3 3 
3 3 3 3 3 3 3 3 3 
3 3 3 3 3 3 3 3 3 
3 3 3 3 3 3 3 3 3 
3 3 3 3 3 3 3 3 3 
3 3 3 3 3 3 3 3 3 
449 895 452 453 894 888 886 887 451 
450 448 887 453 451 895 452 894 473 
449 473 887 461 451 474 448 895 453 
459 460 453 450 458 1053 461 449 1049 
453 1053 448 893 1043 895 449 894 451 
452 451 1053 449 448 895 894 893 1043 
3 3 3 3 3 3 3 3 3 
3 3 3 3 3 3 3 3 3 
457 458 1050 469 468 1049 460 451 459 
456 469 468 458 1050 460 476 479 464 
456 460 1049 459 451 468 1048 1050 476 
1049 451 1052 458 1048 1053 460 456 468 
461 458 451 468 476 1049 459 456 450 
462 460 463 474 450 476 451 477 495 
461 491 495 463 474 450 460 451 476 
477 461 493 462 488 484 483 487 491 
469 466 465 1050 887 472 478 479 467 
464 884 1050 887 886 466 469 888 895 
467 469 478 464 472 479 887 1050 465 
466 473 472 887 474 478 491 464 469 
476 479 457 460 456 469 458 1049 451 
466 457 1050 464 456 468 887 465 472 
3 3 3 3 3 3 3 3 3 
3 3 3 3 3 3 3 3 3 
478 473 466 474 467 491 887 450 462 
474 472 467 450 887 449 461 451 478 
473 472 461 450 491 462 495 463 449 
3 3 3 3 3 3 3 3 3 
477 468 490 478 479 461 460 488 491 
476 463 488 490 461 493 491 489 478 
472 466 479 490 491 476 488 477 467 
478 468 476 466 490 472 491 464 469 
492 483 486 481 495 493 494 485 487 
480 486 482 483 485 495 487 492 484 
486 485 484 481 483 495 487 480 492 
480 484 493 492 463 482 481 495 494 
485 487 483 482 463 486 481 488 462 
484 482 487 486 481 495 480 483 463 
487 480 482 495 481 485 483 484 492 
486 484 495 463 485 481 482 480 488 
489 490 477 491 493 463 492 483 494 
488 494 493 491 477 490 463 462 472 
491 488 476 478 477 493 489 463 472 
490 494 478 488 489 462 474 472 493 
493 480 495 494 483 486 462 487 481 
492 463 494 489 488 483 495 480 477 
489 491 493 492 495 480 483 488 490 
492 480 494 462 486 487 483 493 481 
3 3 3 3 3 3 3 3 3 
3 3 3 3 3 3 3 3 3 
3 3 3 3 3 3 3 3 3 
3 3 3 3 3 3 3 3 3 
3 3 3 3 3 3 3 3 3 
3 3 3 3 3 3 3 3 3 
3 3 3 3 3 3 3 3 3 
3 3 3 3 3 3 3 3 3 
3 3 3 3 3 3 3 3 3 
3 3 3 3 3 3 3 3 3 
3 3 3 3 3 3 3 3 3 
3 3 3 3 3 3 3 3 3 
3 3 3 3 3 3 3 3 3 
3 3 3 3 3 3 3 3 3 
3 3 3 3 3 3 3 3 3 
3 3 3 3 3 3 3 3 3 
519 514 513 517 522 521 518 523 516 
514 512 517 856 858 516 857 529 519 
512 513 521 522 519 567 564 523 520 
3 3 3 3 3 3 3 3 3 
517 857 513 856 529 518 512 530 519 
513 519 516 512 518 530 535 523 545 
519 535 517 544 545 523 516 512 530 
512 523 518 517 522 514 567 564 521 
861 521 945 854 858 564 856 863 513 
858 514 520 522 861 945 854 564 519 
523 514 567 519 564 521 518 512 517 
544 519 522 518 574 571 567 564 521 
3 3 3 3 3 3 3 3 3 
3 3 3 3 3 3 3 3 3 
3 3 3 3 3 3 3 3 3 
3 3 3 3 3 3 3 3 3 
529 862 914 913 531 920 915 912 592 
528 531 862 516 517 857 513 856 914 
531 533 517 532 535 528 529 921 920 
529 530 921 528 920 914 915 913 862 
896 533 535 530 898 534 1088 545 548 
532 530 898 927 926 903 921 531 535 
535 1088 545 548 532 518 544 546 530 
545 518 534 517 532 530 1088 548 523 
3 3 3 3 3 3 3 3 3 
3 3 3 3 3 3 3 3 3 
3 3 3 3 3 3 3 3 3 
3 3 3 3 3 3 3 3 3 
3 3 3 3 3 3 3 3 3 
3 3 3 3 3 3 3 3 3 
3 3 3 3 3 3 3 3 3 
3 3 3 3 3 3 3 3 3 
523 545 546 518 517 535 519 522 571 
544 535 546 534 548 518 1088 532 517 
544 547 545 556 548 574 534 549 1088 
556 546 549 548 534 545 1088 544 574 
549 547 1088 545 546 534 535 532 556 
1091 547 556 548 557 1088 534 545 546 
3 3 3 3 3 3 3 3 3 
3 3 3 3 3 3 3 3 3 
554 553 194 1108 1091 559 192 200 574 
558 552 559 557 1091 194 1108 554 556 
552 1107 1106 1108 194 559 553 1091 201 
3 3 3 3 3 3 3 3 3 
559 547 557 549 546 558 574 553 548 
556 558 553 549 1091 559 546 574 547 
553 559 557 556 546 574 549 547 552 
556 574 553 558 552 194 1108 1091 554 
563 561 564 944 945 946 947 916 520 
560 944 916 947 564 945 563 946 562 
563 923 904 912 564 916 565 905 566 
560 562 564 916 944 561 945 904 923 
565 563 560 567 522 520 945 562 858 
564 566 904 567 562 923 905 912 563 
567 565 906 904 568 905 571 569 923 
566 522 564 568 565 523 519 521 514 
571 569 906 566 567 522 564 565 523 
568 900 571 906 567 566 907 905 570 
571 572 1118 573 900 574 575 569 907 
570 568 569 523 573 574 567 906 566 
573 212 575 570 1118 1119 900 571 1116 
572 574 571 570 575 900 1118 1119 212 
559 575 194 556 573 546 523 571 548 
213 572 574 212 194 193 573 570 1119 
577 818 579 820 591 855 105 853 852 
576 848 580 855 581 579 863 853 820 
581 579 598 596 584 597 599 580 589 
578 591 589 581 580 576 584 588 848 
581 848 579 863 577 598 599 578 576 
580 578 579 598 599 597 596 848 863 
3 3 3 3 3 3 3 3 3 
3 3 3 3 3 3 3 3 3 
589 585 579 635 942 596 578 588 598 
586 584 942 940 635 589 596 579 578 
585 941 940 942 943 584 635 954 958 
3 3 3 3 3 3 3 3 3 
590 635 591 589 579 96 97 625 633 
588 584 579 635 596 585 942 578 590 
588 96 633 591 635 625 97 98 579 
588 579 106 590 97 576 853 820 105 
593 596 594 597 917 915 598 599 916 
592 594 596 597 917 915 598 584 578 
593 596 592 942 916 917 947 597 915 
3 3 3 3 3 3 3 3 3 
597 592 594 593 578 942 584 598 599 
596 598 592 599 915 581 578 917 594 
599 581 578 597 596 592 915 593 584 
598 862 581 863 915 597 596 578 580 
3 3 3 3 3 3 3 3 3 
3 3 3 3 3 3 3 3 3 
3 3 3 3 3 3 3 3 3 
3 3 3 3 3 3 3 3 3 
3 3 3 3 3 3 3 3 3 
3 3 3 3 3 3 3 3 3 
3 3 3 3 3 3 3 3 3 
3 3 3 3 3 3 3 3 3 
609 611 300 931 265 612 613 264 301 
608 613 611 612 265 268 614 617 266 
611 932 959 626 930 931 933 612 608 
610 932 612 609 608 931 626 629 613 
613 617 614 268 611 609 266 270 608 
612 609 270 266 268 614 611 617 267 
615 612 617 628 616 629 613 609 268 
614 631 619 628 618 637 612 616 617 
619 617 268 638 614 269 612 285 270 
616 612 614 268 613 609 611 285 269 
619 637 631 615 614 628 636 630 936 
616 639 618 638 615 637 631 614 628 
3 3 3 3 3 3 3 3 3 
3 3 3 3 3 3 3 3 3 
3 3 3 3 3 3 3 3 3 
3 3 3 3 3 3 3 3 3 
626 87 632 625 86 959 84 98 85 
96 632 624 590 86 98 103 99 85 
624 628 630 632 629 611 610 932 959 
3 3 3 3 3 3 3 3 3 
629 626 631 630 614 615 612 616 617 
628 614 626 611 612 615 616 617 608 
626 632 628 636 631 634 633 637 614 
615 628 618 636 637 630 634 633 619 
633 630 624 625 626 86 959 87 98 
632 634 635 590 636 630 631 637 96 
633 636 635 637 630 631 590 632 584 
588 589 633 634 590 940 584 585 936 
637 634 631 630 633 635 628 632 626 
636 618 631 619 938 928 639 634 936 
269 616 276 619 639 299 287 277 268 
619 276 638 303 299 298 302 637 928 
641 642 649 648 651 643 288 289 657 
640 646 645 643 648 651 642 649 344 
640 261 288 643 260 354 648 259 355 
354 645 345 642 641 344 640 343 353 
645 325 646 349 347 346 348 324 647 
644 643 646 347 641 344 343 353 345 
641 644 325 645 650 651 647 347 349 
662 660 325 646 650 663 651 324 320 
649 640 657 289 288 642 291 261 290 
651 640 648 663 657 288 289 642 650 
651 662 646 663 647 649 656 657 661 
649 650 646 640 663 662 647 648 641 
3 3 3 3 3 3 3 3 3 
3 3 3 3 3 3 3 3 3 
3 3 3 3 3 3 3 3 3 
3 3 3 3 3 3 3 3 3 
657 663 658 361 359 290 648 649 275 
656 658 275 648 663 290 289 649 292 
275 657 656 359 358 663 361 290 648 
3 3 3 3 3 3 3 3 3 
320 661 647 662 322 324 325 326 351 
322 660 363 360 663 662 324 320 647 
647 660 650 663 661 651 646 324 320 
360 656 649 650 662 657 661 651 647 
3 3 3 3 3 3 3 3 3 
3 3 3 3 3 3 3 3 3 
3 3 3 3 3 3 3 3 3 
3 3 3 3 3 3 3 3 3 
3 3 3 3 3 3 3 3 3 
3 3 3 3 3 3 3 3 3 
3 3 3 3 3 3 3 3 3 
3 3 3 3 3 3 3 3 3 
3 3 3 3 3 3 3 3 3 
3 3 3 3 3 3 3 3 3 
3 3 3 3 3 3 3 3 3 
3 3 3 3 3 3 3 3 3 
3 3 3 3 3 3 3 3 3 
3 3 3 3 3 3 3 3 3 
3 3 3 3 3 3 3 3 3 
3 3 3 3 3 3 3 3 3 
3 3 3 3 3 3 3 3 3 
3 3 3 3 3 3 3 3 3 
3 3 3 3 3 3 3 3 3 
3 3 3 3 3 3 3 3 3 
3 3 3 3 3 3 3 3 3 
3 3 3 3 3 3 3 3 3 
3 3 3 3 3 3 3 3 3 
3 3 3 3 3 3 3 3 3 
3 3 3 3 3 3 3 3 3 
3 3 3 3 3 3 3 3 3 
3 3 3 3 3 3 3 3 3 
3 3 3 3 3 3 3 3 3 
3 3 3 3 3 3 3 3 3 
3 3 3 3 3 3 3 3 3 
3 3 3 3 3 3 3 3 3 
3 3 3 3 3 3 3 3 3 
3 3 3 3 3 3 3 3 3 
3 3 3 3 3 3 3 3 3 
3 3 3 3 3 3 3 3 3 
3 3 3 3 3 3 3 3 3 
3 3 3 3 3 3 3 3 3 
3 3 3 3 3 3 3 3 3 
3 3 3 3 3 3 3 3 3 
3 3 3 3 3 3 3 3 3 
705 713 708 715 754 744 714 721 712 
704 706 752 708 756 755 753 754 757 
705 708 714 712 756 715 721 709 752 
3 3 3 3 3 3 3 3 3 
709 706 705 704 719 715 714 721 712 
708 721 714 720 719 715 712 706 718 
3 3 3 3 3 3 3 3 3 
3 3 3 3 3 3 3 3 3 
715 713 706 756 714 757 721 709 704 
712 704 715 744 757 714 721 718 719 
715 721 706 709 712 704 713 718 719 
714 712 721 719 704 717 713 708 718 
717 720 721 724 718 714 715 709 725 
716 718 715 721 714 704 712 713 719 
717 719 724 715 722 725 716 714 721 
722 715 708 718 709 714 721 704 712 
722 725 721 716 724 709 717 718 714 
714 709 720 715 716 717 712 706 704 
720 719 725 718 715 716 717 724 709 
3 3 3 3 3 3 3 3 3 
725 720 718 716 721 717 715 722 719 
724 720 722 718 715 716 717 719 721 
3 3 3 3 3 3 3 3 3 
3 3 3 3 3 3 3 3 3 
3 3 3 3 3 3 3 3 3 
3 3 3 3 3 3 3 3 3 
3 3 3 3 3 3 3 3 3 
3 3 3 3 3 3 3 3 3 
3 3 3 3 3 3 3 3 3 
3 3 3 3 3 3 3 3 3 
3 3 3 3 3 3 3 3 3 
3 3 3 3 3 3 3 3 3 
737 742 762 746 761 763 738 741 747 
736 738 744 746 745 741 742 747 762 
737 757 762 761 763 736 756 712 744 
3 3 3 3 3 3 3 3 3 
741 5 742 1 22 4 23 21 760 
742 740 746 31 747 22 1 5 737 
741 736 22 740 746 761 760 23 24 
3 3 3 3 3 3 3 3 3 
745 737 757 713 704 715 708 705 754 
744 754 747 764 737 746 31 741 767 
747 741 736 737 742 738 744 745 740 
745 746 31 764 767 741 737 742 736 
3 3 3 3 3 3 3 3 3 
3 3 3 3 3 3 3 3 3 
3 3 3 3 3 3 3 3 3 
3 3 3 3 3 3 3 3 3 
753 755 705 754 756 704 708 706 764 
752 756 763 755 765 705 754 757 706 
755 745 752 764 704 705 753 756 715 
754 764 752 753 705 756 704 745 763 
753 712 705 706 757 763 752 755 754 
738 744 756 763 713 712 752 706 705 
3 3 3 3 3 3 3 3 3 
3 3 3 3 3 3 3 3 3 
761 24 766 23 765 742 25 26 753 
760 763 762 765 742 24 766 23 736 
763 736 761 738 760 765 742 756 753 
762 761 753 765 757 756 736 738 760 
755 766 765 767 745 747 754 24 760 
764 766 753 763 761 760 24 23 742 
767 764 765 760 24 23 25 26 761 
766 25 764 31 747 24 760 765 26 
777 785 773 79 779 769 786 772 784 
770 772 80 79 83 773 768 786 788 
769 772 99 83 84 86 85 87 786 
3 3 3 3 3 3 3 3 3 
773 769 770 99 786 788 789 784 787 
772 784 768 785 769 786 789 788 787 
3 3 3 3 3 3 3 3 3 
3 3 3 3 3 3 3 3 3 
76 777 77 78 29 28 74 47 72 
768 79 794 776 29 779 78 76 28 
779 793 792 785 784 796 798 794 768 
778 794 768 785 777 793 792 784 773 
3 3 3 3 3 3 3 3 3 
3 3 3 3 3 3 3 3 3 
3 3 3 3 3 3 3 3 3 
3 3 3 3 3 3 3 3 3 
787 785 773 809 792 778 786 789 788 
784 768 773 778 779 793 792 786 809 
788 789 787 773 772 784 790 768 769 
784 810 786 790 789 773 788 772 778 
786 789 790 101 102 772 773 784 787 
788 786 790 787 773 784 772 810 102 
788 791 789 787 828 829 806 810 101 
829 806 790 830 807 804 810 801 800 
793 796 778 784 808 809 798 797 37 
792 794 798 778 796 797 37 779 785 
793 799 779 777 29 796 778 798 792 
3 3 3 3 3 3 3 3 3 
797 792 798 793 37 799 9 8 35 
796 798 35 9 37 10 792 793 799 
799 793 9 797 8 796 792 37 29 
798 2 794 8 29 796 9 793 797 
807 841 801 877 864 834 873 865 1026 
802 841 800 807 805 840 46 842 834 
801 805 44 37 46 41 45 42 34 
3 3 3 3 3 3 3 3 3 
805 807 806 810 809 808 790 791 830 
804 808 802 807 801 806 810 809 791 
791 807 810 804 790 805 808 809 830 
806 830 804 791 805 800 801 810 808 
809 37 805 792 804 806 807 810 796 
810 808 784 804 792 806 807 805 786 
809 806 787 804 790 807 805 808 791 
3 3 3 3 3 3 3 3 3 
3 3 3 3 3 3 3 3 3 
3 3 3 3 3 3 3 3 3 
3 3 3 3 3 3 3 3 3 
3 3 3 3 3 3 3 3 3 
817 823 822 870 852 818 871 820 100 
818 816 820 822 871 870 852 853 836 
817 576 820 853 852 816 871 870 822 
3 3 3 3 3 3 3 3 3 
821 818 817 576 105 852 816 871 870 
820 822 105 817 818 576 816 100 823 
821 823 817 816 105 100 870 852 818 
822 828 816 831 101 100 817 870 102 
1036 825 826 878 831 1037 1032 1028 1029 
824 875 878 1037 1041 830 879 831 872 
824 831 1028 870 868 1036 871 1029 816 
3 3 3 3 3 3 3 3 3 
829 101 823 831 830 790 100 788 102 
828 791 830 790 101 831 823 806 807 
831 791 829 807 878 828 879 877 101 
830 826 828 878 824 823 870 101 829 
833 869 835 837 834 838 836 840 800 
832 838 837 834 840 66 839 836 869 
833 835 832 840 841 838 800 839 66 
832 834 866 865 1031 869 867 868 840 
855 852 66 837 853 838 817 869 871 
838 833 832 836 869 840 66 839 834 
833 837 839 834 66 840 836 841 854 
842 66 838 840 843 65 841 64 834 
841 839 834 838 66 842 64 843 65 
842 840 834 839 800 801 46 838 44 
841 47 843 839 840 46 834 800 801 
842 47 65 839 74 64 841 66 67 
3 3 3 3 3 3 3 3 3 
3 3 3 3 3 3 3 3 3 
3 3 3 3 3 3 3 3 3 
3 3 3 3 3 3 3 3 3 
849 850 580 860 855 577 863 581 579 
848 850 855 854 860 853 836 576 577 
848 849 860 854 855 520 66 945 949 
3 3 3 3 3 3 3 3 3 
853 869 836 871 817 816 818 870 822 
855 852 836 818 576 817 869 871 66 
66 855 850 945 520 860 946 949 858 
853 836 848 849 854 850 576 577 520 
858 857 863 513 516 517 529 520 521 
856 516 862 517 513 529 528 599 863 
856 521 863 861 513 520 945 854 564 
3 3 3 3 3 3 3 3 3 
861 850 863 848 854 520 66 945 855 
860 858 520 863 945 854 521 564 848 
599 528 863 857 529 914 915 913 920 
858 856 860 580 862 861 599 848 581 
865 873 1026 800 835 867 872 876 892 
867 864 835 1026 873 800 866 834 832 
867 1031 835 868 869 1032 1030 1036 1033 
866 865 1026 1030 1024 1031 869 868 835 
869 871 866 1031 1028 1029 867 835 1036 
868 832 852 866 837 817 853 836 871 
871 826 1028 816 817 831 822 823 852 
870 868 852 817 1028 853 836 869 816 
873 875 892 891 1040 874 890 888 889 
876 874 872 864 1026 892 877 800 891 
876 873 875 872 877 891 1040 892 879 
825 878 1041 879 874 872 1040 891 873 
877 874 873 872 864 892 800 1026 879 
876 879 873 800 830 874 872 875 878 
879 824 831 875 825 830 872 874 1040 
878 830 875 877 876 874 873 800 824 
881 882 1054 883 1055 885 1052 1042 1043 
880 1042 1041 883 882 1054 1055 888 884 
880 885 1055 883 1054 881 888 1041 884 
885 889 888 880 884 881 882 1041 1055 
886 465 885 1048 1050 883 888 890 894 
884 882 883 1055 1048 1052 880 888 1041 
884 465 895 888 887 890 894 891 889 
450 895 464 465 449 473 467 886 466 
890 889 894 883 886 884 895 891 892 
888 883 891 1041 1040 872 875 890 894 
891 888 894 892 872 1025 893 873 448 
890 892 1040 889 872 888 873 875 874 
891 890 1025 893 872 894 873 1040 875 
894 1043 1034 452 892 1045 1025 872 873 
893 890 888 895 448 892 872 1025 873 
448 887 894 886 888 449 453 452 892 
532 1088 1093 897 1094 1095 1092 1089 1097 
898 901 1093 896 1094 532 1088 927 903 
897 903 901 927 533 532 926 921 900 
3 3 3 3 3 3 3 3 3 
1092 569 901 907 1118 570 573 572 571 
897 898 903 1092 907 900 927 533 532 
926 903 907 924 905 921 927 922 920 
898 902 907 927 901 926 921 924 905 
905 565 566 562 923 922 912 925 564 
924 904 925 907 923 906 902 566 562 
907 566 568 905 569 567 571 900 902 
903 902 901 906 900 905 568 569 566 
3 3 3 3 3 3 3 3 3 
3 3 3 3 3 3 3 3 3 
3 3 3 3 3 3 3 3 3 
3 3 3 3 3 3 3 3 3 
913 914 917 923 562 916 904 922 905 
912 922 920 914 528 923 924 925 915 
912 915 913 528 529 920 862 531 923 
917 914 599 592 597 528 596 594 593 
917 561 947 912 562 594 563 904 923 
915 916 912 592 594 597 596 593 562 
3 3 3 3 3 3 3 3 3 
3 3 3 3 3 3 3 3 3 
922 921 924 913 528 531 923 925 926 
924 920 927 531 926 903 902 922 925 
923 920 913 924 925 904 562 905 912 
922 562 912 925 904 905 566 565 924 
926 925 921 920 905 902 922 923 913 
924 905 923 922 920 913 904 562 912 
902 924 927 903 921 531 920 898 907 
926 903 921 898 533 924 902 907 901 
929 303 637 938 639 930 933 636 618 
928 938 930 933 303 932 931 637 639 
931 932 929 933 303 610 611 959 302 
932 300 930 611 608 303 301 609 265 
931 611 610 930 959 933 303 929 626 
959 958 930 932 943 937 938 929 303 
3 3 3 3 3 3 3 3 3 
3 3 3 3 3 3 3 3 3 
938 940 937 635 637 943 941 933 928 
936 940 941 933 938 943 635 637 954 
936 929 637 928 937 933 940 635 639 
3 3 3 3 3 3 3 3 3 
936 941 937 586 635 585 938 637 943 
940 586 937 943 936 933 938 585 942 
943 585 586 594 584 947 596 953 589 
942 957 954 958 933 952 955 937 586 
946 945 561 947 560 564 563 854 949 
944 946 520 854 560 564 858 861 521 
944 949 945 947 948 854 520 66 855 
944 946 948 916 942 561 594 854 949 
949 953 947 946 67 854 945 944 942 
946 948 66 67 854 839 838 836 64 
3 3 3 3 3 3 3 3 3 
3 3 3 3 3 3 3 3 3 
955 953 954 68 956 67 943 81 87 
952 948 942 946 67 949 947 584 586 
955 952 956 943 68 959 957 87 958 
952 954 943 956 958 937 586 933 942 
957 954 952 87 959 68 81 73 69 
956 958 943 959 933 68 954 952 87 
957 959 933 943 610 624 932 956 954 
958 933 932 610 956 624 611 626 86 
963 961 171 1002 996 962 170 174 1000 
960 962 171 174 170 1002 169 168 165 
174 961 980 165 960 963 171 169 168 
960 965 970 980 964 996 962 969 971 
965 996 963 967 998 999 960 997 1003 
964 963 970 967 966 971 996 999 998 
967 968 970 965 971 969 978 963 980 
966 968 965 998 964 994 969 978 971 
969 967 971 966 978 970 965 980 964 
968 978 971 980 962 981 963 966 967 
971 963 965 966 980 962 960 996 964 
970 980 968 969 966 978 962 981 963 
3 3 3 3 3 3 3 3 3 
3 3 3 3 3 3 3 3 3 
3 3 3 3 3 3 3 3 3 
3 3 3 3 3 3 3 3 3 
977 988 981 164 166 989 165 980 978 
978 976 988 1022 981 164 989 166 991 
977 980 969 968 1022 981 995 994 976 
3 3 3 3 3 3 3 3 3 
971 981 978 963 962 969 968 970 966 
980 976 978 165 977 164 989 166 988 
3 3 3 3 3 3 3 3 3 
3 3 3 3 3 3 3 3 3 
990 986 985 989 147 976 988 166 167 
984 229 986 226 989 990 147 224 225 
984 150 151 985 147 226 146 989 990 
3 3 3 3 3 3 3 3 3 
989 976 977 1022 991 164 981 166 978 
988 990 167 984 147 166 976 991 985 
989 984 991 229 985 986 147 988 228 
1012 228 234 990 1022 988 229 989 976 
1017 993 1018 999 994 998 995 1016 1021 
992 1018 995 994 1017 999 998 1016 1023 
998 995 993 992 967 978 1017 999 1018 
994 1023 993 1022 1018 978 988 977 1012 
1003 964 997 999 963 960 171 1002 962 
1003 1021 999 1001 1002 996 1010 170 171 
994 999 967 964 992 993 1017 1018 996 
997 1017 998 992 996 964 993 994 1018 
1002 1001 210 1011 170 136 171 168 137 
1000 997 1011 1002 170 210 171 960 1003 
1000 1003 997 171 170 960 1001 136 168 
997 996 1002 170 171 1000 960 1001 964 
3 3 3 3 3 3 3 3 3 
3 3 3 3 3 3 3 3 3 
3 3 3 3 3 3 3 3 3 
3 3 3 3 3 3 3 3 3 
1013 1009 1010 1023 232 1020 239 997 1021 
1008 1020 1021 1010 232 239 997 1011 1023 
1008 1011 1021 239 997 1009 232 234 233 
1010 210 217 1001 239 1000 216 236 218 
1013 234 991 1022 988 977 1023 978 995 
1008 1012 1022 234 1023 232 991 988 977 
3 3 3 3 3 3 3 3 3 
3 3 3 3 3 3 3 3 3 
1018 1021 1020 1017 1023 1009 1008 992 993 
992 1016 1018 999 1021 993 994 998 1020 
1016 1023 992 1017 993 995 994 999 998 
3 3 3 3 3 3 3 3 3 
1021 1009 1023 1016 1008 1010 232 1013 1022 
1016 1020 1009 997 1010 1017 232 239 1011 
1013 1023 1012 978 995 988 977 991 976 
1018 1020 1022 995 1013 1008 1016 1009 1021 
1030 1026 1025 867 1034 1031 1033 866 865 
1026 1024 892 1034 893 1030 867 872 873 
1024 867 1025 865 873 864 1030 1034 800 
3 3 3 3 3 3 3 3 3 
1029 826 870 1036 868 871 866 869 1031 
1028 1031 1036 868 866 871 869 870 826 
1033 1024 1031 867 1034 1026 1025 1044 893 
1030 1029 866 1036 1032 1033 868 1037 869 
1033 1037 1036 1031 1028 1029 824 1030 1044 
1030 1032 1034 1037 1044 1031 1036 1024 867 
1033 893 1044 1024 1030 1045 1025 867 1026 
3 3 3 3 3 3 3 3 3 
824 1032 1031 1028 1029 1037 1033 868 870 
1038 1032 1033 1041 825 824 1036 1031 1028 
1037 1044 1043 1042 1041 1033 1034 1045 1040 
3 3 3 3 3 3 3 3 3 
891 889 1041 872 875 873 892 874 888 
881 1038 1037 875 889 1040 1042 825 883 
1043 1054 881 1038 1041 1052 880 1055 1040 
1042 1045 1054 1038 893 1053 452 1044 1052 
1045 1038 1033 1034 1043 1032 1030 1031 1037 
1043 1044 893 1034 1033 1038 1024 1030 1025 
3 3 3 3 3 3 3 3 3 
3 3 3 3 3 3 3 3 3 
1052 1049 884 459 1050 885 458 451 1053 
1050 459 1048 458 460 451 456 468 1052 
1049 469 456 464 465 884 1048 466 887 
3 3 3 3 3 3 3 3 3 
1053 1048 459 1055 1054 885 880 1042 1043 
1052 452 453 451 1043 459 448 893 458 
1055 1042 1043 880 1052 1048 459 1053 885 
1052 1054 885 882 880 883 1042 1043 881 
3 3 3 3 3 3 3 3 3 
3 3 3 3 3 3 3 3 3 
3 3 3 3 3 3 3 3 3 
3 3 3 3 3 3 3 3 3 
3 3 3 3 3 3 3 3 3 
3 3 3 3 3 3 3 3 3 
3 3 3 3 3 3 3 3 3 
3 3 3 3 3 3 3 3 3 
3 3 3 3 3 3 3 3 3 
3 3 3 3 3 3 3 3 3 
3 3 3 3 3 3 3 3 3 
3 3 3 3 3 3 3 3 3 
3 3 3 3 3 3 3 3 3 
3 3 3 3 3 3 3 3 3 
3 3 3 3 3 3 3 3 3 
3 3 3 3 3 3 3 3 3 
3 3 3 3 3 3 3 3 3 
3 3 3 3 3 3 3 3 3 
3 3 3 3 3 3 3 3 3 
3 3 3 3 3 3 3 3 3 
3 3 3 3 3 3 3 3 3 
3 3 3 3 3 3 3 3 3 
3 3 3 3 3 3 3 3 3 
3 3 3 3 3 3 3 3 3 
3 3 3 3 3 3 3 3 3 
3 3 3 3 3 3 3 3 3 
3 3 3 3 3 3 3 3 3 
3 3 3 3 3 3 3 3 3 
3 3 3 3 3 3 3 3 3 
3 3 3 3 3 3 3 3 3 
3 3 3 3 3 3 3 3 3 
3 3 3 3 3 3 3 3 3 
896 1089 548 534 549 1091 532 1090 545 
1088 1090 1109 1094 896 1095 1092 1097 1093 
1089 1091 1108 1109 1088 552 1106 554 1095 
549 553 1090 557 1108 552 1088 194 559 
1093 1094 900 1096 901 896 1095 1089 1097 
1092 1094 897 896 1095 1089 1097 532 1088 
1092 1093 1095 1097 896 1089 532 897 1088 
1097 1094 1098 1109 896 1092 1089 1093 1106 
1097 1092 1118 1116 570 572 1119 900 1115 
1096 1098 1095 1115 1094 1116 896 1092 1089 
1097 1115 1095 1114 1112 1113 1104 202 1105 
3 3 3 3 3 3 3 3 3 
3 3 3 3 3 3 3 3 3 
3 3 3 3 3 3 3 3 3 
3 3 3 3 3 3 3 3 3 
3 3 3 3 3 3 3 3 3 
202 1106 1105 201 1112 554 1109 1108 1107 
1104 1106 1109 1113 1112 201 554 1108 1107 
1108 1104 1107 554 201 1105 1109 202 200 
201 554 200 1106 194 1109 1104 1108 1105 
1106 1109 554 1091 1090 552 194 559 553 
1089 1108 1113 1106 1095 1105 1090 201 554 
3 3 3 3 3 3 3 3 3 
3 3 3 3 3 3 3 3 3 
1114 1113 1098 1105 1104 202 144 203 1115 
1112 1109 1098 1105 1114 1104 202 1106 1090 
1117 1115 144 1112 1098 202 203 130 149 
1098 1114 1116 1097 1117 144 1112 202 203 
1117 1115 130 139 1119 1118 1097 1096 570 
1116 1114 130 144 1115 149 145 203 1112 
1119 570 1116 1096 572 900 573 571 575 
1118 139 1116 212 572 570 573 575 1096 
3 3 3 3 3 3 3 3 3 
3 3 3 3 3 3 3 3 3 
3 3 3 3 3 3 3 3 3 
3 3 3 3 3 3 3 3 3 
3 3 3 3 3 3 3 3 3 
3 3 3 3 3 3 3 3 3 
3 3 3 3 3 3 3 3 3 
3 3 3 3 3 3 3 3 3 
3 3 3 3 3 3 3 3 3 
3 3 3 3 3 3 3 3 3 
3 3 3 3 3 3 3 3 3 
3 3 3 3 3 3 3 3 3 
3 3 3 3 3 3 3 3 3 
3 3 3 3 3 3 3 3 3 
3 3 3 3 3 3 3 3 3 
3 3 3 3 3 3 3 3 3 
3 3 3 3 3 3 3 3 3 
3 3 3 3 3 3 3 3 3 
3 3 3 3 3 3 3 3 3 
3 3 3 3 3 3 3 3 3 
3 3 3 3 3 3 3 3 3 
3 3 3 3 3 3 3 3 3 
3 3 3 3 3 3 3 3 3 
3 3 3 3 3 3 3 3 3 
3 3 3 3 3 3 3 3 3 
3 3 3 3 3 3 3 3 3 
3 3 3 3 3 3 3 3 3 
3 3 3 3 3 3 3 3 3 
3 3 3 3 3 3 3 3 3 
3 3 3 3 3 3 3 3 3 
3 3 3 3 3 3 3 3 3 
3 3 3 3 3 3 3 3 3 
389 1153 416 1157 388 1160 1161 417 1154 
1154 1152 416 417 1157 1156 388 389 418 
1153 1159 418 421 1156 420 338 337 427 
3 3 3 3 3 3 3 3 3 
1157 1163 1159 1154 1162 1153 1152 417 416 
1156 388 1162 1152 1153 389 416 1160 1161 
1159 363 365 1163 323 326 322 327 321 
1158 1156 1154 364 1163 337 336 365 1162 
1162 1161 388 1174 1175 1152 1157 389 1163 
1160 1164 388 1165 389 394 1162 1174 1175 
1160 1157 1163 1174 1181 330 1156 327 388 
1156 1159 327 1162 323 1158 1160 1157 1174 
1165 1161 394 393 392 409 400 1160 388 
1164 1166 1161 1170 1175 401 400 392 393 
1167 1165 401 1170 403 1164 1161 1175 400 
1166 405 1168 1169 1170 1173 1165 401 403 
1169 1167 1170 1173 1165 1172 1166 1175 1178 
1168 405 1178 1167 1173 1170 1172 1179 404 
1168 1165 1166 1167 1175 1172 1169 1173 1164 
3 3 3 3 3 3 3 3 3 
1173 1182 1179 1183 1175 1170 1168 1165 1166 
1172 1179 1168 1178 1169 1170 1167 1183 1182 
1175 1160 1162 1183 1181 1180 388 1161 1182 
1174 1183 1172 1170 1165 1160 388 1162 1161 
1179 1177 426 1182 429 424 427 425 351 
331 1176 426 351 329 424 427 425 350 
1179 405 429 1169 404 1173 402 403 1168 
1178 1173 1172 1182 1176 1170 1183 1175 426 
1181 1182 1183 1174 1172 1175 328 1162 330 
1180 328 1162 1182 1174 330 1183 329 1160 
1183 1172 1180 1179 1176 1181 329 328 1174 
1182 1172 1175 1180 1174 1181 1170 1173 1179 
3 3 3 3 3 3 3 3 3 
3 3 3 3 3 3 3 3 3 
3 3 3 3 3 3 3 3 3 
3 3 3 3 3 3 3 3 3 
3 3 3 3 3 3 3 3 3 
3 3 3 3 3 3 3 3 3 
3 3 3 3 3 3 3 3 3 
3 3 3 3 3 3 3 3 3 
3 3 3 3 3 3 3 3 3 
3 3 3 3 3 3 3 3 3 
3 3 3 3 3 3 3 3 3 
3 3 3 3 3 3 3 3 3 
3 3 3 3 3 3 3 3 3 
3 3 3 3 3 3 3 3 3 
3 3 3 3 3 3 3 3 3 
3 3 3 3 3 3 3 3 3 
3 3 3 3 3 3 3 3 3 
3 3 3 3 3 3 3 3 3 
3 3 3 3 3 3 3 3 3 
3 3 3 3 3 3 3 3 3 
3 3 3 3 3 3 3 3 3 
3 3 3 3 3 3 3 3 3 
3 3 3 3 3 3 3 3 3 
3 3 3 3 3 3 3 3 3 
3 3 3 3 3 3 3 3 3 
3 3 3 3 3 3 3 3 3 
3 3 3 3 3 3 3 3 3 
3 3 3 3 3 3 3 3 3 
3 3 3 3 3 3 3 3 3 
3 3 3 3 3 3 3 3 3 
3 3 3 3 3 3 3 3 3 
3 3 3 3 3 3 3 3 3 
