49 1 46 2 47 44 50 52 4 
47 46 2 0 48 49 4 6 5 
1 52 0 4 50 49 51 54 53 
3 3 3 3 3 3 3 3 3 
5 48 52 59 2 53 1 50 54 
4 6 48 39 59 49 1 36 51 
5 51 36 39 49 48 4 1 59 
3 3 3 3 3 3 3 3 3 
10 69 9 13 12 61 14 62 60 
8 13 12 14 61 69 10 34 35 
8 60 62 61 9 63 13 69 14 
3 3 3 3 3 3 3 3 3 
69 13 9 34 35 56 68 8 32 
14 12 9 35 63 8 62 69 60 
13 63 61 9 62 60 10 8 12 
3 3 3 3 3 3 3 3 3 
17 18 38 22 40 39 58 59 20 
16 22 18 41 39 38 40 6 58 
16 17 58 39 40 41 38 59 20 
3 3 3 3 3 3 3 3 3 
41 21 73 40 72 22 16 18 25 
22 26 20 40 73 72 16 18 41 
21 41 72 17 16 40 20 18 73 
3 3 3 3 3 3 3 3 3 
25 26 72 73 21 20 22 40 41 
24 73 72 26 21 20 22 40 41 
21 24 72 73 25 20 40 22 41 
3 3 3 3 3 3 3 3 3 
29 65 55 30 64 54 51 50 52 
28 30 55 65 64 54 51 50 52 
29 28 65 55 64 54 51 50 52 
3 3 3 3 3 3 3 3 3 
53 34 33 35 59 56 68 57 12 
34 32 56 57 53 68 35 59 69 
69 68 32 33 35 12 53 59 56 
13 34 56 32 59 12 57 69 33 
39 6 53 51 37 58 48 5 49 
36 53 57 58 59 38 39 18 32 
39 16 58 18 59 6 36 17 5 
38 36 5 17 6 16 18 58 59 
41 21 20 16 22 18 73 72 38 
20 40 22 17 18 16 21 73 72 
3 3 3 3 3 3 3 3 3 
3 3 3 3 3 3 3 3 3 
45 47 46 0 1 2 49 48 4 
44 46 47 0 1 2 49 48 4 
47 1 0 44 2 49 48 4 45 
46 44 1 0 45 48 4 2 49 
49 4 5 6 1 39 36 51 52 
48 50 51 0 6 2 1 52 54 
49 51 2 52 54 4 53 0 1 
64 54 49 6 36 50 53 65 52 
4 53 2 54 50 51 49 48 5 
32 36 52 37 33 54 4 59 51 
51 64 52 53 65 55 50 2 49 
65 28 29 64 54 51 30 50 52 
57 68 35 33 69 34 59 37 32 
56 33 35 37 59 68 69 32 38 
36 59 38 18 39 37 16 6 17 
58 4 35 32 53 5 38 39 37 
61 10 62 63 13 8 9 14 12 
60 63 14 9 10 62 13 8 12 
63 60 13 10 61 14 9 8 12 
62 14 61 13 60 10 9 8 12 
51 65 54 55 28 29 50 6 36 
28 55 29 64 54 51 30 50 52 
3 3 3 3 3 3 3 3 3 
3 3 3 3 3 3 3 3 3 
69 56 34 33 57 35 32 53 8 
12 68 8 34 9 35 13 56 57 
3 3 3 3 3 3 3 3 3 
3 3 3 3 3 3 3 3 3 
73 24 26 22 25 20 21 40 41 
72 25 20 26 21 40 41 22 24 
3 3 3 3 3 3 3 3 3 
3 3 3 3 3 3 3 3 3 
